0 0.044056 0.662813 0.082814 0.087500
0 0.043471 0.596582 0.055854 0.048086
0 0.018356 0.346600 0.036712 0.081801
0 0.063275 0.321875 0.100002 0.106250
0 0.117964 0.112946 0.093751 0.067860
0 0.198187 0.032813 0.082902 0.065625
0 0.378155 0.088046 0.082735 0.095782
0 0.462754 0.126765 0.077082 0.091029
0 0.542181 0.089844 0.098437 0.104688
0 0.611187 0.050518 0.083326 0.101036
0 0.662492 0.030469 0.076563 0.060937
0 0.810233 0.218750 0.079016 0.090625
0 0.906243 0.388281 0.073438 0.070313
0 0.854513 0.431845 0.076901 0.079315
0 0.404683 0.403906 0.101562 0.098438
0 0.304681 0.249219 0.098437 0.085937
0 0.374993 0.467969 0.104688 0.114062
0 0.519527 0.603906 0.103123 0.107813
0 0.347648 0.670928 0.074998 0.085606
0 0.408588 0.650907 0.049999 0.063472
0 0.354779 0.810407 0.082614 0.086439
0 0.434368 0.820098 0.064061 0.075429
0 0.123430 0.684375 0.073437 0.087500
0 0.682642 0.808290 0.101036 0.093264
0 0.557642 0.834092 0.071244 0.049433
0 0.387690 0.923437 0.076952 0.081250
0 0.464058 0.213083 0.070312 0.073834