0 0.133143 0.601969 0.146349 0.162956
0 0.260292 0.582247 0.116250 0.138044
0 0.376542 0.677737 0.078885 0.057087
0 0.282086 0.992223 0.060198 0.015553
0 0.262886 0.984439 0.046709 0.031122
0 0.762651 0.954338 0.114172 0.091323
0 0.745003 0.599894 0.091340 0.102756
0 0.609037 0.503884 0.097567 0.099641
0 0.745003 0.396459 0.078885 0.073694
0 0.790156 0.434344 0.034254 0.085109
0 0.852431 0.761291 0.094451 0.068503
0 0.905367 0.846919 0.079919 0.079922
0 0.893946 0.902450 0.055009 0.043594
0 0.964879 0.766481 0.070242 0.103794
0 0.457499 0.762328 0.068503 0.053972
0 0.113943 0.977692 0.058125 0.044616