0 0.795621 0.083003 0.080957 0.079922
0 0.703764 0.130228 0.088224 0.080959
0 0.397056 0.064322 0.087185 0.086147
0 0.062322 0.016333 0.088224 0.032666
0 0.168711 0.050309 0.037365 0.066428
0 0.246553 0.212225 0.076807 0.074731
0 0.309866 0.261009 0.076807 0.074731
0 0.052978 0.537097 0.088224 0.078881
0 0.847513 0.279691 0.080957 0.078881
0 0.815859 0.325878 0.069541 0.079922
0 0.952864 0.301488 0.065391 0.056047
0 0.848552 0.437456 0.074730 0.074731
0 0.801848 0.420850 0.035288 0.053972
0 0.790949 0.447838 0.040481 0.053972
0 0.739573 0.441091 0.064352 0.059162
0 0.915499 0.691231 0.065391 0.079922
0 0.862567 0.715103 0.040481 0.052934
0 0.952347 0.731709 0.058125 0.061237
0 0.931070 0.796063 0.036326 0.036328
0 0.890072 0.784125 0.045670 0.041519
0 0.715180 0.707838 0.079919 0.086147
0 0.654461 0.813706 0.062275 0.065391
0 0.639928 0.748316 0.058125 0.055009
0 0.565198 0.705763 0.060198 0.063312
0 0.522645 0.667359 0.056047 0.044631
0 0.468153 0.642447 0.079919 0.079922
0 0.315060 0.623766 0.066430 0.071616
0 0.271984 0.613906 0.061236 0.070578
0 0.044396 0.719256 0.088788 0.088225
0 0.350864 0.810075 0.092374 0.085109
0 0.522645 0.824084 0.064352 0.057087
0 0.529911 0.929434 0.099640 0.087188
0 0.820009 0.953828 0.063314 0.059162
0 0.870351 0.989628 0.078885 0.020744
0 0.601525 0.190947 0.080957 0.075769
0 0.792505 0.566159 0.062275 0.062275
0 0.736457 0.553187 0.041515 0.042556
0 0.967352 0.503884 0.065296 0.058125
0 0.451026 0.449394 0.068503 0.079922
0 0.613463 0.379331 0.061236 0.072656