0 0.081031 0.553881 0.112645 0.088678
0 0.371026 0.214994 0.122228 0.112644
0 0.054404 0.191025 0.085492 0.088678
0 0.934965 0.668922 0.095866 0.088678
0 0.872652 0.712063 0.081489 0.079091
0 0.688107 0.938550 0.100660 0.091075
0 0.652156 0.792353 0.115042 0.086281
0 0.594638 0.891813 0.086283 0.088678
0 0.517943 0.957291 0.105454 0.085417
0 0.938560 0.009831 0.069504 0.019662
0 0.986656 0.025410 0.026688 0.050820
0 0.952942 0.049622 0.055122 0.069503
0 0.889249 0.906736 0.068653 0.075130
0 0.167746 0.091321 0.084197 0.099741