0 0.022668 0.956606 0.045336 0.086788
0 0.379534 0.745466 0.069948 0.058290
0 0.786269 0.789508 0.095855 0.117876
0 0.618391 0.590674 0.102597 0.108808
0 0.555603 0.606865 0.087890 0.102332
0 0.082266 0.491447 0.101426 0.095344
0 0.217617 0.208549 0.098446 0.108808
0 0.604275 0.378238 0.102332 0.103627
0 0.869607 0.335951 0.136434 0.130451
0 0.588083 0.226323 0.116580 0.118448
0 0.834197 0.105570 0.124352 0.112694
0 0.258420 0.241580 0.068653 0.094560
0 0.133420 0.159326 0.056995 0.077720
0 0.858161 0.862694 0.073834 0.082902