0 0.265460 0.031990 0.131558 0.063980
0 0.105153 0.072834 0.100510 0.091078
0 0.990719 0.337669 0.018562 0.057277
0 0.957404 0.407422 0.037948 0.049334
0 0.988190 0.533919 0.023620 0.102463
0 0.955932 0.486481 0.088136 0.106259
0 0.905539 0.500397 0.070838 0.086019
0 0.374881 0.377062 0.117641 0.099934
0 0.190829 0.397934 0.043010 0.080959
0 0.129475 0.396669 0.077165 0.078428
0 0.141493 0.514313 0.103729 0.098669
0 0.933368 0.647134 0.078429 0.086019
0 0.040711 0.062608 0.045645 0.069701
0 0.977733 0.308105 0.044534 0.061066
0 0.885455 0.881137 0.059832 0.057365