0 0.690924 0.732397 0.109148 0.098753
0 0.971499 0.559946 0.057001 0.089952
0 0.187196 0.639216 0.061504 0.078950
0 0.113633 0.626242 0.092551 0.078909
0 0.981462 0.307069 0.037076 0.084894
0 0.964137 0.262025 0.071726 0.077962
0 0.308314 0.325907 0.085444 0.081865
0 0.232673 0.320497 0.077964 0.084025
0 0.186331 0.255959 0.084027 0.083159
0 0.100730 0.268905 0.096467 0.091723
0 0.024948 0.393259 0.049895 0.085759
0 0.606897 0.068416 0.090090 0.084025
0 0.552753 0.014934 0.094423 0.029867
0 0.454866 0.014068 0.120409 0.028136
0 0.479555 0.071447 0.102216 0.097019
0 0.427589 0.076030 0.088338 0.094054
0 0.816526 0.030094 0.079693 0.060188
0 0.797905 0.058453 0.070166 0.058906
0 0.065490 0.011036 0.083162 0.022072
0 0.084197 0.051166 0.044041 0.066062
0 0.024611 0.902850 0.049222 0.119171
0 0.196244 0.768135 0.066062 0.075130
0 0.771373 0.746762 0.068653 0.091969
0 0.653497 0.084845 0.045337 0.063472
0 0.926166 0.283679 0.031088 0.059585
0 0.899611 0.248057 0.053109 0.037565
0 0.708549 0.376295 0.072539 0.063472
0 0.752591 0.488990 0.056995 0.073834