0 0.037694 0.224401 0.075388 0.088698
0 0.104292 0.213281 0.076563 0.092188
0 0.222262 0.030469 0.112499 0.060937
0 0.063670 0.343750 0.085940 0.078125
0 0.124605 0.431250 0.098437 0.103125
0 0.236717 0.659650 0.075789 0.069301
0 0.183001 0.622547 0.062893 0.061156
0 0.020507 0.802344 0.041013 0.089062
0 0.025259 0.722656 0.050518 0.076563
0 0.722262 0.166406 0.078123 0.070313
0 0.781637 0.203125 0.074998 0.068750
0 0.724175 0.211605 0.064930 0.063836
0 0.500648 0.752591 0.084197 0.062176
0 0.369819 0.014896 0.081606 0.029792
0 0.663860 0.920984 0.073834 0.075130