0 0.032456 0.362459 0.064912 0.100319
0 0.115952 0.966784 0.077437 0.066431
0 0.313070 0.013593 0.073917 0.027186
0 0.426585 0.022393 0.107357 0.044786
0 0.454747 0.101103 0.103837 0.123197
0 0.386108 0.099344 0.047517 0.066878
0 0.320111 0.145984 0.102079 0.100319
0 0.035975 0.244541 0.071950 0.107359
0 0.563862 0.407338 0.068639 0.073919
0 0.641304 0.459256 0.086240 0.096797
0 0.382588 0.470697 0.079200 0.077438
0 0.320111 0.615894 0.087998 0.089759
0 0.104513 0.655494 0.075679 0.077438
0 0.413387 0.638775 0.077437 0.089759
0 0.592904 0.722372 0.077437 0.084478
0 0.846337 0.571016 0.095039 0.095037
0 0.942259 0.379178 0.075679 0.066878
0 0.984769 0.391500 0.030462 0.052800
0 0.721383 0.971409 0.063361 0.054559