0 0.000224 0.373787 0.000448 0.104816
0 0.019430 0.543394 0.038860 0.055699
0 0.088159 0.573928 0.090521 0.085681
0 0.047230 0.678666 0.076229 0.085673
0 0.000659 0.709025 0.001318 0.071900
0 0.332902 0.610706 0.075130 0.074497
0 0.442669 0.592516 0.064968 0.069300
0 0.501142 0.559166 0.064103 0.056306
0 0.551340 0.599217 0.055351 0.071491
0 0.502444 0.617637 0.070166 0.071031
0 0.589934 0.637128 0.078828 0.078828
0 0.559615 0.685203 0.061504 0.067569
0 0.463894 0.655753 0.076229 0.077963
0 0.427944 0.715956 0.085761 0.089225
0 0.389818 0.755009 0.059742 0.065112
0 0.100634 0.892724 0.102822 0.092791
0 0.047280 0.846503 0.053109 0.068653
0 0.168590 0.791894 0.095463 0.096741
0 0.183662 0.946985 0.101351 0.106030
0 0.272021 0.950777 0.103627 0.098446
0 0.896531 0.496930 0.065083 0.056037
0 0.330311 0.670984 0.067358 0.054404
0 0.375000 0.571244 0.032383 0.044041
0 0.752591 0.788860 0.051813 0.064767