0 0.173120 0.034375 0.101562 0.068750
0 0.280933 0.047656 0.114064 0.095312
0 0.259839 0.102344 0.112499 0.073437
0 0.040857 0.221094 0.081714 0.107812
0 0.137179 0.282031 0.101562 0.098437
0 0.055930 0.431250 0.110939 0.112500
0 0.226841 0.562824 0.090987 0.079016
0 0.211401 0.788281 0.078123 0.085938
0 0.163743 0.896094 0.076563 0.079688
0 0.143430 0.947656 0.082814 0.070312
0 0.326246 0.503629 0.076563 0.074616
0 0.320775 0.635469 0.081249 0.073437
0 0.318005 0.755829 0.073834 0.063472
0 0.102332 0.027850 0.077720 0.055699