0 0.786799 0.056537 0.025949 0.056047
0 0.742168 0.051866 0.073691 0.071616
0 0.715697 0.079372 0.068503 0.058125
0 0.646156 0.074181 0.062275 0.060200
0 0.604119 0.121406 0.063314 0.065391
0 0.528872 0.095459 0.068502 0.075769
0 0.465559 0.060169 0.072657 0.071616
0 0.464520 0.016333 0.078885 0.032666
0 0.203999 0.136975 0.085112 0.081997
0 0.147430 0.103244 0.102756 0.093413
0 0.065433 0.139053 0.098601 0.077844
0 0.218010 0.221569 0.073691 0.091338
0 0.048546 0.223644 0.097092 0.083034
0 0.485280 0.297856 0.087185 0.073694
0 0.571426 0.277616 0.064352 0.060200
0 0.590630 0.384003 0.090301 0.084072
0 0.448949 0.421888 0.080957 0.083034
0 0.393423 0.677737 0.067464 0.061237
0 0.528351 0.700053 0.077846 0.070578
0 0.476458 0.816819 0.084074 0.088225
0 0.532505 0.943447 0.067464 0.086147
0 0.592703 0.962123 0.081996 0.075753
0 0.707397 0.966795 0.074730 0.066410
0 0.762923 0.942928 0.088224 0.068503
0 0.781605 0.754544 0.050859 0.055009
0 0.966314 0.946562 0.067372 0.071616
0 0.948197 0.983401 0.078885 0.033198
0 0.855301 0.987552 0.075769 0.024895
0 0.887477 0.865603 0.063314 0.055009
0 0.022021 0.516192 0.044041 0.050518