0 0.145348 0.537164 0.079770 0.083703
0 0.270078 0.524611 0.060881 0.059585
0 0.284361 0.219847 0.060950 0.082181
0 0.342963 0.222818 0.081249 0.069989
0 0.337493 0.021875 0.082814 0.043750
0 0.723118 0.183594 0.079689 0.082812
0 0.722150 0.114844 0.066062 0.064063
0 0.811841 0.055760 0.060256 0.064645
0 0.862962 0.150000 0.087500 0.087500
0 0.806371 0.222656 0.071195 0.079687
0 0.704370 0.251563 0.089060 0.084375
0 0.712958 0.403906 0.099990 0.095313
0 0.659326 0.321891 0.062176 0.055699
0 0.480932 0.346503 0.089060 0.084197
0 0.666088 0.706720 0.090625 0.074061
0 0.593431 0.789063 0.085940 0.081250
0 0.508277 0.749834 0.078123 0.072207
0 0.795791 0.835938 0.081219 0.096875
0 0.837183 0.868750 0.079689 0.081250
0 0.888898 0.937500 0.073133 0.081250
0 0.928588 0.871539 0.081249 0.085047
0 0.786008 0.719045 0.052337 0.065034
0 0.940337 0.475389 0.082746 0.085492
0 0.952328 0.134913 0.075641 0.083298