0 0.433178 0.906531 0.111747 0.123875
0 0.420182 0.963445 0.115211 0.073109
0 0.532362 0.950884 0.102216 0.098232
0 0.567015 0.986399 0.107414 0.027202
0 0.675205 0.943781 0.121092 0.106550
0 0.605127 0.940316 0.105684 0.116944
0 0.952720 0.961788 0.094560 0.076424
0 0.524569 0.778325 0.097022 0.090956
0 0.329016 0.682109 0.090674 0.104693
0 0.224846 0.645516 0.109148 0.107095
0 0.045288 0.801281 0.090576 0.126472
0 0.126959 0.858453 0.128207 0.112612
0 0.096207 0.900034 0.144666 0.114344
0 0.502828 0.447419 0.098920 0.108281
0 0.332661 0.601684 0.103146 0.107513
0 0.658402 0.435291 0.122144 0.110013
0 0.705959 0.367291 0.072539 0.084894
0 0.976680 0.293225 0.046640 0.118675
0 0.973446 0.362094 0.053108 0.109147
0 0.306995 0.781088 0.072539 0.077720
0 0.931995 0.193653 0.107513 0.104922
0 0.851036 0.119171 0.036269 0.095855
0 0.663212 0.772021 0.077720 0.103627
0 0.849741 0.710492 0.080311 0.138601
0 0.701425 0.681347 0.068653 0.095855
0 0.586788 0.687176 0.069948 0.097150
0 0.472150 0.836140 0.071244 0.047927
0 0.352332 0.903497 0.075130 0.053109
0 0.891839 0.397021 0.068653 0.032383
0 0.939119 0.298575 0.054404 0.058290
0 0.655440 0.882124 0.095855 0.062176