0 0.198834 0.982513 0.058290 0.034974
0 0.313472 0.985751 0.075130 0.028497
0 0.444301 0.938492 0.080311 0.081647
0 0.490933 0.794643 0.072539 0.071151
0 0.637420 0.678379 0.087855 0.065521
0 0.429688 0.591863 0.067957 0.064913
0 0.370350 0.577663 0.060856 0.062884
0 0.981218 0.073056 0.037564 0.094328
0 0.736504 0.116162 0.103456 0.083172
0 0.560881 0.920984 0.072539 0.072539
0 0.626943 0.830959 0.044041 0.058290
0 0.852332 0.082902 0.077720 0.090674
0 0.914508 0.143782 0.082902 0.085492
0 0.857513 0.011010 0.064767 0.022020