0 0.200777 0.265544 0.072539 0.093264
0 0.238473 0.264922 0.074868 0.081658
0 0.443653 0.360751 0.089378 0.086788
0 0.387953 0.378950 0.081606 0.089225
0 0.446167 0.643103 0.076272 0.084134
0 0.528497 0.625000 0.085492 0.076425
0 0.571871 0.774798 0.102371 0.101410
0 0.082254 0.664949 0.094560 0.094146
0 0.294039 0.893924 0.080316 0.083184
0 0.354275 0.780485 0.086788 0.091880
0 0.417098 0.713083 0.069948 0.066062
0 0.712435 0.909326 0.075130 0.080311
0 0.742876 0.113342 0.086788 0.081606
0 0.962435 0.220855 0.075130 0.068653
0 0.250648 0.775907 0.066062 0.059585