0 0.019332 0.726031 0.038663 0.098603
0 0.090558 0.638328 0.099640 0.112097
0 0.203175 0.463434 0.102756 0.111059
0 0.050988 0.394931 0.101976 0.115209
0 0.000129 0.320722 0.000257 0.095491
0 0.064610 0.230422 0.087185 0.110022
0 0.150760 0.212256 0.103795 0.117288
0 0.246250 0.122994 0.076807 0.117287
0 0.333435 0.084591 0.114172 0.123512
0 0.309564 0.265709 0.068503 0.070578
0 0.311637 0.309303 0.068502 0.039441
0 0.404532 0.392337 0.102756 0.101716
0 0.606928 0.466550 0.096529 0.096528
0 0.561259 0.511700 0.079919 0.051897
0 0.631321 0.420362 0.093413 0.087187
0 0.712796 0.302556 0.061236 0.094453
0 0.763655 0.288544 0.086146 0.089263
0 0.763655 0.216928 0.073691 0.049822
0 0.839423 0.207066 0.086146 0.079922
0 0.811402 0.136487 0.113134 0.111059
0 0.848767 0.053972 0.125589 0.107944
0 0.789086 0.019203 0.043592 0.038403
0 0.971351 0.076806 0.057298 0.076806
0 0.962008 0.157247 0.075984 0.073694
0 0.867966 0.593697 0.085112 0.093412
0 0.565930 0.910784 0.085112 0.084072
0 0.560742 0.978486 0.076807 0.043028
0 0.587207 0.683997 0.075769 0.097566
0 0.052676 0.897291 0.088224 0.069541
0 0.323575 0.952300 0.096529 0.079922
0 0.049430 0.982638 0.098860 0.034724