0 0.018982 0.118750 0.037963 0.093750
0 0.016636 0.651563 0.033272 0.062500
0 0.963045 0.939375 0.073910 0.071875
0 0.966170 0.833125 0.067660 0.071875
0 0.926869 0.840938 0.070312 0.068750
0 0.919838 0.754219 0.090625 0.076562
0 0.876871 0.683906 0.076563 0.057812
0 0.823742 0.780000 0.101562 0.087500
0 0.510463 0.539375 0.093751 0.078125
0 0.594838 0.572188 0.081249 0.078125
0 0.753430 0.433906 0.110939 0.092188
0 0.924524 0.468352 0.081249 0.089203
0 0.729996 0.270625 0.104688 0.081250
0 0.859683 0.237812 0.101562 0.087500
0 0.548745 0.184688 0.085939 0.090625
0 0.476088 0.156563 0.081249 0.078125
0 0.342495 0.197187 0.082814 0.075000
0 0.973356 0.035312 0.053287 0.070624