0 0.563899 0.075781 0.090625 0.095312
0 0.685774 0.308594 0.081249 0.095313
0 0.610777 0.365625 0.096876 0.096875
0 0.255267 0.356250 0.082730 0.087500
0 0.173277 0.328125 0.084374 0.081250
0 0.585777 0.570313 0.118750 0.121875
0 0.746715 0.596094 0.090625 0.098438
0 0.896710 0.643264 0.068752 0.086528
0 0.968667 0.642187 0.062665 0.059375
0 0.927961 0.813281 0.087500 0.104687
0 0.560773 0.736719 0.090625 0.095313
0 0.463902 0.764062 0.084374 0.087500
0 0.353743 0.804688 0.076563 0.084375
0 0.277202 0.777251 0.077720 0.082999
0 0.183429 0.865625 0.082814 0.093750
0 0.090463 0.864062 0.087500 0.087500
0 0.631870 0.918750 0.104688 0.093750
0 0.741244 0.919531 0.079688 0.092187
0 0.661917 0.745466 0.088083 0.086788
0 0.612694 0.959197 0.069948 0.063472
0 0.957254 0.692358 0.085492 0.076425