0 0.027106 0.968594 0.054212 0.062812
0 0.364182 0.889249 0.098061 0.102332
0 0.428844 0.948187 0.108634 0.103626
0 0.091711 0.670000 0.090625 0.090625
0 0.080311 0.732500 0.080311 0.078125
0 0.011481 0.610625 0.022962 0.090625
0 0.025907 0.101250 0.051813 0.081250
0 0.769681 0.971250 0.098437 0.057500
0 0.970388 0.951112 0.059224 0.064098
0 0.915533 0.767559 0.096395 0.099884
0 0.782383 0.750723 0.051813 0.063321
0 0.772391 0.705066 0.083643 0.081117
0 0.734525 0.594062 0.100002 0.100000
0 0.664213 0.542500 0.078123 0.062500
0 0.171290 0.612031 0.064156 0.085938
0 0.990701 0.036580 0.018598 0.053784
0 0.237047 0.535622 0.077720 0.073834