0 0.026482 0.853144 0.052964 0.099412
0 0.217027 0.865156 0.103123 0.101562
0 0.163860 0.761422 0.066062 0.074657
0 0.013981 0.531563 0.027962 0.084375
0 0.399058 0.531250 0.095311 0.090625
0 0.238901 0.496094 0.074998 0.060938
0 0.448669 0.914054 0.057960 0.061268
0 0.476086 0.832419 0.106248 0.102662
0 0.293275 0.969219 0.074998 0.061562
0 0.623741 0.609531 0.092186 0.110938
0 0.540152 0.575938 0.106248 0.103125
0 0.901714 0.565000 0.098127 0.100000
0 0.981793 0.493336 0.036413 0.091048
0 0.758899 0.438438 0.109374 0.100000
0 0.147668 0.579663 0.069948 0.045337