0 0.494214 0.062500 0.112499 0.112500
0 0.580149 0.070313 0.084374 0.103125
0 0.417494 0.053643 0.094055 0.094787
0 0.749683 0.279687 0.085940 0.078125
0 0.648964 0.348437 0.090674 0.096875
0 0.744992 0.404687 0.076563 0.093750
0 0.780148 0.437500 0.062501 0.075000
0 0.661398 0.453125 0.084374 0.078125
0 0.480152 0.565625 0.109374 0.100000
0 0.399683 0.564062 0.092186 0.090625
0 0.130148 0.508594 0.112499 0.085938
0 0.062961 0.583594 0.109374 0.095313
0 0.110619 0.651563 0.114064 0.096875
0 0.191088 0.712500 0.100002 0.087500
0 0.251243 0.771875 0.092186 0.096875
0 0.242652 0.959375 0.103123 0.081250
0 0.148121 0.964844 0.110939 0.070312
0 0.741087 0.607031 0.074998 0.064063
0 0.740306 0.654687 0.095311 0.084375
0 0.694214 0.726563 0.093751 0.103125
0 0.779368 0.781250 0.104688 0.103125
0 0.601243 0.677344 0.073437 0.067188
0 0.912961 0.681250 0.074998 0.062500
0 0.841089 0.734375 0.106248 0.093750
0 0.972150 0.800024 0.055699 0.081299
0 0.965857 0.450000 0.068286 0.075000
0 0.972887 0.521875 0.054226 0.068750
0 0.728603 0.988990 0.053156 0.022020
0 0.691710 0.900907 0.101036 0.091969