0 0.494838 0.978627 0.088121 0.042746
0 0.629526 0.955067 0.071877 0.081118
0 0.407739 0.814375 0.078305 0.087500
0 0.592805 0.692500 0.082814 0.087500
0 0.664682 0.609688 0.082814 0.084375
0 0.674059 0.673750 0.079689 0.068750
0 0.586554 0.486250 0.098437 0.096875
0 0.193709 0.546141 0.081493 0.091656
0 0.415486 0.296454 0.087448 0.069592
0 0.497741 0.294823 0.077057 0.086520
0 0.880464 0.796406 0.090625 0.082812
0 0.783031 0.840026 0.060881 0.060881
0 0.958200 0.796406 0.083600 0.095312
0 0.953513 0.648197 0.092974 0.091731
0 0.116580 0.591321 0.062176 0.066062