0 0.200464 0.972813 0.084374 0.054374
0 0.098059 0.863342 0.073312 0.053109
0 0.253588 0.648750 0.081249 0.075000
0 0.093431 0.579219 0.067186 0.054688
0 0.056995 0.598517 0.056995 0.062034
0 0.162183 0.437031 0.076563 0.067188
0 0.148900 0.487813 0.065626 0.046875
0 0.223267 0.342315 0.061238 0.062869
0 0.335464 0.276739 0.070005 0.069022
0 0.837023 0.826885 0.065626 0.081231
0 0.737026 0.861758 0.078123 0.066640
0 0.832672 0.974375 0.060045 0.051250
0 0.554214 0.656562 0.100002 0.071875
0 0.515148 0.619062 0.084374 0.078125
0 0.574993 0.515907 0.072812 0.071813
0 0.453329 0.535644 0.054482 0.073789
0 0.381477 0.559585 0.066062 0.069948
0 0.596402 0.366719 0.074998 0.085938
0 0.561352 0.305052 0.076777 0.066062
0 0.477332 0.347969 0.073834 0.060938
0 0.660463 0.305781 0.087500 0.073438
0 0.751088 0.303109 0.093751 0.075130
0 0.961788 0.031406 0.076424 0.062812
0 0.675827 0.156083 0.069270 0.063461
0 0.454358 0.142500 0.062787 0.062500
0 0.920337 0.265544 0.073834 0.082902
0 0.949482 0.163212 0.046632 0.036269
0 0.623705 0.816710 0.040155 0.045337
0 0.545337 0.889896 0.056995 0.038860