0 0.387339 0.617969 0.106248 0.098438
0 0.259212 0.552344 0.081249 0.095313
0 0.310776 0.546875 0.053124 0.075000
0 0.310776 0.406250 0.078123 0.084375
0 0.388899 0.356250 0.078123 0.078125
0 0.651714 0.955000 0.087500 0.087500
0 0.540775 0.982187 0.078123 0.035625
0 0.473588 0.848750 0.087500 0.078125
0 0.605621 0.219844 0.089060 0.067188
0 0.616558 0.140156 0.092186 0.082812
0 0.732182 0.197969 0.079689 0.082812
0 0.668117 0.267500 0.070312 0.062500
0 0.800149 0.222969 0.059375 0.064062
0 0.811871 0.126875 0.089060 0.093750
0 0.882963 0.085469 0.074998 0.082812
0 0.792338 0.409326 0.087500 0.072539
0 0.830619 0.589375 0.082814 0.081250
0 0.322539 0.759067 0.059585 0.056995
0 0.191062 0.236399 0.063472 0.073834
0 0.560881 0.073187 0.056995 0.073834
0 0.417098 0.461788 0.051813 0.047927
0 0.174223 0.512953 0.045337 0.054404