0 0.069948 0.675518 0.080311 0.066062
0 0.108121 0.415297 0.079096 0.076707
0 0.499331 0.817524 0.076467 0.103961
0 0.431925 0.780440 0.099880 0.099741
0 0.219560 0.879534 0.089378 0.106218
0 0.877464 0.203631 0.096355 0.102444
0 0.798772 0.197547 0.097544 0.106500
0 0.475924 0.187372 0.084421 0.092361
0 0.415789 0.217617 0.077749 0.067358
0 0.909644 0.256502 0.051177 0.062126
0 0.709845 0.072678 0.080311 0.098166
0 0.798349 0.016869 0.090273 0.033738
0 0.843416 0.097637 0.103323 0.103456
0 0.937812 0.018391 0.083171 0.036782
0 0.822539 0.523794 0.077720 0.060541
0 0.562176 0.250000 0.069948 0.085492
0 0.670337 0.371762 0.076425 0.090674
0 0.984456 0.761658 0.031088 0.069948
0 0.859456 0.318653 0.081606 0.072539
0 0.972150 0.041451 0.055699 0.082902
0 0.803756 0.062824 0.055699 0.053109