0 0.951523 0.961888 0.048781 0.042556
0 0.820741 0.736138 0.100679 0.112097
0 0.922980 0.673859 0.080958 0.116247
0 0.815035 0.547753 0.085112 0.084072
0 0.931280 0.189147 0.101717 0.093413
0 0.960971 0.037488 0.078058 0.074975
0 0.955673 0.070303 0.084074 0.075769
0 0.922458 0.091063 0.050859 0.073694
0 0.675431 0.348988 0.092374 0.089263
0 0.708129 0.430984 0.076807 0.056047
0 0.331880 0.673859 0.061236 0.056047
0 0.425241 0.602332 0.075871 0.085492
0 0.363534 0.978090 0.078885 0.043820
0 0.323575 0.731466 0.032176 0.057087