0 0.014605 0.053750 0.029210 0.075000
0 0.062023 0.040469 0.071877 0.076563
0 0.126869 0.018281 0.067186 0.036562
0 0.180774 0.240469 0.071877 0.076562
0 0.124274 0.271779 0.072382 0.070432
0 0.173862 0.649219 0.075704 0.089063
0 0.246089 0.686719 0.081249 0.082813
0 0.484835 0.406250 0.071877 0.075000
0 0.533274 0.459375 0.074998 0.081250
0 0.580932 0.383594 0.079689 0.082813
0 0.632495 0.438281 0.076563 0.073438
0 0.591869 0.483594 0.067186 0.079688
0 0.644212 0.571094 0.068752 0.060938
0 0.667651 0.622656 0.068752 0.070313
0 0.587963 0.611719 0.087500 0.085938
0 0.527807 0.721875 0.070312 0.068750
0 0.494992 0.752344 0.054689 0.057813
0 0.551242 0.777344 0.064061 0.057813
0 0.312488 0.672778 0.061553 0.061180
0 0.663746 0.974375 0.054689 0.051250
0 0.669992 0.861250 0.076563 0.068750
0 0.746555 0.883906 0.064061 0.073437
0 0.856947 0.823984 0.071406 0.067657
0 0.486399 0.618523 0.045337 0.050518
0 0.494171 0.658031 0.053109 0.051813
0 0.426813 0.616580 0.058290 0.059585
0 0.968912 0.851684 0.062176 0.068653
0 0.925518 0.864637 0.060881 0.079016