0 0.054054 0.348750 0.104688 0.087500
0 0.093901 0.276875 0.090625 0.093750
0 0.022733 0.268281 0.045465 0.089062
0 0.186087 0.040000 0.093751 0.080000
0 0.616400 0.982969 0.087500 0.034062
0 0.771867 0.961875 0.076563 0.076250
0 0.850775 0.954219 0.087500 0.076562
0 0.786714 0.867500 0.100002 0.087500
0 0.545308 0.673750 0.110939 0.100000
0 0.803117 0.558125 0.089060 0.093750
0 0.860151 0.374197 0.093751 0.088394
0 0.765620 0.409688 0.076563 0.078125
0 0.671869 0.360469 0.089060 0.076562
0 0.563673 0.330000 0.069545 0.087500
0 0.527340 0.309985 0.068752 0.068156
0 0.447651 0.353747 0.078123 0.065006
0 0.642180 0.086418 0.085940 0.078460