0 0.453222 0.026718 0.094451 0.053436
0 0.434666 0.064681 0.046102 0.044978
0 0.476271 0.102350 0.082081 0.084331
0 0.083849 0.178250 0.111320 0.101197
0 0.036583 0.255272 0.073166 0.100075
0 0.190107 0.255272 0.078711 0.082084
0 0.293554 0.276638 0.092205 0.093328
0 0.370013 0.285069 0.085455 0.067466
0 0.628067 0.936113 0.102324 0.101197
0 0.625820 0.702231 0.084332 0.092203
0 0.572973 0.699419 0.032609 0.057347
0 0.617388 0.778691 0.107945 0.110194
0 0.522932 0.749456 0.069715 0.096700
0 0.336281 0.967494 0.060719 0.065012
0 0.534180 0.562803 0.092205 0.038231
0 0.287928 0.491963 0.089953 0.074212
0 0.953183 0.647134 0.093634 0.101197
0 0.967800 0.862463 0.064400 0.084331
0 0.990285 0.523316 0.019430 0.064767