0 0.097454 0.419539 0.140504 0.144778
0 0.221153 0.426320 0.153549 0.116271
0 0.350781 0.603606 0.112584 0.111357
0 0.404145 0.374439 0.101036 0.119344
0 0.439119 0.647433 0.103627 0.104097
0 0.671297 0.526919 0.132869 0.138956
0 0.636784 0.485638 0.074087 0.077493
0 0.799626 0.726528 0.127750 0.129222
0 0.743432 0.611399 0.098628 0.101036
0 0.218912 0.790155 0.062176 0.049223
0 0.115933 0.775907 0.094560 0.119171
0 0.637953 0.604275 0.112694 0.091969
0 0.635363 0.353627 0.068653 0.059585
0 0.588083 0.577073 0.059585 0.091969
0 0.577720 0.485104 0.056995 0.094560
0 0.975389 0.853627 0.049222 0.064767
0 0.568005 0.672280 0.060881 0.088083