0 0.755893 0.988132 0.050391 0.023736
0 0.770078 0.951879 0.081606 0.069561
0 0.827720 0.897434 0.085492 0.067569
0 0.810397 0.778759 0.058905 0.072766
0 0.871032 0.796950 0.060639 0.058906
0 0.849811 0.823372 0.071901 0.059772
0 0.904000 0.673509 0.062467 0.066700
0 0.806995 0.625269 0.062176 0.070706
0 0.862802 0.573025 0.082292 0.077097
0 0.899185 0.522350 0.075365 0.074497
0 0.930802 0.570425 0.074500 0.059772
0 0.947694 0.451750 0.071901 0.070166
0 0.886194 0.455216 0.094423 0.089225
0 0.989224 0.607202 0.021552 0.053783
0 0.924739 0.330475 0.069302 0.064969
0 0.871897 0.148275 0.072765 0.071325