0 0.380692 0.465756 0.045670 0.069541
0 0.321011 0.464719 0.088224 0.088225
0 0.258736 0.508831 0.067464 0.085109
0 0.201650 0.600688 0.096529 0.096528
0 0.162724 0.638053 0.058125 0.073694
0 0.490192 0.749628 0.073691 0.068503
0 0.548834 0.794259 0.053970 0.053972
0 0.723726 0.973938 0.073691 0.052124
0 0.979929 0.798412 0.040141 0.062275
0 0.765246 0.727834 0.111056 0.097566
0 0.886163 0.448112 0.110022 0.102756
0 0.761613 0.368191 0.101717 0.086147
0 0.797939 0.193819 0.085112 0.102756
0 0.876824 0.246234 0.110022 0.097566
0 0.967473 0.225475 0.065054 0.068503
0 0.983042 0.261803 0.033916 0.089263
0 0.965397 0.317331 0.069206 0.079922
0 0.979409 0.062000 0.041182 0.071616
0 0.966434 0.145034 0.067131 0.092375
0 0.751752 0.125834 0.046709 0.078881
0 0.687917 0.093138 0.066430 0.052934