0 0.210103 0.794319 0.101351 0.105681
0 0.032936 0.530978 0.065871 0.095287
0 0.122120 0.332475 0.084776 0.081165
0 0.080311 0.055052 0.093264 0.086788
0 0.555699 0.104275 0.103627 0.076425
0 0.921497 0.085725 0.094831 0.097019
0 0.636658 0.383219 0.104922 0.108406
0 0.827073 0.328368 0.079016 0.073834
0 0.773144 0.453069 0.122106 0.121163
0 0.503238 0.436528 0.071244 0.095855
0 0.979922 0.750356 0.040155 0.091385
0 0.693037 0.614138 0.107414 0.103950
0 0.631533 0.674341 0.097022 0.082294
0 0.450777 0.644022 0.111399 0.110013
0 0.409686 0.944948 0.100317 0.097150
0 0.803109 0.776927 0.067358 0.059036
0 0.862023 0.958549 0.107560 0.082902
0 0.750648 0.862876 0.063472 0.079947
0 0.963731 0.189119 0.072538 0.069948