0 0.979530 0.153584 0.040939 0.079922
0 0.909762 0.128153 0.088224 0.089263
0 0.925329 0.405800 0.050859 0.050859
0 0.896269 0.378294 0.084074 0.083034
0 0.805451 0.266719 0.078885 0.079922
0 0.776907 0.330031 0.069541 0.061237
0 0.810639 0.357019 0.045670 0.052934
0 0.609282 0.393863 0.087185 0.089263
0 0.667924 0.492466 0.067464 0.070578
0 0.545447 0.342488 0.092374 0.084072
0 0.476944 0.418775 0.088224 0.087188
0 0.446324 0.463406 0.099640 0.056047
0 0.545447 0.220009 0.079919 0.075769
0 0.799223 0.071069 0.083035 0.089263
0 0.217979 0.959009 0.093412 0.081981
0 0.267799 0.809034 0.091340 0.089263
0 0.172314 0.749875 0.064352 0.058125
0 0.128199 0.726000 0.055009 0.039441
0 0.278181 0.705763 0.087185 0.100678
0 0.413630 0.932550 0.071619 0.066428
0 0.383532 0.883766 0.069541 0.066428
0 0.596305 0.745722 0.092374 0.101716
0 0.766008 0.701609 0.072657 0.079922
0 0.829839 0.662688 0.071619 0.080959
0 0.826206 0.555262 0.085112 0.084072
0 0.334746 0.553706 0.079919 0.066428
0 0.176981 0.665281 0.052936 0.048781
0 0.116261 0.569275 0.080958 0.039441
0 0.019729 0.552666 0.039458 0.074731
0 0.368999 0.348194 0.081996 0.072656
0 0.144804 0.453025 0.050859 0.085109
0 0.128716 0.357019 0.074730 0.057087
0 0.062808 0.375700 0.055009 0.063312
0 0.017652 0.355459 0.035304 0.058125
0 0.171275 0.185241 0.078885 0.085109
0 0.358622 0.047716 0.077846 0.090300
0 0.305685 0.011662 0.081996 0.023323