0 0.210369 0.975156 0.112941 0.049687
0 0.039897 0.858125 0.078238 0.109375
0 0.045700 0.623750 0.091400 0.103125
0 0.184367 0.651875 0.079689 0.081250
0 0.909680 0.959375 0.089060 0.068750
0 0.821400 0.759375 0.096876 0.090625
0 0.814369 0.650000 0.107813 0.090625
0 0.969294 0.742188 0.061412 0.078125
0 0.968512 0.607031 0.062975 0.082812
0 0.941711 0.338281 0.096876 0.076562
0 0.679056 0.911269 0.071562 0.055699
0 0.359681 0.424219 0.082814 0.073437
0 0.350305 0.338281 0.089060 0.076562
0 0.478432 0.309448 0.079689 0.074854
0 0.551089 0.248438 0.081249 0.071875
0 0.488990 0.221074 0.071244 0.073397
0 0.632338 0.228125 0.081249 0.075000
0 0.969294 0.098437 0.061412 0.084375