0 0.567871 0.604839 0.074103 0.072373
0 0.542433 0.666161 0.086118 0.083617
0 0.422640 0.692386 0.089954 0.092025
0 0.347740 0.692385 0.090273 0.092024
0 0.134741 0.640013 0.082156 0.081144
0 0.209756 0.654496 0.059762 0.060287
0 0.120634 0.706981 0.072203 0.073084
0 0.064767 0.768135 0.095855 0.090674
0 0.059533 0.893413 0.090569 0.097706
0 0.174765 0.849554 0.085281 0.079938
0 0.691710 0.873159 0.069948 0.075333
0 0.201502 0.879806 0.073679 0.078264
0 0.154009 0.924060 0.108536 0.097475
0 0.203862 0.989898 0.083889 0.020204
0 0.317312 0.976713 0.090273 0.046574
0 0.391864 0.982513 0.093314 0.034974
0 0.495763 0.985751 0.057696 0.028497
0 0.260363 0.830959 0.054404 0.066062
0 0.616580 0.886010 0.044041 0.046632