0 0.070915 0.985217 0.083209 0.029566
0 0.161996 0.977908 0.103447 0.044184
0 0.762999 0.987466 0.082081 0.025067
0 0.350334 0.977347 0.079834 0.045306
0 0.523496 0.667962 0.102324 0.096700
0 0.674169 0.761291 0.102324 0.085456
0 0.033208 0.607244 0.066416 0.096700
0 0.628067 0.136113 0.102324 0.101197
0 0.617388 0.016894 0.107945 0.033787
0 0.336281 0.172656 0.060719 0.075338
0 0.967800 0.062463 0.064400 0.084331
0 0.484703 0.958231 0.110192 0.083537
0 0.865323 0.450388 0.095575 0.088828
0 0.879376 0.519541 0.083209 0.067466
0 0.964831 0.449263 0.069715 0.093328
0 0.984103 0.349191 0.031794 0.100075
0 0.951425 0.697539 0.076425 0.076425