0 0.642487 0.963731 0.082902 0.072538
0 0.961539 0.987047 0.076922 0.025906
0 0.935248 0.931378 0.062886 0.056800
0 0.417182 0.681347 0.077552 0.069948
0 0.661269 0.514249 0.073834 0.067358
0 0.244819 0.204647 0.077720 0.072012
0 0.229645 0.355956 0.089932 0.088606
0 0.371180 0.105570 0.089511 0.086788
0 0.420984 0.007741 0.064767 0.015481
0 0.055631 0.017487 0.090811 0.034974
0 0.188472 0.081606 0.089378 0.069948
0 0.290155 0.557642 0.041451 0.066062
0 0.391192 0.731865 0.075130 0.059585
0 0.702720 0.968912 0.047927 0.062176
0 0.199482 0.016192 0.067358 0.032383