0 0.298511 0.972973 0.116076 0.054053
0 0.424119 0.978604 0.103950 0.042792
0 0.287350 0.923992 0.072969 0.078554
0 0.435881 0.761689 0.102332 0.095793
0 0.252239 0.655964 0.097742 0.081854
0 0.685111 0.700723 0.082657 0.083011
0 0.722177 0.597153 0.076372 0.080306
0 0.682694 0.478172 0.073630 0.079694
0 0.615127 0.458325 0.094423 0.093713
0 0.444907 0.465609 0.093554 0.082294
0 0.545337 0.940415 0.056995 0.059585
0 0.439276 0.878378 0.101351 0.086625
0 0.293394 0.452073 0.097150 0.093264
0 0.232513 0.341969 0.076425 0.085492
0 0.296200 0.294425 0.094129 0.095088
0 0.148228 0.333268 0.089202 0.083635
0 0.129288 0.406881 0.075620 0.072249
0 0.047902 0.388947 0.095804 0.102219
0 0.472798 0.288860 0.085492 0.080311
0 0.801444 0.428403 0.087344 0.077013
0 0.869171 0.404793 0.075130 0.076425
0 0.894490 0.278931 0.072765 0.065834
0 0.833859 0.288028 0.064091 0.064969
0 0.919152 0.171971 0.083977 0.092646
0 0.933649 0.236919 0.073116 0.066700
0 0.786724 0.106865 0.068267 0.063470
0 0.690515 0.032384 0.080511 0.064765
0 0.931715 0.068061 0.058850 0.063360
0 0.317358 0.827073 0.051813 0.073834
0 0.273316 0.727332 0.046632 0.060881
0 0.501943 0.739637 0.073834 0.085492
0 0.895725 0.205959 0.073834 0.075130