0 0.304875 0.373146 0.063826 0.077542
0 0.371401 0.403125 0.065626 0.084375
0 0.419530 0.365625 0.080630 0.090625
0 0.441243 0.271094 0.095936 0.101562
0 0.349527 0.272656 0.074998 0.095312
0 0.594128 0.978281 0.078582 0.043438
0 0.848817 0.866781 0.069206 0.101438
0 0.896420 0.878886 0.085586 0.115285
0 0.814211 0.762031 0.109374 0.114062
0 0.875932 0.693028 0.110939 0.111444
0 0.744680 0.463773 0.092186 0.085578
0 0.514490 0.358125 0.100553 0.106250
0 0.621259 0.189119 0.089088 0.098446
0 0.327073 0.395078 0.053109 0.072539