0 0.623683 0.771719 0.099358 0.099359
0 0.950276 0.808516 0.093840 0.103038
0 0.910716 0.964058 0.073597 0.071884
0 0.970077 0.402803 0.059845 0.082800
0 0.642079 0.370603 0.121439 0.117759
0 0.716597 0.413844 0.104876 0.101197
0 0.575841 0.494803 0.106718 0.104878
0 0.505924 0.550922 0.114078 0.110397
0 0.194051 0.801156 0.112236 0.103038
0 0.096531 0.871997 0.093840 0.086478
0 0.270407 0.215128 0.117759 0.104878
0 0.033086 0.279525 0.066171 0.071759
0 0.622762 0.007745 0.104876 0.015489
0 0.666002 0.029825 0.095678 0.059650
0 0.726721 0.145209 0.106718 0.101197
0 0.982958 0.193156 0.034084 0.090372
0 0.980197 0.145209 0.039606 0.093837
0 0.742228 0.964378 0.077720 0.071244
0 0.871762 0.917746 0.088083 0.047927