0 0.913045 0.928109 0.070166 0.063472
0 0.873631 0.854541 0.069302 0.057172
0 0.483818 0.919075 0.083162 0.084025
0 0.058054 0.849775 0.080563 0.075363
0 0.262922 0.807328 0.077964 0.056306
0 0.294258 0.958912 0.043608 0.051087
0 0.200986 0.884859 0.077094 0.064103
0 0.547489 0.758819 0.087491 0.073631
0 0.906117 0.712435 0.075365 0.064767
0 0.970166 0.709875 0.059668 0.084894
0 0.984027 0.431809 0.031946 0.076231
0 0.781736 0.272419 0.084197 0.083159
0 0.762586 0.316710 0.065502 0.058290
0 0.720855 0.338771 0.066062 0.058208
0 0.684520 0.283295 0.073965 0.061408
0 0.805820 0.214974 0.077480 0.069843
0 0.773577 0.212647 0.085761 0.072766
0 0.768844 0.152915 0.081483 0.067488
0 0.830311 0.097434 0.077720 0.067569
0 0.871032 0.013202 0.060639 0.026403
0 0.838278 0.025907 0.048833 0.051813
0 0.580311 0.897668 0.062176 0.064767