0 0.076733 0.810344 0.123873 0.115212
0 0.258647 0.902166 0.139468 0.115212
0 0.409808 0.813928 0.117810 0.094178
0 0.492228 0.708549 0.046632 0.077720
0 0.578726 0.553109 0.142067 0.126943
0 0.270725 0.658679 0.116580 0.125648
0 0.303109 0.200777 0.090674 0.082902
0 0.958281 0.908663 0.083438 0.129937
0 0.801701 0.607043 0.127168 0.149320
0 0.683938 0.595855 0.106218 0.129534
0 0.748057 0.465026 0.097150 0.075130
0 0.875648 0.166451 0.103627 0.097150
0 0.484456 0.962435 0.113990 0.075130
0 0.224741 0.477332 0.063472 0.055699