0 0.021482 0.681250 0.042964 0.087500
0 0.091398 0.684375 0.084374 0.093750
0 0.061713 0.846875 0.065626 0.081250
0 0.399996 0.961875 0.085939 0.076250
0 0.352338 0.904219 0.093751 0.076562
0 0.783586 0.966562 0.096876 0.066875
0 0.954294 0.958750 0.091412 0.082500
0 0.827338 0.650312 0.093751 0.087500
0 0.764838 0.709017 0.081249 0.076784
0 0.897650 0.562813 0.106248 0.096875
0 0.980856 0.326875 0.038288 0.081250
0 0.961325 0.367500 0.077350 0.090625
0 0.985751 0.153438 0.028497 0.078125
0 0.357143 0.355000 0.102888 0.100000
0 0.855463 0.038437 0.084374 0.076874