0 0.034362 0.438525 0.068724 0.094453
0 0.037173 0.615059 0.074346 0.087706
0 0.097956 0.644856 0.078711 0.055097
0 0.178918 0.361503 0.083209 0.100075
0 0.221646 0.609437 0.071962 0.076459
0 0.363887 0.643734 0.052847 0.057347
0 0.295295 0.661725 0.064094 0.050600
0 0.317784 0.710075 0.048349 0.055097
0 0.147997 0.733125 0.082081 0.083206
0 0.300352 0.115253 0.094451 0.088828
0 0.382438 0.154047 0.094451 0.094453
0 0.273369 0.219263 0.096702 0.098950
0 0.356574 0.200709 0.060719 0.046100
0 0.377940 0.262553 0.098949 0.104572
0 0.415610 0.362628 0.084332 0.093328
0 0.533674 0.191153 0.097826 0.103447
0 0.635993 0.272672 0.104570 0.095575
0 0.556723 0.308653 0.080958 0.086581
0 0.611821 0.377244 0.080958 0.086581
0 0.767551 0.191716 0.093328 0.097825
0 0.757432 0.124813 0.061843 0.040478
0 0.702338 0.135494 0.073090 0.050600
0 0.691091 0.199022 0.079834 0.098950
0 0.989192 0.434028 0.021616 0.110194
0 0.886179 0.346322 0.044979 0.074212
0 0.817028 0.456516 0.066341 0.062969
0 0.759683 0.439650 0.075336 0.071962
0 0.791164 0.396359 0.061843 0.055097
0 0.742255 0.368812 0.058468 0.074213
0 0.955459 0.765172 0.089082 0.093328
0 0.949149 0.848941 0.071962 0.069716
0 0.686034 0.970009 0.078711 0.059981
0 0.630936 0.984065 0.056221 0.031870
0 0.554476 0.970571 0.074213 0.058858
0 0.608446 0.901787 0.069715 0.065216
0 0.086150 0.907409 0.070838 0.071963
0 0.308789 0.814084 0.059596 0.065216
0 0.254814 0.820831 0.046102 0.044978
0 0.258188 0.976194 0.070838 0.047612
0 0.169922 0.571769 0.060719 0.068591
0 0.227267 0.531291 0.053970 0.043853