0 0.491446 0.949482 0.136279 0.101036
0 0.239720 0.577153 0.139971 0.108528
0 0.691710 0.566062 0.069948 0.064767
0 0.522913 0.414899 0.113183 0.104409
0 0.610090 0.375000 0.085519 0.097150
0 0.415400 0.389896 0.113183 0.119171
0 0.444948 0.472150 0.104922 0.068653
0 0.766839 0.321244 0.075130 0.080311
0 0.867560 0.283276 0.119685 0.108002
0 0.955586 0.287754 0.088828 0.109186
0 0.034326 0.126013 0.068652 0.065498
0 0.475538 0.021061 0.084186 0.042122
0 0.932642 0.659312 0.067358 0.102444
0 0.388601 0.903497 0.059585 0.117876