0 0.167319 0.939375 0.082460 0.071875
0 0.171402 0.833125 0.078123 0.071875
0 0.126869 0.840938 0.070312 0.068750
0 0.119838 0.754219 0.090625 0.076562
0 0.076871 0.683906 0.076563 0.057812
0 0.037262 0.780000 0.074523 0.087500
0 0.124524 0.469647 0.081249 0.091794
0 0.059683 0.237812 0.101562 0.087500
0 0.986950 0.682344 0.026099 0.104688
0 0.937962 0.235469 0.100002 0.101562
0 0.813746 0.255781 0.085940 0.082812
0 0.488121 0.636250 0.095311 0.112500
0 0.404527 0.608125 0.087500 0.093750
0 0.315682 0.395625 0.062937 0.081250
0 0.181869 0.035312 0.070312 0.070624
0 0.357923 0.466125 0.056174 0.035876