0 0.701687 0.036053 0.075769 0.072106
0 0.404839 0.143722 0.081996 0.091338
0 0.302083 0.370509 0.048781 0.055009
0 0.192061 0.654903 0.077846 0.063312
0 0.155218 0.525681 0.072657 0.080959
0 0.069066 0.721850 0.076807 0.078881
0 0.181683 0.868716 0.094451 0.075769
0 0.070627 0.978211 0.075769 0.043578
0 0.612941 0.841213 0.074730 0.078881
0 0.453103 0.817341 0.074730 0.066428
0 0.450509 0.663206 0.071619 0.075769
0 0.678854 0.687078 0.077846 0.079922
0 0.826237 0.769594 0.063314 0.064353
0 0.969427 0.798656 0.061146 0.070578
0 0.964757 0.680331 0.070486 0.078881
0 0.828831 0.574462 0.068503 0.053972
0 0.931070 0.323803 0.069541 0.069541