0 0.216927 0.982513 0.085202 0.034974
0 0.626072 0.740931 0.100187 0.104472
0 0.556218 0.701623 0.094301 0.089775
0 0.072393 0.707462 0.078100 0.082156
0 0.419784 0.470625 0.083171 0.085200
0 0.450212 0.524384 0.077085 0.081144
0 0.386424 0.523316 0.070776 0.064767
0 0.102302 0.401554 0.075071 0.080311
0 0.431530 0.354471 0.072174 0.076032
0 0.372652 0.295906 0.082091 0.091812
0 0.424708 0.266670 0.090999 0.095516
0 0.183961 0.292112 0.090273 0.087228
0 0.138189 0.274918 0.074305 0.062789
0 0.152340 0.389568 0.055423 0.073195
0 0.552653 0.183584 0.079115 0.085200
0 0.462888 0.133378 0.100416 0.098384
0 0.527202 0.221497 0.077720 0.059597
0 0.211620 0.079663 0.073500 0.076425
0 0.908161 0.033978 0.096355 0.067956
0 0.860489 0.072490 0.104472 0.088180
0 0.659155 0.082254 0.107512 0.094560
0 0.749423 0.065422 0.093314 0.092300
0 0.890916 0.936181 0.090273 0.083172
0 0.893450 0.970120 0.095344 0.059760
0 0.962954 0.936688 0.074092 0.092300
0 0.974618 0.885975 0.050764 0.076072
0 0.791009 0.026372 0.150113 0.052744
0 0.187824 0.718912 0.056995 0.062176
0 0.583549 0.247409 0.045337 0.056995