0 0.120444 0.886931 0.080958 0.079200
0 0.080847 0.855250 0.114398 0.124956
0 0.172365 0.498856 0.107357 0.123197
0 0.239246 0.514697 0.079200 0.102078
0 0.365084 0.369500 0.119676 0.121438
0 0.342205 0.460138 0.095039 0.080959
0 0.468042 0.475097 0.100317 0.096797
0 0.503241 0.604456 0.072159 0.098559
0 0.356281 0.653734 0.109120 0.137278
0 0.859632 0.067666 0.087998 0.112637
0 0.820914 0.093184 0.063361 0.107359
0 0.956216 0.077344 0.087568 0.117919
0 0.869314 0.233981 0.089761 0.139037
0 0.951151 0.211103 0.077437 0.082719
0 0.987895 0.335178 0.024210 0.087997
0 0.983496 0.401178 0.033008 0.096797
0 0.922114 0.468938 0.075679 0.084478
0 0.964137 0.589494 0.071726 0.124956
0 0.407323 0.394138 0.084478 0.121438