0 0.325130 0.029824 0.062275 0.059648
0 0.259739 0.045119 0.058125 0.053972
0 0.068764 0.395941 0.064352 0.062275
0 0.244690 0.428634 0.119361 0.102756
0 0.345369 0.466519 0.119361 0.114172
0 0.263373 0.675144 0.077846 0.068503
0 0.311637 0.743128 0.058125 0.073694
0 0.364056 0.808516 0.038404 0.052934
0 0.945812 0.830313 0.068503 0.084072
0 0.685291 0.786719 0.085112 0.090300
0 0.993147 0.508037 0.013706 0.053972
0 0.988476 0.382966 0.023048 0.092375
0 0.621978 0.403206 0.116250 0.087188
0 0.758466 0.111028 0.081996 0.081997
0 0.691002 0.050828 0.063314 0.079922
0 0.847211 0.090269 0.056047 0.063312
0 0.000130 0.724962 0.000259 0.074731
0 0.027245 0.762847 0.051897 0.079922