0 0.260910 0.135101 0.107312 0.088855
0 0.239027 0.968264 0.065987 0.063472
0 0.373899 0.970120 0.080130 0.059760
0 0.423403 0.894430 0.082557 0.081606
0 0.492569 0.927559 0.092299 0.086213
0 0.494600 0.867525 0.090273 0.074428
0 0.573207 0.891192 0.079115 0.067358
0 0.651814 0.910622 0.092299 0.077720
0 0.716656 0.893382 0.071869 0.079511
0 0.823187 0.959845 0.081606 0.080310
0 0.918692 0.955311 0.104223 0.089378
0 0.975389 0.908059 0.049222 0.090729
0 0.619171 0.147668 0.103627 0.098446
0 0.495457 0.191973 0.091988 0.097919
0 0.412814 0.182142 0.097649 0.104628
0 0.897775 0.336741 0.099400 0.089256
0 0.952549 0.300734 0.089258 0.086213
0 0.873288 0.126784 0.103165 0.105484
0 0.259067 0.887953 0.075130 0.055699
0 0.786269 0.231865 0.075130 0.075130
0 0.849093 0.467617 0.086788 0.072539