0 0.256829 0.107139 0.081015 0.076972
0 0.251381 0.168281 0.085663 0.070312
0 0.058003 0.451875 0.084918 0.078125
0 0.064994 0.515938 0.067811 0.065625
0 0.229369 0.506563 0.082814 0.103125
0 0.117876 0.593264 0.064767 0.072539
0 0.419485 0.132056 0.085083 0.082764
0 0.469835 0.034375 0.087500 0.068750
0 0.547963 0.110937 0.071877 0.071875
0 0.648745 0.205469 0.079689 0.060938
0 0.607338 0.235156 0.078123 0.076562
0 0.456165 0.297883 0.069536 0.069859
0 0.354210 0.702344 0.084374 0.092188
0 0.426868 0.696094 0.079689 0.092188
0 0.381555 0.554687 0.070312 0.065625
0 0.713895 0.890293 0.080641 0.074336
0 0.791715 0.902850 0.087500 0.064767
0 0.785464 0.771875 0.096876 0.078125
0 0.536917 0.804712 0.063472 0.071924
0 0.894057 0.678906 0.092186 0.070312
0 0.909619 0.745406 0.110813 0.037686
0 0.980231 0.072969 0.039538 0.076562
0 0.938590 0.115938 0.081249 0.084375
0 0.973199 0.683594 0.053601 0.064062
0 0.753433 0.682031 0.085940 0.067188
0 0.047280 0.944948 0.042746 0.068653