0 0.557642 0.200160 0.097150 0.097211
0 0.501295 0.266155 0.108808 0.097077
0 0.440814 0.334008 0.087285 0.085115
0 0.520725 0.336184 0.077720 0.081518
0 0.912160 0.615933 0.092779 0.094560
0 0.853627 0.639649 0.080311 0.082406
0 0.044415 0.463288 0.088830 0.114613
0 0.116301 0.437214 0.101595 0.115209
0 0.058290 0.497606 0.116580 0.098052
0 0.044041 0.395610 0.088082 0.091739
0 0.376888 0.856828 0.142001 0.116644
0 0.092665 0.780908 0.115188 0.098085
0 0.023965 0.807443 0.047925 0.094958
0 0.467852 0.869819 0.110929 0.120466
0 0.540693 0.984960 0.118670 0.030080
0 0.014249 0.757772 0.028497 0.075130
0 0.407383 0.089378 0.068653 0.085492