0 0.988923 0.001148 0.022153 0.002295
0 0.978627 0.020078 0.042746 0.040155
0 0.674058 0.307088 0.076096 0.082156
0 0.922470 0.293394 0.079931 0.073834
0 0.852077 0.292381 0.105487 0.109544
0 0.740933 0.533031 0.088082 0.089378
0 0.899611 0.533435 0.086788 0.088570
0 0.559707 0.656555 0.082659 0.083263
0 0.499573 0.673223 0.075983 0.082198
0 0.382772 0.671121 0.053109 0.051541
0 0.972798 0.791916 0.054404 0.108528
0 0.923575 0.929404 0.069948 0.073834
0 0.119171 0.447539 0.051813 0.060881
0 0.634715 0.760363 0.090674 0.038860
0 0.726036 0.170984 0.058290 0.067358
0 0.792098 0.862694 0.091969 0.080311