0 0.912754 0.146681 0.085004 0.087706
0 0.979652 0.317369 0.040695 0.097150
0 0.959979 0.527859 0.068813 0.083656
0 0.573404 0.887450 0.097149 0.101197
0 0.584872 0.961604 0.090404 0.076792
0 0.277229 0.931303 0.090404 0.078259
0 0.075505 0.681006 0.051272 0.071512
0 0.022237 0.701922 0.044473 0.086356
0 0.048523 0.282287 0.089056 0.075563
0 0.221905 0.125766 0.074213 0.064766
0 0.227978 0.020380 0.086358 0.040759
0 0.033706 0.063025 0.067412 0.076909
0 0.049871 0.436781 0.040481 0.055322
0 0.607808 0.105528 0.079609 0.078259
0 0.629400 0.226291 0.049923 0.085006
0 0.574753 0.228313 0.094451 0.102547
0 0.217617 0.204663 0.054404 0.059585
0 0.130829 0.247409 0.054404 0.041451