0 0.242652 0.181250 0.103123 0.125000
0 0.148121 0.184375 0.110939 0.109375
0 0.147336 0.299219 0.109374 0.101562
0 0.779368 0.016406 0.104688 0.032812
0 0.970855 0.019430 0.058290 0.038860
0 0.754369 0.220313 0.104688 0.115625
0 0.412961 0.537500 0.078123 0.084375
0 0.214527 0.843750 0.106248 0.093750
0 0.868433 0.324844 0.067187 0.082812
0 0.946557 0.392813 0.092186 0.075000
0 0.877025 0.506875 0.071877 0.093750
0 0.845774 0.685781 0.115625 0.117188
0 0.951013 0.726406 0.097974 0.123437
0 0.987047 0.676813 0.025906 0.058290
0 0.959607 0.940844 0.080786 0.089814
0 0.018782 0.716321 0.037564 0.103627
0 0.692358 0.102979 0.094560 0.099741
0 0.009715 0.201425 0.019430 0.079016
0 0.023316 0.285622 0.046632 0.094560