0 0.397760 0.014249 0.101220 0.028497
0 0.027547 0.035724 0.055093 0.071448
0 0.582055 0.029659 0.087185 0.059318
0 0.558050 0.085550 0.091153 0.085377
0 0.517487 0.146447 0.094560 0.090822
0 0.533679 0.225209 0.075130 0.070166
0 0.715608 0.158075 0.082292 0.072766
0 0.791842 0.199653 0.087491 0.083159
0 0.920044 0.369872 0.104815 0.085759
0 0.597365 0.269819 0.095288 0.102219
0 0.185698 0.202454 0.105287 0.096617
0 0.024611 0.127322 0.049222 0.123875
0 0.027114 0.190125 0.054228 0.074497
0 0.088445 0.130353 0.080563 0.083159
0 0.903584 0.462559 0.099617 0.087491
0 0.964137 0.477773 0.071726 0.098858
0 0.916147 0.539656 0.116076 0.111747
0 0.782310 0.546588 0.094423 0.082294
0 0.513339 0.514969 0.098752 0.081428
0 0.557951 0.485084 0.094423 0.075363
0 0.505109 0.437441 0.084027 0.077097
0 0.212951 0.617685 0.097414 0.080692
0 0.100518 0.519418 0.089120 0.067333
0 0.302470 0.238650 0.094543 0.069332
0 0.146508 0.349093 0.101305 0.068653
0 0.248418 0.378886 0.088656 0.073834
0 0.589746 0.623202 0.070684 0.062465
0 0.451425 0.908661 0.120466 0.115250
0 0.508140 0.967984 0.107414 0.064031
0 0.610104 0.748057 0.082902 0.084197
0 0.803756 0.112047 0.079016 0.055699
0 0.088731 0.256477 0.079016 0.082902
0 0.299223 0.038860 0.113990 0.077720
0 0.837435 0.702073 0.089378 0.088083
0 0.947539 0.598446 0.071244 0.082902