0 0.037565 0.264063 0.075130 0.087500
0 0.129057 0.025000 0.076563 0.050000
0 0.118523 0.132015 0.076425 0.051595
0 0.175930 0.315415 0.079689 0.081606
0 0.250888 0.016192 0.073353 0.032383
0 0.393117 0.532699 0.098437 0.078352
0 0.351715 0.682031 0.100002 0.098437
0 0.270461 0.816406 0.096876 0.085938
0 0.158676 0.751016 0.076430 0.082343
0 0.270725 0.918851 0.088083 0.084577
0 0.554055 0.928125 0.085940 0.081250
0 0.672805 0.915625 0.089060 0.081250
0 0.692338 0.976563 0.065626 0.046874
0 0.702495 0.835156 0.085940 0.082812
0 0.680621 0.638281 0.095311 0.079687
0 0.735684 0.579250 0.080445 0.077251
0 0.744682 0.706250 0.073438 0.075000
0 0.965388 0.724650 0.069224 0.060699
0 0.906709 0.707102 0.051867 0.048920
0 0.839368 0.678164 0.082814 0.066173
0 0.860751 0.598051 0.081606 0.079522
0 0.903543 0.542500 0.089288 0.075000
0 0.966169 0.125000 0.067661 0.060881
0 0.920337 0.281088 0.063472 0.067358