0 0.094457 0.591201 0.088289 0.073594
0 0.129575 0.672609 0.092689 0.082294
0 0.170984 0.489444 0.075130 0.093651
0 0.009997 0.832431 0.019994 0.088356
0 0.644559 0.087891 0.133405 0.115212
0 0.565298 0.246775 0.104815 0.102359
0 0.393135 0.264249 0.084197 0.075130
0 0.195596 0.151554 0.088083 0.054404
0 0.642487 0.295337 0.111399 0.106218
0 0.672280 0.509067 0.080311 0.072539
0 0.920459 0.035932 0.116945 0.071864
0 0.815543 0.060233 0.120209 0.086788
0 0.894905 0.301422 0.124738 0.119544
0 0.955683 0.258541 0.088634 0.130803
0 0.902202 0.406859 0.081606 0.077474
0 0.966511 0.660182 0.066978 0.079431
0 0.795337 0.277202 0.088083 0.090674
0 0.302461 0.205959 0.086788 0.080311
0 0.985104 0.394430 0.029792 0.079016
0 0.502591 0.240933 0.056995 0.056995