0 0.434790 0.889832 0.083788 0.082773
0 0.509180 0.841181 0.074905 0.081326
0 0.727271 0.896569 0.093553 0.090091
0 0.758455 0.807347 0.095288 0.074497
0 0.504209 0.640594 0.077094 0.063237
0 0.869770 0.590350 0.087491 0.087491
0 0.737401 0.600297 0.057703 0.071061
0 0.821689 0.511953 0.084891 0.079694
0 0.820596 0.576507 0.042746 0.064932
0 0.435344 0.442653 0.084891 0.074497
0 0.381638 0.393278 0.091824 0.086625
0 0.955891 0.281531 0.088218 0.091822
0 0.895277 0.318347 0.098845 0.099619
0 0.939936 0.379850 0.099617 0.104816
0 0.755580 0.229682 0.078517 0.065582
0 0.859456 0.232513 0.066062 0.071244
0 0.595600 0.067569 0.090090 0.081428
0 0.563983 0.032919 0.084027 0.065834
0 0.635251 0.094875 0.058513 0.061545
0 0.790072 0.047209 0.082292 0.084025
0 0.852878 0.030319 0.081428 0.060637
0 0.891192 0.068653 0.067358 0.069948
0 0.774281 0.253808 0.062836 0.051969