0 0.883276 0.200781 0.090625 0.082812
0 0.962731 0.273438 0.074537 0.106250
0 0.411400 0.429437 0.103123 0.066127
0 0.334057 0.587500 0.092186 0.075000
0 0.905930 0.626052 0.085939 0.060395
0 0.691545 0.612184 0.088413 0.081881
0 0.690308 0.713281 0.079689 0.079688
0 0.505931 0.703125 0.101562 0.093750
0 0.419212 0.821094 0.087500 0.082812
0 0.303587 0.976563 0.081249 0.046874
0 0.523900 0.938281 0.109374 0.117188
0 0.734055 0.859375 0.098437 0.093750
0 0.836398 0.876563 0.096876 0.090625
0 0.972887 0.912500 0.054226 0.075000
0 0.110619 0.794906 0.076563 0.042312
0 0.020725 0.145078 0.041450 0.075130