0 0.173168 0.022021 0.081126 0.044041
0 0.400411 0.025762 0.095551 0.051523
0 0.441944 0.082316 0.069480 0.073710
0 0.357399 0.511003 0.097887 0.089363
0 0.451874 0.512301 0.091070 0.091960
0 0.538787 0.295375 0.103774 0.099619
0 0.538010 0.404956 0.071031 0.071031
0 0.451343 0.383300 0.060717 0.086625
0 0.506380 0.530994 0.070141 0.084025
0 0.553756 0.036917 0.086788 0.071244
0 0.741403 0.909974 0.089733 0.079016
0 0.758420 0.219560 0.084197 0.084197
0 0.832873 0.184287 0.080368 0.091372
0 0.696891 0.126977 0.077720 0.077787
0 0.643455 0.186092 0.086147 0.088956
0 0.851247 0.566944 0.087661 0.079694
0 0.970855 0.431995 0.058290 0.086788
0 0.912565 0.470207 0.068653 0.080311
0 0.908679 0.768782 0.058290 0.066062
0 0.634067 0.459197 0.055699 0.042746
0 0.599741 0.431347 0.044041 0.054404
0 0.477979 0.445596 0.075130 0.059585