0 0.360104 0.642757 0.088083 0.105679
0 0.471259 0.796084 0.101351 0.105681
0 0.492724 0.728094 0.081910 0.080540
0 0.361679 0.469941 0.129936 0.120409
0 0.455959 0.463717 0.095855 0.111425
0 0.387953 0.547845 0.097150 0.090839
0 0.103470 0.450884 0.136992 0.134269
0 0.196246 0.471254 0.123052 0.126445
0 0.112630 0.294525 0.141197 0.136869
0 0.020584 0.280440 0.041167 0.073834
0 0.201855 0.256577 0.118675 0.106017
0 0.185442 0.210908 0.113573 0.113525
0 0.045337 0.075797 0.090674 0.142931
0 0.459845 0.257011 0.113990 0.105150
0 0.423615 0.157225 0.129071 0.136000
0 0.496581 0.138945 0.126008 0.113302
0 0.942358 0.204639 0.104922 0.113941
0 0.558290 0.154145 0.059585 0.093264
0 0.447539 0.360104 0.068653 0.064767
0 0.260363 0.678756 0.072539 0.051813
0 0.382772 0.819301 0.050518 0.045337