0 0.045337 0.970207 0.090674 0.059585
0 0.085845 0.868253 0.114614 0.106500
0 0.098018 0.524412 0.108528 0.128813
0 0.174088 0.531003 0.092299 0.117656
0 0.031005 0.122756 0.062009 0.063900
0 0.036269 0.274611 0.072538 0.064767
0 0.970207 0.949482 0.059585 0.101036
0 0.772668 0.799183 0.102332 0.108728
0 0.638092 0.729014 0.097428 0.074609
0 0.361297 0.965674 0.093467 0.068652
0 0.316592 0.910465 0.081141 0.074816
0 0.226831 0.761247 0.102441 0.099400
0 0.154818 0.697347 0.096355 0.089256
0 0.757124 0.544689 0.081606 0.081606
0 0.566744 0.363342 0.092037 0.084197
0 0.842617 0.359456 0.081606 0.066062
0 0.247624 0.339306 0.121716 0.121712
0 0.244171 0.236998 0.110104 0.111301
0 0.974093 0.222150 0.051813 0.058290