0 0.802554 0.338244 0.084530 0.073816
0 0.703737 0.082272 0.084530 0.059528
0 0.808509 0.166800 0.072624 0.071434
0 0.735288 0.166206 0.052386 0.058337
0 0.391812 0.237641 0.098817 0.096434
0 0.771600 0.608503 0.105962 0.109531
0 0.904347 0.584691 0.088102 0.085722
0 0.921610 0.751966 0.105962 0.096434
0 0.359664 0.779347 0.113105 0.120247
0 0.971224 0.842447 0.057552 0.075006
0 0.201913 0.170372 0.064291 0.035716
0 0.558488 0.023873 0.065480 0.047745
0 0.459845 0.319948 0.069948 0.077720
0 0.444948 0.887953 0.055699 0.037565