0 0.015857 0.382031 0.031713 0.101563
0 0.012731 0.581250 0.025462 0.112500
0 0.036917 0.548575 0.073834 0.050518
0 0.039090 0.259970 0.077260 0.076935
0 0.128825 0.321993 0.081729 0.065859
0 0.256711 0.139338 0.103123 0.109926
0 0.209058 0.185084 0.101562 0.085791
0 0.301244 0.033679 0.107813 0.067358
0 0.092564 0.716228 0.097046 0.095668
0 0.229367 0.729870 0.082814 0.099636
0 0.223901 0.896875 0.090625 0.093750
0 0.135280 0.957812 0.086622 0.084375
0 0.098446 0.917098 0.075130 0.095855
0 0.190305 0.965625 0.070312 0.068750
0 0.519110 0.345313 0.101676 0.109375
0 0.343817 0.824049 0.079205 0.082472
0 0.293273 0.868750 0.053124 0.084375
0 0.256556 0.825000 0.064061 0.075000
0 0.331554 0.978125 0.070312 0.043750
0 0.419054 0.975389 0.104688 0.049222
0 0.740037 0.913131 0.109607 0.111237
0 0.452650 0.021875 0.109374 0.043750
0 0.877591 0.937403 0.099741 0.100194
0 0.833900 0.956250 0.106248 0.087500
0 0.768135 0.015544 0.075130 0.031088
0 0.893782 0.058290 0.051813 0.049223