0 0.563884 0.013096 0.067464 0.026192
0 0.470471 0.108709 0.100679 0.088225
0 0.348516 0.114934 0.095490 0.075769
0 0.988232 0.104556 0.023536 0.067466
0 0.901212 0.094178 0.079919 0.081997
0 0.817143 0.074456 0.096529 0.094453
0 0.702971 0.130503 0.088224 0.094453
0 0.742408 0.204716 0.088224 0.085109
0 0.661451 0.208350 0.069541 0.044631
0 0.593987 0.276334 0.086146 0.093413
0 0.647957 0.319406 0.077846 0.059162
0 0.523407 0.365597 0.088224 0.089263
0 0.412868 0.258169 0.095490 0.075769
0 0.450750 0.218209 0.048781 0.064353
0 0.215144 0.352622 0.069541 0.069541
0 0.109271 0.312141 0.036326 0.050859
0 0.071906 0.266991 0.081996 0.087188
0 0.034024 0.244678 0.056048 0.063313
0 0.143003 0.723163 0.076807 0.042556
0 0.723209 0.901688 0.066430 0.071616
0 0.788600 0.887156 0.074730 0.075769
0 0.820255 0.769869 0.069541 0.065391
0 0.909000 0.813462 0.078885 0.073694
0 0.915744 0.685278 0.065391 0.064353
0 0.967642 0.654659 0.050859 0.040478
0 0.714378 0.361399 0.076425 0.093264