0 0.204059 0.770902 0.094472 0.085846
0 0.121310 0.461694 0.072765 0.068434
0 0.096189 0.322663 0.076229 0.081428
0 0.084928 0.175400 0.079693 0.074497
0 0.767109 0.874262 0.097906 0.090492
0 0.944948 0.659326 0.068653 0.069948
0 0.966321 0.520940 0.067358 0.078149
0 0.892487 0.514249 0.062176 0.082902
0 0.796526 0.646644 0.085704 0.100494
0 0.371121 0.727007 0.079029 0.083548
0 0.447885 0.401166 0.095288 0.097668
0 0.324425 0.345855 0.089264 0.075130
0 0.081606 0.066710 0.059585 0.058290
0 0.123705 0.071244 0.034974 0.041451
0 0.594560 0.536269 0.082902 0.077720
0 0.402850 0.691710 0.038860 0.049223
0 0.511658 0.332254 0.046632 0.053109