0 0.492888 0.007684 0.105534 0.015368
0 0.287596 0.197525 0.117101 0.104091
0 0.347596 0.267641 0.083848 0.108428
0 0.328801 0.119456 0.086743 0.078066
0 0.994019 0.042380 0.011962 0.084760
0 0.767565 0.030091 0.108424 0.060182
0 0.875994 0.313903 0.117101 0.131556
0 0.959123 0.340647 0.072286 0.075175
0 0.057733 0.959462 0.093972 0.081076
0 0.857922 0.716528 0.052043 0.098306
0 0.779855 0.628341 0.080958 0.080959
0 0.614326 0.734597 0.096862 0.114209
0 0.591917 0.903744 0.092524 0.096863
0 0.454573 0.879891 0.147462 0.130112
0 0.338196 0.955847 0.154686 0.088306
0 0.237720 0.986930 0.092524 0.026140
0 0.278201 0.800378 0.086743 0.089631
0 0.217482 0.726647 0.112762 0.127222
0 0.158934 0.388356 0.114210 0.112763
0 0.486383 0.653641 0.063610 0.088188
0 0.389521 0.691228 0.106981 0.119991
0 0.386630 0.548828 0.101200 0.080959
0 0.375787 0.390525 0.059272 0.065056
0 0.307839 0.491722 0.070838 0.062166
0 0.735104 0.909326 0.086788 0.075130