0 0.622297 0.988342 0.063696 0.023316
0 0.975768 0.980262 0.048464 0.039476
0 0.969681 0.867209 0.060637 0.085200
0 0.619866 0.800269 0.079111 0.073028
0 0.697456 0.687681 0.072013 0.068972
0 0.652830 0.647619 0.061871 0.059844
0 0.650292 0.707969 0.070998 0.066944
0 0.744315 0.587269 0.068365 0.071000
0 0.741500 0.643563 0.068813 0.069984
0 0.817435 0.666111 0.082747 0.074515
0 0.869378 0.543653 0.077085 0.064913
0 0.978627 0.511197 0.042746 0.075056
0 0.977979 0.655143 0.044041 0.058991
0 0.675925 0.545491 0.075612 0.075439
0 0.715391 0.503886 0.051083 0.054404
0 0.662465 0.479756 0.079115 0.066944
0 0.562049 0.428028 0.081141 0.066944
0 0.525703 0.405979 0.074722 0.068435
0 0.740485 0.369289 0.070844 0.067122
0 0.604275 0.404145 0.040155 0.046632
0 0.972798 0.127591 0.054404 0.068653
0 0.926813 0.163212 0.047927 0.064767
0 0.866580 0.212435 0.067358 0.062176
0 0.837435 0.275259 0.045337 0.055699
0 0.817358 0.022668 0.059585 0.045336
0 0.933938 0.275907 0.062176 0.046632
0 0.832902 0.361399 0.046632 0.056995
0 0.945596 0.216969 0.072539 0.076425
0 0.808290 0.963083 0.064767 0.073834