0 0.055076 0.041547 0.073630 0.060637
0 0.064119 0.230570 0.086788 0.069948
0 0.172730 0.327193 0.087183 0.076665
0 0.095355 0.641856 0.107414 0.097019
0 0.187179 0.660916 0.088355 0.086625
0 0.163359 0.796484 0.084027 0.075363
0 0.057242 0.825503 0.072765 0.060638
0 0.032520 0.870547 0.065040 0.077962
0 0.012161 0.698162 0.024321 0.090091
0 0.579159 0.585492 0.087491 0.077720
0 0.502285 0.719548 0.055016 0.042770
0 0.444889 0.673475 0.078828 0.063237
0 0.753013 0.505380 0.101880 0.101434
0 0.868960 0.491776 0.109231 0.123448
0 0.942635 0.397253 0.095115 0.082070
0 0.965212 0.584484 0.069575 0.057569
0 0.882772 0.115285 0.079016 0.075130
0 0.790090 0.329575 0.102216 0.099619
0 0.420984 0.824482 0.069948 0.076425
0 0.084197 0.705311 0.067358 0.068653
0 0.052461 0.752591 0.053109 0.064767
0 0.015544 0.442358 0.031088 0.084197
0 0.116580 0.293394 0.062176 0.066062
0 0.342617 0.017487 0.071244 0.034974
0 0.119171 0.944301 0.054404 0.049223
0 0.041451 0.928756 0.041451 0.054404