0 0.227698 0.045875 0.102549 0.091750
0 0.073205 0.057347 0.068813 0.090403
0 0.091417 0.209144 0.086358 0.097150
0 0.305286 0.232756 0.093102 0.117391
0 0.186545 0.256369 0.071515 0.107944
0 0.353184 0.316412 0.080958 0.068816
0 0.326196 0.375781 0.078260 0.093103
0 0.237818 0.373759 0.082306 0.089053
0 0.312707 0.466187 0.094451 0.098500
0 0.387592 0.504641 0.085004 0.094453
0 0.434141 0.444597 0.086358 0.098500
0 0.592014 0.456741 0.045877 0.074212
0 0.729640 0.406141 0.067464 0.029684
0 0.806550 0.306969 0.099847 0.111994
0 0.905053 0.160569 0.105247 0.110644
0 0.830840 0.129534 0.089056 0.094453
0 0.929338 0.689497 0.064766 0.083656
0 0.854453 0.694219 0.085004 0.090403
0 0.689835 0.698269 0.079609 0.087706
0 0.616976 0.647669 0.090404 0.091753
0 0.557605 0.599094 0.082306 0.102547
0 0.480018 0.609213 0.075562 0.101197
0 0.424022 0.622031 0.087707 0.094453
0 0.521848 0.738072 0.091753 0.094453
0 0.601456 0.752241 0.067464 0.063419
0 0.688486 0.796766 0.101200 0.098500
0 0.850406 0.972933 0.052621 0.054134
0 0.982513 0.954016 0.034974 0.058290