0 0.927961 0.032812 0.087500 0.065624
0 0.353743 0.023438 0.076563 0.046875
0 0.277960 0.009375 0.096876 0.018750
0 0.183429 0.065625 0.082814 0.093750
0 0.090463 0.064063 0.087500 0.087500
0 0.631870 0.118750 0.104688 0.093750
0 0.610777 0.170313 0.090625 0.062500
0 0.741244 0.119531 0.079688 0.092187
0 0.519244 0.982031 0.079938 0.035937
0 0.655304 0.679688 0.089060 0.090625
0 0.822493 0.709375 0.085940 0.106250
0 0.903742 0.746094 0.089060 0.129688
0 0.850618 0.413281 0.098437 0.098437
0 0.925620 0.385938 0.079689 0.090625
0 0.845932 0.552344 0.060935 0.070312
0 0.671712 0.466406 0.112499 0.098437
0 0.534214 0.507813 0.125001 0.106250