0 0.699307 0.967312 0.100679 0.065376
0 0.599662 0.837578 0.102756 0.102756
0 0.750166 0.790353 0.071619 0.095491
0 0.628205 0.680850 0.099640 0.098603
0 0.645332 0.561491 0.111056 0.100678
0 0.695152 0.349753 0.059164 0.075769
0 0.641182 0.328475 0.055009 0.068503
0 0.556591 0.425522 0.070580 0.042556
0 0.467329 0.519972 0.087185 0.108981
0 0.585135 0.033458 0.090301 0.066916
0 0.411799 0.047716 0.090301 0.088225
0 0.258184 0.184203 0.081996 0.085109
0 0.182415 0.052903 0.050859 0.055009
0 0.117024 0.076256 0.077846 0.074731
0 0.059421 0.132306 0.072657 0.053972
0 0.013104 0.119850 0.026208 0.089263
0 0.096269 0.961613 0.057086 0.053972