0 0.015700 0.523437 0.031400 0.071875
0 0.031736 0.591406 0.063472 0.082813
0 0.118118 0.442969 0.095311 0.104688
0 0.128275 0.046094 0.084374 0.089063
0 0.060308 0.079687 0.076563 0.075000
0 0.105621 0.141406 0.079689 0.082812
0 0.171242 0.140625 0.079689 0.071875
0 0.261867 0.045312 0.085939 0.090624
0 0.290152 0.254688 0.078123 0.103125
0 0.239369 0.293750 0.095311 0.100000
0 0.435849 0.174219 0.086725 0.104688
0 0.834037 0.752332 0.090355 0.095337
0 0.985387 0.803125 0.029226 0.087500
0 0.937182 0.940625 0.076563 0.081250
0 0.295984 0.069948 0.079016 0.085492