0 0.253589 0.078445 0.118750 0.102485
0 0.398898 0.096875 0.115625 0.100000
0 0.639321 0.196624 0.099596 0.100502
0 0.701245 0.294531 0.104688 0.089062
0 0.797244 0.213617 0.099813 0.085266
0 0.614779 0.322656 0.102614 0.104688
0 0.507492 0.228906 0.110939 0.120313
0 0.440305 0.306250 0.110939 0.112500
0 0.343429 0.247782 0.114064 0.108063
0 0.214479 0.320503 0.128036 0.112881
0 0.192648 0.203906 0.103123 0.104688
0 0.090306 0.189459 0.079688 0.083582
0 0.421557 0.396875 0.117190 0.093750
0 0.392652 0.473437 0.090625 0.084375
0 0.580929 0.462500 0.098437 0.087500
0 0.678417 0.432201 0.096534 0.094972
0 0.553738 0.510938 0.099704 0.084375
0 0.547927 0.686719 0.095855 0.085938
0 0.593350 0.838941 0.098274 0.084618
0 0.408943 0.967617 0.108042 0.064766
0 0.991638 0.640937 0.016724 0.106250
0 0.971325 0.532344 0.057349 0.092187
0 0.015544 0.768135 0.031088 0.082902