0 0.025544 0.341406 0.051088 0.070312
0 0.277651 0.303906 0.059375 0.067188
0 0.333121 0.337500 0.057815 0.062500
0 0.854679 0.085156 0.073438 0.070312
0 0.786713 0.086464 0.068752 0.077073
0 0.647649 0.882812 0.103123 0.103125
0 0.760135 0.784375 0.093720 0.096875
0 0.911714 0.638350 0.106248 0.070450
0 0.757411 0.575992 0.091396 0.086358
0 0.518742 0.877656 0.101562 0.092188
0 0.474995 0.147188 0.060935 0.065625
0 0.221867 0.018906 0.085940 0.037812
0 0.049870 0.092617 0.071244 0.058290
0 0.112047 0.086140 0.063472 0.042746
0 0.333549 0.849093 0.050518 0.050518
0 0.356218 0.878238 0.054404 0.051813
0 0.588083 0.231218 0.059585 0.076425
0 0.584845 0.305052 0.053109 0.060881
0 0.897668 0.880181 0.041451 0.058290