0 0.037414 0.503576 0.074827 0.101657
0 0.111624 0.427100 0.109576 0.099168
0 0.039049 0.342356 0.078098 0.073594
0 0.051929 0.274484 0.098127 0.081772
0 0.022696 0.201706 0.045391 0.106303
0 0.026783 0.155916 0.053566 0.053969
0 0.464063 0.558234 0.078499 0.086678
0 0.224471 0.146103 0.093220 0.089950
0 0.508219 0.270397 0.101398 0.089950
0 0.413364 0.228691 0.088313 0.075231
0 0.255542 0.238506 0.073593 0.071959
0 0.174589 0.066784 0.088313 0.068688
0 0.171318 0.016219 0.091584 0.032437
0 0.190128 0.513259 0.070326 0.075231
0 0.787878 0.057788 0.107940 0.083406
0 0.772345 0.119934 0.112847 0.080138
0 0.615285 0.134067 0.056995 0.094560
0 0.716739 0.361162 0.106305 0.101397
0 0.813230 0.238506 0.106305 0.101397
0 0.504948 0.557416 0.045792 0.068688
0 0.523757 0.608931 0.057241 0.057241
0 0.536020 0.564775 0.042521 0.050700
0 0.238333 0.072506 0.075148 0.067053
0 0.902361 0.851101 0.081771 0.070077
0 0.811671 0.838252 0.076710 0.072877
0 0.630875 0.939282 0.071962 0.067032
0 0.728184 0.988044 0.067055 0.023912
0 0.215674 0.667746 0.055699 0.060881
0 0.268782 0.699482 0.050518 0.036269
0 0.496762 0.759715 0.053109 0.060881
0 0.014896 0.447539 0.029792 0.032383