0 0.016493 0.040055 0.032986 0.080109
0 0.219665 0.347781 0.116945 0.109147
0 0.316731 0.358808 0.094516 0.088083
0 0.016494 0.689084 0.032988 0.076231
0 0.525019 0.708575 0.081428 0.082294
0 0.652850 0.716321 0.082902 0.080311
0 0.666938 0.570542 0.079990 0.086894
0 0.055076 0.841547 0.073630 0.060638
0 0.343127 0.796632 0.072813 0.080311
0 0.633420 0.264896 0.080311 0.079016
0 0.884715 0.917098 0.095855 0.064767
0 0.908332 0.578206 0.089225 0.081428
0 0.813406 0.397591 0.088214 0.082294
0 0.551870 0.617188 0.077964 0.077962
0 0.138238 0.492012 0.080563 0.063238