0 0.169749 0.813016 0.097450 0.115441
0 0.138268 0.887225 0.076460 0.083956
0 0.060512 0.795025 0.121024 0.124437
0 0.026780 0.666841 0.053560 0.107944
0 0.050769 0.496675 0.101537 0.115441
0 0.451607 0.758294 0.097450 0.092953
0 0.534812 0.797272 0.074960 0.080959
0 0.483840 0.609869 0.116941 0.122937
0 0.556554 0.614366 0.046478 0.062969
0 0.767946 0.592628 0.064465 0.088456
0 0.896876 0.963102 0.082457 0.073795
0 0.779940 0.946447 0.067464 0.067466
0 0.407381 0.071644 0.104946 0.104947
0 0.447857 0.017832 0.092952 0.035664
0 0.328670 0.037322 0.070462 0.074644
0 0.525816 0.139859 0.116941 0.079459
0 0.423121 0.281537 0.094451 0.089953
0 0.313472 0.375648 0.056995 0.041451
0 0.173575 0.641192 0.046632 0.044041
0 0.386658 0.222150 0.032383 0.053109