0 0.035622 0.025259 0.071244 0.050518
0 0.021326 0.176563 0.042651 0.081250
0 0.090307 0.234375 0.076563 0.071875
0 0.129369 0.165625 0.101562 0.081250
0 0.149682 0.093750 0.089060 0.087500
0 0.251244 0.158594 0.092186 0.079687
0 0.372843 0.087500 0.088510 0.075000
0 0.425518 0.029145 0.086788 0.058290
0 0.428589 0.186719 0.068752 0.073437
0 0.037731 0.260938 0.075462 0.059375
0 0.421427 0.323021 0.079426 0.074166
0 0.505979 0.222150 0.073535 0.076425
0 0.072339 0.621875 0.071877 0.081250
0 0.148902 0.656250 0.071877 0.075000
0 0.209057 0.639512 0.076563 0.075899
0 0.139772 0.499919 0.046384 0.062338
0 0.473117 0.550781 0.082814 0.073437
0 0.416451 0.534375 0.063472 0.068750
0 0.148117 0.779687 0.085939 0.075000
0 0.687964 0.017969 0.087500 0.035938
0 0.539853 0.101332 0.091279 0.074539
0 0.559057 0.387435 0.082814 0.074870
0 0.641086 0.410156 0.068752 0.079687
0 0.799683 0.305469 0.092186 0.098437
0 0.949683 0.205311 0.079689 0.079016
0 0.820015 0.544531 0.067224 0.089062
0 0.498901 0.698438 0.093751 0.084375
0 0.362963 0.831250 0.096876 0.087500
0 0.297927 0.864868 0.062176 0.048388
0 0.371555 0.957031 0.085940 0.085937
0 0.198709 0.984375 0.071494 0.031250
0 0.010363 0.943860 0.020725 0.071657
0 0.544994 0.911250 0.070312 0.065625
0 0.608275 0.836250 0.071877 0.068750
0 0.637180 0.896813 0.076563 0.074250
0 0.797466 0.858161 0.071615 0.068653
0 0.844210 0.905000 0.074998 0.087500
0 0.986480 0.646632 0.027040 0.106736
0 0.434585 0.224741 0.063472 0.034974