0 0.501885 0.077569 0.058125 0.069541
0 0.442204 0.092619 0.084074 0.093413
0 0.379929 0.042800 0.084074 0.066428
0 0.385635 0.127909 0.097567 0.091338
0 0.431305 0.228587 0.078885 0.068503
0 0.547033 0.466275 0.079919 0.068503
0 0.469192 0.508831 0.088224 0.078881
0 0.442721 0.565397 0.087185 0.084072
0 0.567276 0.598091 0.095490 0.083034
0 0.676255 0.623522 0.062275 0.071616
0 0.768116 0.581484 0.081996 0.089263
0 0.208671 0.727316 0.092374 0.081997
0 0.128230 0.794259 0.047743 0.053972
0 0.293261 0.745997 0.103795 0.098603
0 0.452065 0.830588 0.097567 0.087188
0 0.616057 0.776616 0.060198 0.064353
0 0.719852 0.781806 0.033215 0.043594
0 0.676255 0.801525 0.093412 0.087188
0 0.671066 0.863803 0.066430 0.031138
0 0.782127 0.795300 0.053970 0.064353
0 0.230465 0.901688 0.084074 0.090300
0 0.257452 0.965633 0.081996 0.068734
0 0.385118 0.913103 0.067464 0.040478
0 0.423522 0.286713 0.071619 0.053972