0 0.115306 0.194219 0.070312 0.064062
0 0.185618 0.208281 0.067187 0.076562
0 0.139678 0.077812 0.074693 0.065625
0 0.052025 0.094219 0.074998 0.076563
0 0.029138 0.223906 0.058276 0.070312
0 0.196555 0.395000 0.067187 0.075000
0 0.220774 0.298906 0.071877 0.079688
0 0.288746 0.579688 0.073437 0.078125
0 0.202026 0.485156 0.090625 0.082813
0 0.402025 0.716406 0.062501 0.064063
0 0.475462 0.728125 0.068752 0.081250
0 0.430930 0.753906 0.048438 0.064063
0 0.116086 0.564844 0.087500 0.076563
0 0.065308 0.792188 0.079688 0.084375
0 0.431710 0.978906 0.081249 0.042188
0 0.842340 0.971875 0.093751 0.056250
0 0.890773 0.945689 0.090625 0.080497
0 0.589992 0.975000 0.076563 0.050000
0 0.582961 0.882031 0.074998 0.076562
0 0.524371 0.922656 0.076563 0.079687
0 0.501712 0.804688 0.065626 0.075000
0 0.504838 0.854688 0.068752 0.043750
0 0.544679 0.807031 0.048438 0.073438
0 0.574369 0.796875 0.060936 0.081250
0 0.689994 0.745312 0.067186 0.065625
0 0.667335 0.825781 0.081249 0.073437
0 0.791556 0.775781 0.082814 0.079688
0 0.739212 0.644531 0.068752 0.060937
0 0.736087 0.696094 0.068752 0.045312
0 0.782965 0.646875 0.043752 0.068750
0 0.644681 0.637500 0.067186 0.075000
0 0.912652 0.631250 0.084374 0.087500
0 0.860308 0.551562 0.079689 0.084375
0 0.964919 0.550000 0.070162 0.087500
0 0.537648 0.566406 0.062501 0.067188
0 0.467336 0.552344 0.081249 0.076562
0 0.611086 0.423438 0.074998 0.071875
0 0.698586 0.391406 0.071877 0.082813
0 0.668900 0.488281 0.062501 0.064063
0 0.661089 0.535156 0.074998 0.060938
0 0.767337 0.564062 0.068752 0.084375
0 0.895464 0.314844 0.074998 0.079687
0 0.960230 0.250781 0.079539 0.085938
0 0.978199 0.307812 0.043602 0.065625
0 0.835309 0.294531 0.060936 0.073437
0 0.750929 0.224219 0.073438 0.076562
0 0.794682 0.185156 0.070312 0.064062
0 0.714213 0.216406 0.053124 0.079687
0 0.654439 0.199288 0.060173 0.051425
0 0.647668 0.275781 0.067358 0.064062
0 0.752495 0.138281 0.073438 0.076562
0 0.812650 0.092969 0.074998 0.076562
0 0.861088 0.147656 0.068752 0.070312
0 0.914212 0.137500 0.043752 0.056250
0 0.082902 0.224093 0.038860 0.062176
0 0.947539 0.431995 0.050518 0.053109
0 0.947539 0.363990 0.045337 0.033679