0 0.319666 0.052384 0.071619 0.074731
0 0.237669 0.226756 0.067464 0.076806
0 0.037617 0.304603 0.075234 0.099641
0 0.119864 0.418256 0.097567 0.090300
0 0.176950 0.521009 0.107945 0.117287
0 0.043056 0.566678 0.085112 0.084072
0 0.139068 0.652309 0.079919 0.053972
0 0.298910 0.760253 0.121439 0.112097
0 0.573959 0.836541 0.123516 0.088225
0 0.680348 0.889994 0.118322 0.126628
0 0.606652 0.770113 0.058125 0.055009
0 0.652844 0.644525 0.075769 0.046706
0 0.801265 0.811631 0.084074 0.094453
0 0.257391 0.382966 0.096529 0.100678
0 0.265695 0.480531 0.086146 0.088225
0 0.329526 0.529313 0.049820 0.071616
0 0.404256 0.495063 0.091340 0.106906
0 0.797632 0.498175 0.110022 0.162956
0 0.656477 0.524644 0.132855 0.153612
0 0.936714 0.035534 0.110022 0.071068
0 0.907137 0.734825 0.077846 0.094453
0 0.896755 0.849516 0.100679 0.083034