0 0.500648 0.725389 0.066062 0.093264
0 0.248705 0.541451 0.072539 0.082902
0 0.972366 0.372487 0.055267 0.114344
0 0.966969 0.228706 0.066062 0.076266
0 0.898316 0.323141 0.094560 0.128147
0 0.836324 0.428047 0.101964 0.102454
0 0.746114 0.398149 0.090674 0.099408
0 0.584197 0.307606 0.101036 0.107586
0 0.536731 0.233887 0.116076 0.100484
0 0.493523 0.270078 0.080311 0.084197
0 0.389249 0.200501 0.081606 0.077167
0 0.388601 0.092617 0.080311 0.084197
0 0.481865 0.089459 0.067358 0.074968
0 0.432642 0.020078 0.088083 0.040155
0 0.553756 0.624352 0.081606 0.075130
0 0.023316 0.309585 0.046632 0.121762
0 0.039508 0.483161 0.079016 0.139896
0 0.127591 0.407383 0.086788 0.091969
0 0.199482 0.447539 0.126943 0.110104
0 0.163860 0.505181 0.120466 0.082902
0 0.419041 0.697539 0.055699 0.079016