0 0.054206 0.976684 0.078116 0.046632
0 0.057733 0.883705 0.063291 0.066786
0 0.086558 0.792098 0.067817 0.079016
0 0.116748 0.615510 0.078056 0.077270
0 0.155774 0.474404 0.071877 0.070569
0 0.187025 0.645586 0.074998 0.081328
0 0.239298 0.491234 0.057673 0.069345
0 0.495886 0.676094 0.065223 0.070313
0 0.461056 0.554868 0.083069 0.071612
0 0.430289 0.480000 0.074655 0.078125
0 0.391399 0.450313 0.071877 0.065625
0 0.391399 0.508114 0.071877 0.071854
0 0.528118 0.377656 0.070312 0.070312
0 0.594524 0.502344 0.068752 0.070313
0 0.742964 0.692969 0.096876 0.098437
0 0.841401 0.700000 0.090625 0.087500
0 0.914838 0.710156 0.081249 0.101562
0 0.967575 0.625000 0.064850 0.100000
0 0.961326 0.825781 0.077348 0.098437
0 0.860929 0.497656 0.101562 0.098437
0 0.885460 0.410156 0.094365 0.082813
0 0.875777 0.326562 0.103123 0.084375
0 0.838275 0.196094 0.090625 0.076563
0 0.952731 0.260156 0.094538 0.129688