0 0.064523 0.828438 0.103123 0.103125
0 0.126243 0.866719 0.076563 0.092188
0 0.392649 0.048437 0.081249 0.075000
0 0.377026 0.119531 0.090625 0.073438
0 0.450463 0.303109 0.074998 0.059585
0 0.225465 0.682031 0.106248 0.114062
0 0.023964 0.520912 0.047927 0.098073
0 0.697929 0.965000 0.073054 0.070000
0 0.680152 0.840938 0.090625 0.087500
0 0.762961 0.851094 0.081249 0.092188
0 0.842342 0.838731 0.074383 0.089378
0 0.894214 0.972813 0.071877 0.054374
0 0.962961 0.965781 0.062501 0.068437
0 0.396980 0.847188 0.102414 0.103125
0 0.311889 0.866719 0.077145 0.095312
0 0.406711 0.745625 0.093751 0.075000
0 0.409836 0.661250 0.112499 0.100000
0 0.480148 0.787813 0.084374 0.090625
0 0.510398 0.408125 0.069877 0.056250
0 0.569301 0.321244 0.042746 0.051813
0 0.762188 0.444684 0.092204 0.086259
0 0.670776 0.645625 0.081249 0.081250
0 0.777804 0.653437 0.067186 0.075000
0 0.938742 0.594844 0.110939 0.089062
0 0.905931 0.501094 0.079689 0.079688
0 0.972886 0.440243 0.054227 0.067014
0 0.534057 0.045313 0.079689 0.090625
0 0.962732 0.015625 0.074536 0.031250
0 0.915307 0.017188 0.064061 0.034375