0 0.915306 0.190845 0.070312 0.070810
0 0.976012 0.208281 0.047975 0.076562
0 0.933639 0.077813 0.075727 0.065625
0 0.852025 0.094219 0.074998 0.076563
0 0.819215 0.223906 0.078123 0.070312
0 0.792746 0.254050 0.051813 0.061849
0 0.981481 0.375641 0.037038 0.036282
0 0.462964 0.521562 0.100002 0.103125
0 0.337898 0.582500 0.103258 0.112500
0 0.408275 0.744531 0.084374 0.089063
0 0.407495 0.923437 0.076563 0.068750
0 0.978357 0.485156 0.043286 0.082813
0 0.878598 0.223551 0.056275 0.065852
0 0.908966 0.561856 0.073259 0.070588
0 0.865308 0.792188 0.079689 0.084375
0 0.782663 0.757124 0.073098 0.063472
0 0.632535 0.944301 0.073360 0.056995
0 0.777202 0.015544 0.067358 0.031088