0 0.193345 0.931544 0.069541 0.077844
0 0.118615 0.912341 0.081996 0.074731
0 0.136259 0.972258 0.079919 0.055484
0 0.066718 0.922200 0.044631 0.042556
0 0.887748 0.072627 0.061291 0.072715
0 0.951386 0.244950 0.097228 0.095491
0 0.898101 0.182675 0.061236 0.053972
0 0.892912 0.310859 0.065391 0.075769
0 0.750196 0.311378 0.049820 0.049822
0 0.755902 0.346150 0.030099 0.025947
0 0.903806 0.406869 0.091340 0.095491
0 0.955017 0.560481 0.089966 0.110022
0 0.960726 0.724994 0.078547 0.108981
0 0.823888 0.705794 0.078885 0.091337
0 0.735664 0.790384 0.128705 0.129741
0 0.959690 0.855253 0.080620 0.110022
0 0.988231 0.985232 0.023538 0.029536
0 0.896373 0.500000 0.082902 0.095855
0 0.933290 0.052461 0.050518 0.060881
0 0.968264 0.073187 0.040155 0.040155