0 0.027887 0.888594 0.055774 0.098438
0 0.279993 0.905000 0.101562 0.096875
0 0.297181 0.787813 0.085940 0.084375
0 0.213587 0.744844 0.100002 0.098438
0 0.416711 0.769062 0.087500 0.096875
0 0.496400 0.747188 0.078123 0.093750
0 0.113589 0.516719 0.093751 0.085938
0 0.310463 0.429219 0.081249 0.085938
0 0.293275 0.333906 0.081249 0.073438
0 0.340933 0.254219 0.101562 0.073438
0 0.301086 0.062813 0.100002 0.084375
0 0.222183 0.101094 0.073438 0.073438
0 0.249523 0.162031 0.071877 0.060938
0 0.184682 0.163594 0.082814 0.067188
0 0.140149 0.112813 0.078123 0.071875
0 0.111244 0.183125 0.060935 0.068750
0 0.508902 0.040625 0.074998 0.068750
0 0.457338 0.039844 0.081249 0.054688
0 0.420617 0.010938 0.070312 0.021875
0 0.655777 0.075000 0.084374 0.087500
0 0.603433 0.196094 0.085940 0.079688
0 0.575308 0.238281 0.095311 0.079688
0 0.523744 0.322656 0.073437 0.067188
0 0.517493 0.392187 0.070312 0.062500
0 0.465149 0.427344 0.081249 0.079688
0 0.419056 0.564844 0.067186 0.073438
0 0.453432 0.632031 0.076563 0.064062
0 0.575308 0.521094 0.101562 0.082812
0 0.598742 0.597656 0.089060 0.092188
0 0.692493 0.345313 0.117190 0.090625
0 0.648745 0.420312 0.054689 0.059375
0 0.793275 0.943281 0.090625 0.085938
0 0.786244 0.568281 0.098437 0.085938
0 0.876089 0.565156 0.081249 0.082812
0 0.739371 0.667500 0.079689 0.075000
0 0.838588 0.019687 0.084374 0.039374
0 0.869838 0.268750 0.093751 0.100000