0 0.172774 0.797022 0.062811 0.072584
0 0.223722 0.743981 0.114459 0.114459
0 0.151836 0.670700 0.023730 0.065603
0 0.130202 0.027916 0.075374 0.055831
0 0.192317 0.016750 0.068394 0.033500
0 0.190921 0.092125 0.082353 0.092125
0 0.119034 0.087241 0.078166 0.101897
0 0.255828 0.212169 0.078166 0.078166
0 0.151140 0.335000 0.080958 0.078166
0 0.130202 0.290334 0.030710 0.044666
0 0.183941 0.268700 0.073978 0.057228
0 0.239077 0.376875 0.080958 0.089334
0 0.827423 0.040478 0.099104 0.080956
0 0.943925 0.024612 0.083652 0.049221
0 0.896518 0.248459 0.080958 0.111666
0 0.900705 0.330813 0.050252 0.061416
0 0.724827 0.516459 0.111667 0.120041
0 0.539182 0.572294 0.125626 0.097709
0 0.622931 0.672794 0.108876 0.117250
0 0.641077 0.762128 0.120043 0.111666
0 0.583150 0.905897 0.073978 0.067000
0 0.234189 0.044666 0.087937 0.086541
0 0.898609 0.597419 0.054435 0.083750
0 0.971987 0.647669 0.056026 0.069791
0 0.885351 0.672794 0.061415 0.075375
0 0.941882 0.751659 0.082353 0.071188
0 0.980267 0.783066 0.030710 0.039084
0 0.906289 0.801209 0.094916 0.089334
0 0.520339 0.985751 0.087937 0.028498
0 0.983153 0.959230 0.033694 0.081540
0 0.503886 0.022668 0.093264 0.045336
0 0.427461 0.592617 0.085492 0.097150
0 0.880829 0.382772 0.064767 0.071244
0 0.884067 0.011010 0.042746 0.022020