0 0.191062 0.303165 0.112694 0.127055
0 0.105438 0.378238 0.128503 0.116580
0 0.126893 0.600481 0.100415 0.098384
0 0.048487 0.979008 0.096974 0.041984
0 0.393651 0.916451 0.100415 0.107513
0 0.251943 0.896373 0.071244 0.075130
0 0.306423 0.784974 0.106497 0.098446
0 0.431347 0.776476 0.101036 0.089222
0 0.530440 0.930125 0.081606 0.090272
0 0.900259 0.958549 0.103627 0.082902
0 0.580959 0.838758 0.117876 0.112749
0 0.759067 0.753886 0.101036 0.106218
0 0.578142 0.695319 0.100193 0.089256
0 0.088353 0.719153 0.100415 0.092300
0 0.972150 0.618523 0.055699 0.073834
0 0.305202 0.346032 0.112995 0.114345
0 0.322218 0.386005 0.073180 0.075141
0 0.404793 0.354922 0.091969 0.098446
0 0.983612 0.309384 0.032775 0.076072
0 0.500648 0.032383 0.071244 0.064766
0 0.424153 0.016839 0.084336 0.033678
0 0.224741 0.077073 0.084197 0.097150
0 0.479275 0.896373 0.062176 0.054404
0 0.742876 0.523316 0.060881 0.064767
0 0.375648 0.181995 0.054404 0.073834
0 0.121114 0.045337 0.089378 0.072539
0 0.238342 0.404793 0.080311 0.079016
0 0.134067 0.501943 0.037565 0.055699
0 0.319301 0.611399 0.066062 0.049223
0 0.280440 0.533679 0.053109 0.082902