0 0.615137 0.933125 0.098150 0.093750
0 0.363373 0.977332 0.060819 0.045336
0 0.238990 0.765938 0.081606 0.087500
0 0.370344 0.684948 0.093509 0.090104
0 0.031088 0.531224 0.062176 0.077448
0 0.192325 0.168295 0.068718 0.067160
0 0.130621 0.019430 0.092186 0.038860
0 0.831870 0.942500 0.092186 0.090625
0 0.978043 0.574531 0.043913 0.067188
0 0.941710 0.568911 0.041451 0.059070
0 0.792098 0.507772 0.079016 0.088083
0 0.806262 0.437539 0.084027 0.084923
0 0.851036 0.355570 0.075130 0.068653
0 0.770698 0.247197 0.101092 0.078144
0 0.695932 0.198750 0.089060 0.081250
0 0.765464 0.165156 0.074998 0.067188
0 0.782652 0.051051 0.096876 0.089149