0 0.579700 0.577609 0.067464 0.075769
0 0.692312 0.103794 0.074730 0.089262
0 0.756148 0.130259 0.057086 0.073694
0 0.794030 0.169181 0.070580 0.099641
0 0.886925 0.196169 0.061236 0.087188
0 0.856309 0.253775 0.074730 0.094453
0 0.749398 0.296847 0.064352 0.078881
0 0.687645 0.285431 0.069541 0.080959
0 0.728121 0.357566 0.059164 0.075769
0 0.805968 0.347706 0.084074 0.083034
0 0.783652 0.483675 0.047743 0.043594
0 0.753031 0.523116 0.069541 0.070578
0 0.701656 0.578128 0.056047 0.080959
0 0.648203 0.589544 0.055009 0.072656
0 0.934151 0.223156 0.068503 0.085109
0 0.989911 0.103275 0.020177 0.077844
0 0.991987 0.033731 0.016026 0.067462
0 0.991467 0.284913 0.017066 0.073694
0 0.975900 0.334212 0.048200 0.064353
0 0.980050 0.820484 0.039900 0.077844
0 0.920657 0.843319 0.045670 0.065391
0 0.717744 0.973816 0.069541 0.052368
0 0.844888 0.844356 0.035288 0.075769