0 0.119653 0.023306 0.098131 0.046612
0 0.199383 0.049678 0.088318 0.084637
0 0.410982 0.023919 0.079731 0.047837
0 0.395646 0.060106 0.049068 0.066238
0 0.437965 0.070531 0.062557 0.077278
0 0.501753 0.049066 0.067464 0.073600
0 0.150320 0.198103 0.120212 0.101813
0 0.085305 0.237356 0.058877 0.052747
0 0.107997 0.271703 0.084638 0.084637
0 0.163198 0.355728 0.106718 0.105491
0 0.093892 0.404178 0.098131 0.091997
0 0.425087 0.285809 0.088318 0.058878
0 0.411593 0.345300 0.085864 0.084637
0 0.508498 0.364313 0.095678 0.098131
0 0.566764 0.307275 0.087091 0.089544
0 0.613378 0.386394 0.094451 0.095678
0 0.840919 0.136772 0.100585 0.077278
0 0.854413 0.210369 0.100585 0.099359
0 0.837850 0.345913 0.091998 0.090772
0 0.729294 0.491884 0.076051 0.073600
0 0.666737 0.547697 0.105491 0.101813
0 0.115357 0.714522 0.060104 0.052747
0 0.131304 0.781988 0.101811 0.094453
0 0.062613 0.804678 0.079731 0.080959
0 0.125170 0.945131 0.106718 0.087091
0 0.291381 0.936544 0.098131 0.089544
0 0.312846 0.498019 0.087091 0.095678
0 0.335542 0.562416 0.095678 0.067466
0 0.246609 0.583269 0.067464 0.072372
0 0.193250 0.483297 0.053970 0.076053
0 0.018734 0.449566 0.037468 0.055200
0 0.047559 0.517644 0.095118 0.085866
0 0.155838 0.569163 0.062557 0.078506
0 0.106159 0.631722 0.071144 0.088319
0 0.987311 0.270879 0.025377 0.043735
0 0.948864 0.417672 0.100585 0.101812
0 0.957451 0.533591 0.083411 0.093225
0 0.871587 0.614550 0.098131 0.095678
0 0.962780 0.631722 0.074440 0.090772
0 0.920650 0.702869 0.088318 0.100584
0 0.778973 0.683241 0.096905 0.088319
0 0.645883 0.750094 0.088318 0.067466
0 0.663668 0.863559 0.079731 0.071147
0 0.986086 0.731081 0.027828 0.093225
0 0.600495 0.276609 0.080958 0.079731
0 0.896732 0.484525 0.062557 0.066238
0 0.753828 0.977777 0.061330 0.044445
0 0.829016 0.961140 0.046632 0.051813