0 0.054685 0.040803 0.082340 0.081606
0 0.966302 0.029227 0.067395 0.058453
0 0.485618 0.033125 0.057171 0.066250
0 0.029281 0.130353 0.058557 0.100484
0 0.655564 0.350344 0.095609 0.086699
0 0.667099 0.425313 0.101351 0.089225
0 0.361427 0.320939 0.090730 0.090065
0 0.034042 0.382431 0.068084 0.107416
0 0.185030 0.495478 0.103950 0.092688
0 0.156444 0.842844 0.107414 0.097887
0 0.309394 0.824092 0.085875 0.083418
0 0.713878 0.945895 0.135999 0.108210
0 0.575777 0.027850 0.050518 0.055699
0 0.556347 0.090026 0.037565 0.053109
0 0.585492 0.432642 0.064767 0.072539