0 0.037731 0.732464 0.075462 0.102429
0 0.115308 0.801562 0.117190 0.103125
0 0.743653 0.955781 0.064507 0.076562
0 0.319213 0.960313 0.112499 0.079374
0 0.413096 0.812506 0.105984 0.090013
0 0.508417 0.809585 0.097155 0.077720
0 0.375926 0.555052 0.113432 0.110104
0 0.458113 0.464375 0.069075 0.075000
0 0.515313 0.413860 0.085954 0.099741
0 0.858161 0.383906 0.107513 0.104688
0 0.761922 0.620939 0.097918 0.097501
0 0.377091 0.217500 0.118875 0.125000
0 0.121114 0.235751 0.071244 0.077720
0 0.273900 0.290937 0.100002 0.090625
0 0.245305 0.040000 0.107190 0.080000
0 0.138448 0.036875 0.072844 0.073750
0 0.326244 0.015000 0.117190 0.030000
0 0.984607 0.612500 0.030786 0.112500
0 0.947887 0.512500 0.104226 0.090625
0 0.919210 0.788281 0.087500 0.089062
0 0.185881 0.826425 0.081606 0.075130
0 0.238990 0.806347 0.029793 0.024611
0 0.181347 0.307642 0.056995 0.081606
0 0.373705 0.327720 0.071244 0.093264
0 0.894430 0.188472 0.104922 0.091969