0 0.106558 0.116406 0.082814 0.067187
0 0.113590 0.164844 0.093751 0.057812
0 0.508117 0.032031 0.085939 0.064062
0 0.606218 0.016839 0.069948 0.033678
0 0.801038 0.016192 0.081351 0.032383
0 0.982576 0.014844 0.034848 0.029687
0 0.952648 0.072656 0.071877 0.079687
0 0.860462 0.053906 0.074998 0.092187
0 0.970074 0.209375 0.059852 0.081250
0 0.976325 0.540625 0.047350 0.068750
0 0.952648 0.556250 0.071877 0.071875
0 0.732335 0.603906 0.068752 0.076562
0 0.683902 0.665625 0.071877 0.081250
0 0.814369 0.682813 0.067187 0.065625
0 0.893277 0.628906 0.056250 0.054687
0 0.962024 0.781250 0.071877 0.075000
0 0.926723 0.757092 0.058110 0.060816