0 0.054680 0.085156 0.073438 0.070312
0 0.010544 0.084375 0.021088 0.081250
0 0.111714 0.648438 0.106248 0.090625
0 0.595306 0.880000 0.057815 0.050000
0 0.646085 0.780000 0.074998 0.071875
0 0.408590 0.748750 0.093751 0.093750
0 0.527340 0.472969 0.068752 0.073438
0 0.862652 0.402656 0.089375 0.101562
0 0.838273 0.577656 0.096876 0.092188
0 0.909370 0.825313 0.089060 0.081250
0 0.387496 0.383125 0.092186 0.084375
0 0.449992 0.183125 0.114064 0.087500
0 0.432474 0.094844 0.108472 0.095312
0 0.678901 0.138575 0.093751 0.082850
0 0.957023 0.587031 0.065626 0.085938
0 0.713276 0.501875 0.071877 0.062500
0 0.625777 0.409688 0.059375 0.059375
0 0.370466 0.812824 0.051813 0.084197
0 0.019430 0.759067 0.038860 0.038860
0 0.016839 0.808938 0.033678 0.042746