0 0.022748 0.620669 0.045496 0.085759
0 0.035307 0.554400 0.070614 0.091822
0 0.097036 0.559166 0.078828 0.077097
0 0.082743 0.631063 0.086626 0.089225
0 0.156811 0.630197 0.094423 0.096153
0 0.217610 0.288894 0.101022 0.104816
0 0.323129 0.315750 0.090954 0.097887
0 0.380733 0.565228 0.072765 0.078828
0 0.486849 0.532744 0.084027 0.117809
0 0.557885 0.531012 0.090954 0.119544
0 0.119995 0.145097 0.097022 0.104816
0 0.200553 0.093988 0.095288 0.084025
0 0.056601 0.090653 0.075917 0.069907
0 0.473858 0.238219 0.104815 0.112612
0 0.743262 0.136869 0.103085 0.077962
0 0.669195 0.070166 0.084891 0.086625
0 0.753654 0.070166 0.099617 0.095287
0 0.200553 0.580822 0.079693 0.070166
0 0.289346 0.558731 0.092689 0.083159
0 0.241269 0.623700 0.076229 0.069300
0 0.847645 0.304053 0.084891 0.084894
0 0.932104 0.301022 0.101351 0.089225
0 0.876955 0.819221 0.082877 0.073993
0 0.293394 0.174223 0.076425 0.081606
0 0.439767 0.433938 0.086788 0.093264
0 0.432642 0.499352 0.046632 0.045337
0 0.470207 0.620466 0.077720 0.067358
0 0.600389 0.571244 0.107513 0.106218
0 0.836140 0.560881 0.058290 0.067358
0 0.927461 0.522021 0.062176 0.080311
0 0.900259 0.582254 0.072539 0.042746
0 0.037565 0.033031 0.075130 0.060881
0 0.018135 0.093912 0.036269 0.045337