0 0.060305 0.975781 0.092186 0.048438
0 0.137649 0.810156 0.084374 0.079688
0 0.192057 0.845236 0.074436 0.068596
0 0.131402 0.665366 0.078123 0.068232
0 0.207961 0.683990 0.078123 0.072644
0 0.267571 0.704777 0.071411 0.077947
0 0.363432 0.653906 0.073437 0.082813
0 0.429838 0.670312 0.087500 0.078125
0 0.384526 0.746094 0.087500 0.073438
0 0.339378 0.870422 0.075130 0.075219
0 0.865933 0.179501 0.079016 0.084003
0 0.855762 0.143086 0.079400 0.076328
0 0.963355 0.136719 0.073290 0.098437
0 0.671244 0.567969 0.089060 0.076562
0 0.617335 0.600781 0.093751 0.073438
0 0.597150 0.702344 0.072539 0.067188
0 0.788307 0.385921 0.060691 0.059407
0 0.910507 0.710492 0.067586 0.068653
0 0.907965 0.803125 0.084374 0.078125
0 0.607513 0.737047 0.062176 0.036269