0 0.028497 0.970207 0.056994 0.059585
0 0.945596 0.786917 0.108808 0.107513
0 0.718912 0.654145 0.082902 0.116580
0 0.823187 0.623057 0.089378 0.101036
0 0.934047 0.562824 0.131906 0.086788
0 0.872409 0.580959 0.073834 0.097150
0 0.014896 0.437152 0.029792 0.102379
0 0.011011 0.361399 0.022020 0.067358
0 0.764129 0.244469 0.161271 0.147072
0 0.435524 0.180063 0.100454 0.117656
0 0.340674 0.171901 0.088083 0.087326
0 0.991354 0.046417 0.017292 0.092834
0 0.353627 0.722176 0.080311 0.084146
0 0.257772 0.176166 0.046632 0.064767
0 0.229922 0.107513 0.076425 0.077720
0 0.533031 0.222150 0.102332 0.071244
0 0.753238 0.599741 0.094560 0.077720
0 0.356865 0.032383 0.040155 0.064766