0 0.519430 0.969560 0.077720 0.060880
0 0.588433 0.944062 0.095311 0.109375
0 0.529838 0.869062 0.118750 0.096875
0 0.520461 0.778437 0.100002 0.090625
0 0.643902 0.823750 0.096876 0.115625
0 0.499213 0.539844 0.125001 0.107813
0 0.450774 0.639062 0.109374 0.103125
0 0.313276 0.470313 0.090625 0.081250
0 0.325773 0.394531 0.084374 0.089063
0 0.301554 0.302344 0.101562 0.095312
0 0.223431 0.254688 0.089060 0.093750
0 0.106218 0.275781 0.067358 0.098437
0 0.105461 0.098429 0.100002 0.090641
0 0.481245 0.028125 0.098437 0.056250
0 0.488276 0.089844 0.096876 0.085938
0 0.632772 0.056250 0.071244 0.100000
0 0.969918 0.271875 0.060164 0.090625
0 0.857024 0.341406 0.081249 0.079687
0 0.896085 0.629687 0.106248 0.106250
0 0.764838 0.654687 0.106248 0.090625
0 0.747650 0.582812 0.084374 0.075000
0 0.693746 0.458594 0.082814 0.082813
0 0.505464 0.359375 0.081249 0.081250
0 0.460151 0.414063 0.084374 0.071875
0 0.944524 0.969531 0.078123 0.060938
0 0.955311 0.579016 0.060881 0.056995