0 0.634995 0.904219 0.076563 0.079688
0 0.609995 0.976719 0.076563 0.046562
0 0.557651 0.935469 0.084374 0.076562
0 0.552181 0.297969 0.167188 0.160938
0 0.695150 0.025156 0.162498 0.050312
0 0.980231 0.819844 0.039537 0.079688
0 0.973980 0.650312 0.052039 0.090625
0 0.780775 0.770625 0.078123 0.087500
0 0.848504 0.772668 0.069832 0.060881
0 0.765447 0.568242 0.077527 0.073360
0 0.872180 0.555781 0.085939 0.089062
0 0.907336 0.469062 0.087500 0.087500
0 0.967733 0.580000 0.064534 0.087500
0 0.733901 0.100313 0.134373 0.109375
0 0.780440 0.900259 0.068653 0.080311