0 0.347112 0.090618 0.077798 0.093154
0 0.270862 0.082931 0.077447 0.082156
0 0.223277 0.129723 0.050181 0.054025
0 0.198691 0.074279 0.070957 0.081201
0 0.045984 0.170337 0.091968 0.094560
0 0.902582 0.137953 0.087227 0.076425
0 0.971575 0.126051 0.056850 0.081117
0 0.287565 0.391889 0.067358 0.068753
0 0.614441 0.573844 0.109712 0.100413
0 0.764896 0.577720 0.050518 0.054404
0 0.843264 0.908364 0.108808 0.106884
0 0.886956 0.954663 0.096555 0.090674
0 0.956361 0.843353 0.087278 0.090851
0 0.484456 0.709845 0.088083 0.072539
0 0.862047 0.795984 0.097150 0.081606
0 0.943653 0.165803 0.053109 0.062176
0 0.523964 0.117228 0.053109 0.042746
0 0.583549 0.027202 0.066062 0.054404
0 0.190415 0.413860 0.059585 0.068653