0 0.615537 0.867228 0.084989 0.053109
0 0.560917 0.810692 0.088355 0.079932
0 0.684790 0.485100 0.103950 0.095288
0 0.682191 0.560031 0.088355 0.075362
0 0.713808 0.588184 0.080563 0.067569
0 0.185396 0.340003 0.090954 0.082294
0 0.171968 0.262993 0.100486 0.080390
0 0.216580 0.018191 0.094423 0.036381
0 0.250796 0.527981 0.114346 0.096153
0 0.965403 0.430094 0.069193 0.097888
0 0.885757 0.649488 0.095288 0.068900
0 0.928207 0.761434 0.072765 0.074497
0 0.898320 0.212666 0.099617 0.082294
0 0.849374 0.396744 0.097022 0.076231
0 0.801072 0.969769 0.066250 0.059772
0 0.716969 0.333549 0.066062 0.071244
0 0.988990 0.281736 0.022020 0.050518
0 0.980570 0.919689 0.038860 0.077720
0 0.569948 0.704016 0.085492 0.073834