0 0.010782 0.265709 0.021564 0.124553
0 0.040365 0.057087 0.080730 0.076806
0 0.017011 0.022316 0.034022 0.044631
0 0.014937 0.148425 0.029874 0.130778
0 0.049187 0.131816 0.098374 0.107944
0 0.160130 0.224712 0.090301 0.094453
0 0.171029 0.282316 0.051897 0.058125
0 0.099411 0.297366 0.091340 0.096528
0 0.235899 0.253256 0.075769 0.085109
0 0.051263 0.665312 0.102526 0.107944
0 0.221888 0.694375 0.095490 0.091337
0 0.083844 0.760803 0.101717 0.099641
0 0.039213 0.876531 0.068503 0.069541
0 0.296618 0.856812 0.087185 0.086147
0 0.019087 0.983156 0.038174 0.033687
0 0.505242 0.837091 0.126627 0.131816
0 0.971106 0.385072 0.057788 0.110022
0 0.823888 0.093931 0.099640 0.113134