0 0.795015 0.862281 0.088727 0.068184
0 0.735574 0.858161 0.074775 0.060881
0 0.280037 0.975389 0.119659 0.049222
0 0.360751 0.987694 0.063472 0.024611
0 0.134976 0.819301 0.095333 0.086788
0 0.956973 0.662096 0.086054 0.087724
0 0.895030 0.602497 0.090579 0.061845
0 0.900944 0.723446 0.086863 0.081606
0 0.051813 0.519400 0.103626 0.098506
0 0.401554 0.473446 0.072539 0.076425
0 0.341663 0.192358 0.117192 0.104922
0 0.306370 0.047194 0.107467 0.089256
0 0.171594 0.033679 0.125571 0.067358
0 0.081606 0.021373 0.077720 0.042746
0 0.176813 0.604922 0.063472 0.072539
0 0.637306 0.323187 0.051813 0.066062
0 0.703368 0.301813 0.038860 0.054404