0 0.138785 0.367153 0.086358 0.094453
0 0.422815 0.352309 0.076911 0.080959
0 0.237283 0.504106 0.099847 0.098500
0 0.219070 0.594512 0.101200 0.098500
0 0.108423 0.603281 0.103898 0.107944
0 0.375590 0.704481 0.074213 0.080959
0 0.517939 0.750356 0.099847 0.083656
0 0.622514 0.789488 0.079609 0.097150
0 0.700097 0.836712 0.091753 0.107944
0 0.786454 0.762500 0.097149 0.110644
0 0.849871 0.840759 0.091753 0.107944
0 0.853246 0.975702 0.109294 0.048595
0 0.626560 0.980424 0.085004 0.039152
0 0.069968 0.200216 0.086358 0.099096
0 0.022841 0.245432 0.045682 0.066812
0 0.066471 0.404622 0.036133 0.032043
0 0.904350 0.962912 0.078402 0.074175