0 0.000769 0.075900 0.001538 0.096863
0 0.027516 0.041203 0.055032 0.082403
0 0.094065 0.085297 0.086743 0.086741
0 0.026071 0.228419 0.052142 0.104091
0 0.097680 0.226972 0.082405 0.098306
0 0.186590 0.225528 0.092524 0.095416
0 0.197433 0.311547 0.085296 0.085297
0 0.788716 0.684534 0.102643 0.093969
0 0.717878 0.700438 0.067948 0.079512
0 0.800283 0.773444 0.102643 0.109872
0 0.702701 0.826934 0.092524 0.106981
0 0.632582 0.774887 0.111319 0.112762
0 0.239357 0.425031 0.088186 0.080959
0 0.180085 0.379494 0.062167 0.070837
0 0.107075 0.432259 0.078067 0.063609
0 0.316700 0.463344 0.072286 0.079513
0 0.417900 0.526231 0.092524 0.095416
0 0.201047 0.586950 0.083848 0.072284
0 0.222009 0.514666 0.062167 0.086741
0 0.291400 0.667184 0.067948 0.099753
0 0.219118 0.698269 0.082405 0.086741
0 0.355733 0.714169 0.101200 0.112762
0 0.344890 0.803803 0.088186 0.092525
0 0.229961 0.841391 0.083848 0.086741
0 0.443200 0.889097 0.093972 0.089631
0 0.364409 0.947650 0.095415 0.093969
0 0.010889 0.807416 0.021777 0.105534