0 0.170236 0.678256 0.083035 0.089263
0 0.219539 0.431747 0.084074 0.090300
0 0.322291 0.158772 0.071619 0.079922
0 0.339417 0.052903 0.085112 0.092375
0 0.685568 0.057056 0.084074 0.079922
0 0.504970 0.117775 0.084074 0.118325
0 0.934151 0.908159 0.089262 0.088225
0 0.812195 0.963688 0.048781 0.062275
0 0.625887 0.785681 0.095490 0.084072
0 0.587483 0.878059 0.085112 0.086147
0 0.477983 0.876500 0.100679 0.107944
0 0.566207 0.208075 0.061236 0.078881
0 0.603055 0.425003 0.076807 0.064353
0 0.639381 0.412547 0.062275 0.047744
0 0.351355 0.871831 0.059164 0.067466
0 0.240294 0.948119 0.067464 0.060200
0 0.125083 0.981325 0.081996 0.037350
0 0.611876 0.344044 0.071619 0.078881
0 0.293394 0.025259 0.084197 0.050518
0 0.169689 0.327720 0.077720 0.108808