0 0.033031 0.862694 0.066062 0.075130
0 0.900245 0.092465 0.103599 0.092273
0 0.850389 0.039508 0.042746 0.079016
0 0.960429 0.020132 0.079142 0.040264
0 0.966493 0.148544 0.067014 0.109147
0 0.483808 0.636658 0.094560 0.094560
0 0.277850 0.833629 0.117876 0.112854
0 0.644300 0.944405 0.089638 0.077512
0 0.157114 0.942444 0.128778 0.094386
0 0.154713 0.982513 0.120307 0.034974
0 0.897937 0.831318 0.082365 0.078298
0 0.826425 0.740285 0.080311 0.094560
0 0.143782 0.768394 0.064767 0.082384
0 0.686528 0.981218 0.033679 0.037564
0 0.485104 0.510363 0.066062 0.062176
0 0.597798 0.627591 0.063472 0.068653
0 0.080311 0.769430 0.059585 0.075130