0 0.028237 0.293880 0.056474 0.085816
0 0.105053 0.160569 0.105247 0.110644
0 0.037684 0.129534 0.075368 0.094453
0 0.262921 0.223309 0.048574 0.074212
0 0.129338 0.689497 0.064766 0.083656
0 0.054453 0.694219 0.085004 0.090403
0 0.312173 0.022937 0.071515 0.045874
0 0.380313 0.020241 0.067464 0.040478
0 0.441028 0.120762 0.064766 0.087706
0 0.601599 0.075563 0.113341 0.124137
0 0.698748 0.043178 0.107945 0.086356
0 0.939599 0.106597 0.101200 0.105247
0 0.966089 0.362291 0.067822 0.103897
0 0.667713 0.242200 0.118741 0.106597
0 0.619811 0.302244 0.117392 0.080959
0 0.551675 0.294150 0.067464 0.072862
0 0.606994 0.392650 0.107945 0.094453
0 0.698748 0.362966 0.086358 0.097150
0 0.728433 0.593697 0.107945 0.102547
0 0.774309 0.638897 0.089056 0.133581
0 0.841101 0.592347 0.041830 0.062069
0 0.447100 0.825778 0.093102 0.086356
0 0.522662 0.835897 0.087707 0.082309
0 0.530083 0.899316 0.037779 0.044528
0 0.551675 0.951263 0.070166 0.075562
0 0.785105 0.739422 0.067464 0.064766
0 0.743947 0.785972 0.103898 0.114691
0 0.200176 0.954637 0.066115 0.066116
0 0.050406 0.972933 0.052621 0.054134
0 0.964741 0.508691 0.070518 0.102547
0 0.988352 0.650366 0.023296 0.099850
0 0.973510 0.671281 0.052980 0.076909
0 0.984305 0.754262 0.031390 0.083656
0 0.989702 0.806213 0.020596 0.044528
0 0.930152 0.837247 0.049923 0.058019
0 0.783080 0.897291 0.093102 0.107944
0 0.786454 0.973607 0.086358 0.052786
0 0.677833 0.982378 0.103898 0.035244
0 0.732479 0.471584 0.075562 0.060719
0 0.371762 0.345855 0.062176 0.062176
0 0.860104 0.689119 0.101036 0.085492