0 0.015856 0.781250 0.031712 0.103125
0 0.112961 0.674093 0.074998 0.048187
0 0.047106 0.734375 0.094212 0.093750
0 0.232496 0.743750 0.073437 0.075000
0 0.185269 0.797434 0.080382 0.076117
0 0.380122 0.560921 0.084316 0.090593
0 0.455588 0.542835 0.075871 0.083080
0 0.183728 0.451652 0.092845 0.071697
0 0.190115 0.521875 0.088682 0.068750
0 0.608808 0.500146 0.080311 0.087791
0 0.655440 0.413872 0.064767 0.081631
0 0.797807 0.523437 0.067186 0.071875
0 0.824256 0.589767 0.079467 0.079534
0 0.733742 0.563281 0.073437 0.089063
0 0.918118 0.442969 0.095311 0.104688
0 0.928275 0.046094 0.084374 0.089063
0 0.860308 0.079687 0.076563 0.075000
0 0.905621 0.141406 0.079689 0.082812
0 0.965699 0.140625 0.068602 0.071875
0 0.794041 0.030440 0.064767 0.060880
0 0.124352 0.713731 0.064767 0.036269