0 0.106712 0.622969 0.074998 0.067187
0 0.110618 0.690156 0.079689 0.076562
0 0.193432 0.782344 0.076563 0.070312
0 0.250462 0.746406 0.062501 0.070312
0 0.332719 0.848185 0.083267 0.082380
0 0.137962 0.287813 0.074998 0.071875
0 0.177804 0.105000 0.076563 0.075000
0 0.198118 0.022031 0.092186 0.044062
0 0.018200 0.025000 0.036400 0.050000
0 0.602979 0.709620 0.086788 0.087634
0 0.579348 0.549934 0.079645 0.071117
0 0.753587 0.618303 0.078123 0.073394
0 0.828590 0.080000 0.081249 0.075000
0 0.813743 0.144062 0.079689 0.056250
0 0.796555 0.018125 0.076563 0.036250
0 0.739525 0.029145 0.074998 0.058290
0 0.108808 0.903497 0.059585 0.066062
0 0.226684 0.603627 0.041451 0.054404
0 0.109456 0.503886 0.050518 0.062176
0 0.378238 0.764249 0.059585 0.059585