0 0.087971 0.959375 0.059361 0.081250
0 0.056688 0.028906 0.071925 0.057812
0 0.170773 0.049178 0.074998 0.067268
0 0.209840 0.042815 0.056250 0.067495
0 0.465148 0.165156 0.065626 0.079687
0 0.535460 0.168429 0.062501 0.070018
0 0.503430 0.461250 0.070312 0.071875
0 0.451871 0.492500 0.067186 0.068750
0 0.337806 0.600313 0.073437 0.068750
0 0.174130 0.769844 0.063286 0.070312
0 0.241710 0.738594 0.062501 0.076562
0 0.375308 0.857344 0.092186 0.095312
0 0.492493 0.894844 0.085940 0.085938
0 0.622965 0.715850 0.084374 0.084550
0 0.701868 0.740656 0.070312 0.084938
0 0.027850 0.289375 0.055699 0.090625
0 0.133420 0.976036 0.046632 0.047927
0 0.500648 0.806995 0.073834 0.067358