0 0.017775 0.081447 0.035549 0.087188
0 0.038013 0.027750 0.076026 0.055500
0 0.618345 0.115178 0.096529 0.096528
0 0.975503 0.030344 0.048994 0.060687
0 0.963566 0.923209 0.072868 0.076806
0 0.884054 0.743128 0.096529 0.104831
0 0.802580 0.740013 0.043592 0.069541
0 0.860705 0.313425 0.091340 0.094453
0 0.620939 0.223125 0.056047 0.092375
0 0.585651 0.228313 0.047743 0.077844
0 0.527527 0.580691 0.078885 0.058125
0 0.174632 0.512187 0.080958 0.083034
0 0.018812 0.301488 0.037624 0.091338
0 0.078103 0.339372 0.089262 0.067466
0 0.089003 0.975097 0.088224 0.049806
0 0.013601 0.398964 0.027202 0.080311