0 0.258276 0.187176 0.096876 0.094560
0 0.167746 0.391839 0.081606 0.084197
0 0.268432 0.503125 0.101562 0.093750
0 0.232513 0.470094 0.063472 0.072312
0 0.012731 0.782031 0.025461 0.101562
0 0.054371 0.742969 0.104688 0.114062
0 0.017419 0.976563 0.034838 0.046874
0 0.141086 0.943750 0.131252 0.112500
0 0.372340 0.828125 0.103123 0.093750
0 0.271558 0.719531 0.107813 0.089062
0 0.069993 0.953125 0.089060 0.093750
0 0.860604 0.611719 0.107217 0.107812
0 0.960230 0.618750 0.079539 0.115625
0 0.783745 0.759343 0.085940 0.093815
0 0.878886 0.900631 0.073834 0.086237
0 0.838083 0.279793 0.062176 0.067358