0 0.039138 0.977500 0.078276 0.045000
0 0.134523 0.887280 0.096876 0.085440
0 0.355570 0.918394 0.073834 0.075130
0 0.010232 0.394844 0.020463 0.067187
0 0.027417 0.287031 0.054834 0.070312
0 0.060305 0.191406 0.092186 0.079687
0 0.137649 0.025000 0.084374 0.050000
0 0.192704 0.045624 0.075731 0.069373
0 0.335490 0.070811 0.069943 0.075995
0 0.907965 0.021094 0.084374 0.042188
0 0.699369 0.687269 0.104688 0.097336
0 0.779693 0.738981 0.093463 0.084214
0 0.587650 0.793750 0.090625 0.075000
0 0.548588 0.830469 0.074998 0.076562
0 0.568364 0.869414 0.082324 0.051328