0 0.139599 0.106597 0.101200 0.105247
0 0.309612 0.174059 0.095800 0.105247
0 0.227306 0.247597 0.076911 0.076909
0 0.180752 0.362291 0.097149 0.103897
0 0.007772 0.622193 0.015544 0.100174
0 0.041101 0.592347 0.041830 0.062069
0 0.544391 0.055322 0.098498 0.105247
0 0.503915 0.016866 0.076911 0.033731
0 0.634119 0.107944 0.097149 0.091753
0 0.580826 0.145725 0.085004 0.102547
0 0.554510 0.211841 0.064766 0.048575
0 0.619281 0.269187 0.064766 0.076909
0 0.659085 0.348797 0.055324 0.060719
0 0.572051 0.348122 0.053970 0.080959
0 0.617928 0.435153 0.107945 0.109294
0 0.742741 0.037781 0.074213 0.075562
0 0.580826 0.781250 0.071515 0.072863
0 0.613209 0.512737 0.049923 0.051275
0 0.564634 0.545797 0.068813 0.076909
0 0.613881 0.576156 0.059370 0.078259
0 0.584196 0.605166 0.040481 0.049925
0 0.575425 0.655766 0.068813 0.075562
0 0.265084 0.476306 0.087707 0.089053
0 0.177382 0.508691 0.095800 0.102547
0 0.246195 0.566709 0.079609 0.094453
0 0.220557 0.650366 0.087707 0.099850
0 0.178055 0.671281 0.062068 0.076909
0 0.210437 0.754262 0.083655 0.083656
0 0.195595 0.806213 0.032383 0.044528
0 0.130152 0.837247 0.049923 0.058019
0 0.014815 0.897291 0.029630 0.107944
0 0.014817 0.973607 0.029633 0.052786
0 0.920175 0.282006 0.091753 0.091753
0 0.862154 0.325859 0.053970 0.052622
0 0.064119 0.696244 0.112694 0.091969