0 0.229922 0.916451 0.091969 0.089378
0 0.106865 0.841969 0.099741 0.106218
0 0.217942 0.684131 0.087227 0.086213
0 0.190048 0.708981 0.086212 0.077084
0 0.281839 0.727747 0.085202 0.098384
0 0.289536 0.648472 0.094504 0.084508
0 0.297280 0.324482 0.066062 0.081606
0 0.556995 0.659974 0.082902 0.063472
0 0.582862 0.595802 0.095776 0.108702
0 0.620782 0.610104 0.069317 0.077720
0 0.176357 0.179022 0.119686 0.120700
0 0.227793 0.259404 0.098818 0.112073
0 0.071691 0.163213 0.094960 0.103628
0 0.300098 0.056347 0.109543 0.112694
0 0.389949 0.105570 0.108703 0.104922
0 0.216969 0.075130 0.081606 0.088083
0 0.588660 0.820553 0.098385 0.109544
0 0.638870 0.892059 0.113599 0.110556
0 0.890055 0.763753 0.100719 0.091284
0 0.821891 0.803756 0.079016 0.079016
0 0.872953 0.433866 0.077513 0.077577
0 0.943152 0.419406 0.077085 0.082156
0 0.976140 0.439193 0.047720 0.103480
0 0.917098 0.472150 0.067358 0.060881
0 0.941062 0.011010 0.063472 0.022020
0 0.880181 0.022668 0.058290 0.045336
0 0.814119 0.011010 0.076425 0.022020