0 0.367649 0.598590 0.093751 0.105929
0 0.188744 0.820412 0.101562 0.102699
0 0.095937 0.811725 0.093428 0.091575
0 0.337293 0.804690 0.061165 0.091245
0 0.938484 0.063912 0.084171 0.087201
0 0.546400 0.249219 0.081249 0.082812
0 0.636951 0.251263 0.065477 0.072474
0 0.786881 0.149069 0.081534 0.083112
0 0.808119 0.211719 0.092186 0.079688
0 0.914367 0.364062 0.082814 0.084375
0 0.855777 0.385937 0.084374 0.090625
0 0.508118 0.612500 0.067186 0.087500
0 0.390392 0.522656 0.083892 0.089062
0 0.560462 0.617613 0.056250 0.061650
0 0.734344 0.624352 0.072762 0.067358
0 0.655085 0.806881 0.101747 0.101263
0 0.754194 0.790155 0.087467 0.082902
0 0.973983 0.898437 0.052034 0.096875
0 0.685881 0.872409 0.058290 0.058290