0 0.187152 0.201850 0.087523 0.090806
0 0.166368 0.282259 0.100650 0.098463
0 0.231463 0.294844 0.042667 0.047044
0 0.143390 0.434878 0.072206 0.062359
0 0.243495 0.596797 0.073301 0.077675
0 0.207940 0.637275 0.061265 0.062359
0 0.237479 0.108856 0.094089 0.090806
0 0.567880 0.031181 0.061265 0.062359
0 0.608906 0.233575 0.082053 0.088616
0 0.554748 0.268584 0.072206 0.082053
0 0.499499 0.163013 0.071111 0.061266
0 0.483637 0.245609 0.102841 0.097369
0 0.486372 0.331494 0.099555 0.100650
0 0.405960 0.344622 0.080958 0.100650
0 0.355632 0.261475 0.048137 0.048137
0 0.331564 0.315628 0.091899 0.095181
0 0.291633 0.214431 0.092994 0.083147
0 0.318437 0.105028 0.067830 0.067831
0 0.517007 0.428316 0.084243 0.084241
0 0.686033 0.366500 0.087523 0.087522
0 0.500595 0.495050 0.090804 0.071112
0 0.480356 0.549753 0.065640 0.066737
0 0.713932 0.476453 0.086428 0.084241
0 0.748938 0.516931 0.068926 0.082053
0 0.721043 0.626881 0.067830 0.078772
0 0.844667 0.630162 0.072206 0.085334
0 0.847403 0.770200 0.097370 0.102841
0 0.839746 0.411903 0.075487 0.082053
0 0.826615 0.368144 0.029540 0.036103
0 0.866551 0.366500 0.061264 0.052512
0 0.910857 0.310706 0.077677 0.065641
0 0.892260 0.203491 0.073301 0.072206
0 0.916328 0.093541 0.064550 0.077675
0 0.936021 0.142225 0.062360 0.087522
0 0.975394 0.124396 0.049211 0.088170
0 0.974300 0.050325 0.051399 0.080959
0 0.808290 0.511010 0.062176 0.066062
0 0.674223 0.812824 0.032383 0.050518
0 0.704016 0.770725 0.055699 0.062176