0 0.114846 0.999809 0.103085 0.000382
0 0.060706 0.686347 0.105684 0.082539
0 0.562176 0.862545 0.069948 0.048923
0 0.593884 0.727184 0.094423 0.087491
0 0.247818 0.524913 0.088355 0.079694
0 0.206237 0.553500 0.074500 0.079694
0 0.645390 0.554891 0.100413 0.094237
0 0.108725 0.227356 0.090840 0.090956
0 0.582190 0.163253 0.081428 0.071900
0 0.863342 0.962127 0.086788 0.075745
0 0.759067 0.764403 0.077720 0.080619
0 0.698834 0.586788 0.068653 0.069948
0 0.576425 0.836788 0.069948 0.041451
0 0.616580 0.915155 0.059585 0.076425