0 0.031736 0.448834 0.063472 0.102332
0 0.229275 0.987694 0.036269 0.024611
0 0.225797 0.902202 0.113173 0.102332
0 0.128238 0.840682 0.072539 0.075113
0 0.161399 0.774219 0.109374 0.092188
0 0.243368 0.690641 0.085803 0.093718
0 0.230931 0.579663 0.104688 0.068653
0 0.388601 0.603906 0.072539 0.092188
0 0.393433 0.476563 0.104688 0.090625
0 0.481713 0.453906 0.090625 0.110937
0 0.611401 0.375000 0.087500 0.090625
0 0.453979 0.148438 0.086714 0.075000
0 0.491177 0.081606 0.072051 0.064767
0 0.778589 0.382031 0.106248 0.101563
0 0.716088 0.412500 0.096876 0.103125
0 0.769993 0.581250 0.110939 0.112500
0 0.827137 0.536719 0.081478 0.107812
0 0.841940 0.270333 0.082960 0.056210
0 0.983808 0.186719 0.032383 0.089062
0 0.893471 0.712990 0.095232 0.102145
0 0.990285 0.724093 0.019430 0.069948
0 0.989294 0.896875 0.021412 0.093750
0 0.934243 0.957812 0.088694 0.084375
0 0.900907 0.920984 0.068653 0.103627
0 0.977575 0.965625 0.044850 0.068750