0 0.087248 0.522908 0.081981 0.086307
0 0.872393 0.707462 0.078100 0.082156
0 0.750976 0.670984 0.070586 0.075130
0 0.657363 0.672975 0.090273 0.092300
0 0.604086 0.630416 0.087165 0.082075
0 0.249624 0.486633 0.078100 0.060413
0 0.230349 0.403615 0.096355 0.079251
0 0.359674 0.440197 0.093314 0.099400
0 0.475389 0.443005 0.082902 0.075130
0 0.605069 0.443306 0.103334 0.105616
0 0.926813 0.611399 0.058290 0.056995
0 0.900259 0.396373 0.072539 0.085492
0 0.969412 0.292112 0.061175 0.087228
0 0.930699 0.281736 0.055699 0.076425
0 0.754043 0.278418 0.092950 0.088242
0 0.676306 0.298192 0.077441 0.095327
0 0.455014 0.335219 0.099400 0.092300
0 0.321130 0.355506 0.097370 0.080128
0 0.962314 0.403684 0.075372 0.101428
0 0.985104 0.079663 0.029792 0.079016
0 0.731218 0.036917 0.091969 0.073834
0 0.552461 0.048575 0.079016 0.084197
0 0.568005 0.374352 0.063472 0.067358
0 0.977979 0.722150 0.044041 0.066062
0 0.619819 0.256477 0.060881 0.054404