0 0.087024 0.935937 0.096876 0.103125
0 0.043512 0.956250 0.087024 0.087500
0 0.051326 0.999219 0.102651 0.001562
0 0.646869 0.782031 0.095311 0.104687
0 0.726557 0.812500 0.089060 0.112500
0 0.823429 0.664063 0.085940 0.096875
0 0.856245 0.708080 0.082814 0.078659
0 0.538275 0.696094 0.112499 0.107812
0 0.467183 0.673438 0.073437 0.096875
0 0.435160 0.560233 0.074983 0.081606
0 0.562495 0.975781 0.126562 0.048438
0 0.501554 0.825781 0.079689 0.101562
0 0.524213 0.767187 0.062501 0.053125
0 0.958200 0.779219 0.083600 0.085938
0 0.974606 0.701094 0.050787 0.076563
0 0.086140 0.056347 0.060881 0.050518