0 0.202963 0.934948 0.103123 0.090104
0 0.263119 0.577290 0.104688 0.107079
0 0.277181 0.440938 0.110939 0.103125
0 0.366241 0.346406 0.095311 0.082812
0 0.324839 0.264433 0.081249 0.093633
0 0.230302 0.246114 0.095319 0.103627
0 0.030388 0.222969 0.060776 0.082812
0 0.436558 0.468281 0.051564 0.070312
0 0.528744 0.211719 0.067186 0.060938
0 0.963823 0.960313 0.072353 0.079374
0 0.956013 0.876094 0.087973 0.082812
0 0.901867 0.799531 0.089060 0.073438
0 0.562824 0.175518 0.042746 0.040155
0 0.402850 0.632772 0.051813 0.071244