0 0.241580 0.891839 0.068653 0.055699
0 0.632124 0.971503 0.080311 0.056994
0 0.821244 0.773316 0.062176 0.054404
0 0.617876 0.448811 0.088083 0.089331
0 0.577720 0.257772 0.098446 0.090674
0 0.729922 0.238342 0.068653 0.072539
0 0.490285 0.223531 0.068653 0.089550
0 0.842728 0.216321 0.091747 0.088083
0 0.575777 0.322539 0.076425 0.036269
0 0.643135 0.247409 0.037565 0.085492
0 0.213731 0.852332 0.041451 0.067358
0 0.504534 0.439119 0.066062 0.077720
0 0.435881 0.437176 0.071244 0.071244
0 0.297280 0.548575 0.055699 0.060881