0 0.200474 0.968912 0.087477 0.062176
0 0.466868 0.975156 0.095311 0.049687
0 0.568431 0.968125 0.085940 0.063750
0 0.726243 0.602656 0.098437 0.095312
0 0.914237 0.713887 0.084950 0.072852
0 0.961951 0.538594 0.076098 0.092188
0 0.653632 0.210826 0.081337 0.083529
0 0.460492 0.153626 0.079016 0.071500
0 0.449807 0.316234 0.073190 0.080655
0 0.337181 0.319062 0.073437 0.084375
0 0.272335 0.317500 0.068752 0.081250
0 0.577962 0.819844 0.074998 0.070312
0 0.178109 0.694301 0.050518 0.056995
0 0.172280 0.553756 0.059585 0.040155
0 0.134715 0.533679 0.044041 0.054404
0 0.548575 0.339378 0.053109 0.056995
0 0.766192 0.904145 0.053109 0.046632
0 0.355570 0.680052 0.073834 0.062176