0 0.157383 0.099219 0.079016 0.064063
0 0.274957 0.016406 0.061485 0.032812
0 0.376932 0.035156 0.059564 0.054688
0 0.424304 0.039063 0.063309 0.059375
0 0.560905 0.077720 0.080262 0.080311
0 0.560621 0.240625 0.067187 0.068750
0 0.713742 0.298438 0.076563 0.075000
0 0.741087 0.231250 0.068752 0.084375
0 0.968981 0.187500 0.062037 0.062500
0 0.349680 0.278906 0.076563 0.067187
0 0.403589 0.323437 0.056250 0.065625
0 0.432363 0.337443 0.057553 0.068637
0 0.276242 0.380469 0.076563 0.067188
0 0.236401 0.321094 0.065626 0.054687
0 0.074927 0.250781 0.083307 0.076562
0 0.015858 0.223438 0.031711 0.071875
0 0.018983 0.290625 0.037962 0.056250
0 0.038742 0.328125 0.064061 0.053125
0 0.039508 0.386160 0.066062 0.056695
0 0.195774 0.400000 0.084374 0.075000
0 0.561401 0.432813 0.093751 0.087500
0 0.619996 0.396324 0.076563 0.069851
0 0.762180 0.490625 0.060936 0.056250
0 0.750463 0.561719 0.071877 0.060938
0 0.440305 0.546094 0.073437 0.076563
0 0.425463 0.612500 0.081249 0.065625
0 0.564526 0.655469 0.078123 0.076563
0 0.641870 0.680469 0.057815 0.051563
0 0.765516 0.698280 0.069892 0.075316
0 0.858276 0.630469 0.081249 0.073438
0 0.930929 0.812500 0.064061 0.068750
0 0.857491 0.819531 0.073438 0.076562
0 0.699680 0.793750 0.073437 0.068750
0 0.536035 0.983808 0.069480 0.032383
0 0.196891 0.144430 0.062176 0.060881
0 0.836140 0.728627 0.066062 0.058290
0 0.369171 0.327720 0.028497 0.038860
0 0.340026 0.314767 0.034974 0.038860