0 0.420844 0.424187 0.079665 0.079663
0 0.466105 0.502044 0.086908 0.076044
0 0.562972 0.432338 0.092336 0.081475
0 0.334845 0.859625 0.063472 0.077853
0 0.744570 0.942909 0.115874 0.114066
0 0.581606 0.765029 0.080311 0.071508
0 0.970958 0.827034 0.058084 0.103200
0 0.912948 0.804403 0.101388 0.097769
0 0.877641 0.578084 0.088717 0.090528
0 0.736421 0.535856 0.074232 0.042278
0 0.936485 0.645981 0.086908 0.110444
0 0.979107 0.636022 0.041786 0.090528
0 0.783496 0.655034 0.092336 0.092337
0 0.796167 0.566316 0.059746 0.063369
0 0.835097 0.665897 0.054318 0.085097
0 0.420984 0.161269 0.051813 0.068653
0 0.023964 0.512306 0.047927 0.066062