0 0.967623 0.973162 0.064754 0.053676
0 0.469695 0.984319 0.109543 0.031362
0 0.419969 0.850981 0.095294 0.105484
0 0.360700 0.841347 0.084095 0.100413
0 0.219760 0.763601 0.086386 0.068653
0 0.156736 0.778497 0.085492 0.064767
0 0.048217 0.839825 0.096434 0.103456
0 0.094409 0.897638 0.109543 0.085200
0 0.979275 0.740931 0.041450 0.092300
0 0.956549 0.622262 0.075059 0.074044
0 0.818101 0.663847 0.098385 0.074044
0 0.830269 0.608569 0.094329 0.079113
0 0.684212 0.257119 0.088242 0.090272
0 0.371817 0.241400 0.104472 0.093312
0 0.165001 0.362666 0.102640 0.098503
0 0.031088 0.443985 0.062176 0.126312
0 0.105567 0.265459 0.117655 0.108978
0 0.193302 0.214013 0.098385 0.111572
0 0.283067 0.214522 0.111569 0.108528
0 0.348486 0.169384 0.106497 0.099400
0 0.152439 0.029794 0.101857 0.059584
0 0.396158 0.297184 0.094329 0.077084
0 0.397173 0.416362 0.098385 0.086213
0 0.270725 0.967617 0.106218 0.064766
0 0.686528 0.110751 0.059585 0.058290
0 0.048575 0.174223 0.097150 0.089378