0 0.038860 0.804219 0.077720 0.126563
0 0.161269 0.753238 0.115285 0.094560
0 0.425605 0.867073 0.058464 0.074145
0 0.338681 0.561365 0.073934 0.068979
0 0.178273 0.226094 0.090625 0.092188
0 0.254056 0.197969 0.095311 0.098438
0 0.160305 0.094063 0.110939 0.106250
0 0.809526 0.744063 0.115625 0.115625
0 0.839996 0.815156 0.107813 0.117188
0 0.947731 0.913001 0.104537 0.090250
0 0.863430 0.549531 0.135938 0.120313
0 0.900172 0.401189 0.074956 0.095124
0 0.606563 0.098205 0.096546 0.097965
0 0.666201 0.119910 0.082105 0.089195