0 0.391801 0.011661 0.095490 0.023322
0 0.828769 0.028787 0.091340 0.057573
0 0.476913 0.041487 0.080958 0.075769
0 0.444737 0.089750 0.068503 0.085109
0 0.375713 0.140091 0.081996 0.079922
0 0.407889 0.180050 0.077846 0.064353
0 0.638828 0.210669 0.097567 0.084072
0 0.732246 0.230391 0.080958 0.071616
0 0.981851 0.806959 0.036298 0.118325
0 0.897277 0.650231 0.091340 0.085109
0 0.466536 0.332625 0.068503 0.037366
0 0.375713 0.368953 0.092374 0.091338
0 0.394917 0.426041 0.093413 0.064353
0 0.340942 0.524644 0.099640 0.089263
0 0.315515 0.762847 0.065391 0.065391
0 0.263101 0.983920 0.058125 0.032159
0 0.191482 0.508556 0.101717 0.069541
0 0.132841 0.177456 0.061236 0.059162
0 0.251163 0.162406 0.057086 0.066428
0 0.064338 0.248034 0.071619 0.075769
0 0.135435 0.039409 0.076807 0.071616