0 0.349554 0.032420 0.062275 0.064840
0 0.033099 0.024635 0.066198 0.049270
0 0.007670 0.239212 0.015340 0.083034
0 0.014418 0.414103 0.028836 0.075769
0 0.120171 0.584325 0.085112 0.077844
0 0.056340 0.625322 0.084074 0.083034
0 0.233304 0.643488 0.072657 0.071616
0 0.162207 0.682928 0.081996 0.075769
0 0.207877 0.358056 0.088224 0.084072
0 0.338138 0.501291 0.060198 0.052934
0 0.335022 0.128672 0.089262 0.061237
0 0.411312 0.217934 0.100679 0.077844
0 0.474626 0.245441 0.088224 0.062275
0 0.586721 0.618575 0.084074 0.077844
0 0.870596 0.742609 0.053970 0.074731
0 0.280530 0.254781 0.079919 0.103794
0 0.333466 0.909716 0.057086 0.072656
0 0.336061 0.974578 0.080958 0.050844
0 0.681172 0.986514 0.069541 0.026972
0 0.710754 0.908678 0.051897 0.056047
0 0.712827 0.212225 0.053970 0.080959
0 0.111349 0.163962 0.057086 0.032175