0 0.033825 0.876875 0.067650 0.084375
0 0.108277 0.862031 0.078123 0.076562
0 0.150464 0.695625 0.049999 0.062500
0 0.188746 0.677656 0.064061 0.070313
0 0.218431 0.645625 0.076563 0.068750
0 0.375618 0.966562 0.092186 0.066875
0 0.336556 0.751094 0.079689 0.082812
0 0.327180 0.467500 0.076563 0.087500
0 0.377183 0.501875 0.060935 0.068750
0 0.468589 0.532344 0.081249 0.076563
0 0.352964 0.300312 0.074998 0.100000
0 0.415464 0.305000 0.087500 0.109375
0 0.231088 0.063281 0.068752 0.054688
0 0.514681 0.248438 0.092186 0.093750
0 0.513121 0.314063 0.076563 0.059375
0 0.622495 0.223438 0.082814 0.075000
0 0.663902 0.320312 0.078123 0.078125
0 0.706869 0.415625 0.082814 0.075000
0 0.587339 0.828125 0.081249 0.081250
0 0.547492 0.798438 0.076563 0.068750
0 0.487337 0.834375 0.068752 0.062500
0 0.531869 0.903906 0.070312 0.070312
0 0.600621 0.890625 0.070312 0.068750
0 0.668588 0.953412 0.071877 0.072450
0 0.748276 0.744531 0.071877 0.070313
0 0.960631 0.034375 0.052831 0.065625
0 0.985751 0.285937 0.028497 0.062500
0 0.930307 0.393750 0.067186 0.065625
0 0.977262 0.500781 0.045476 0.060938
0 0.902963 0.577344 0.062501 0.067188
0 0.970232 0.652688 0.059536 0.069624
0 0.830305 0.638281 0.067186 0.057813
0 0.838902 0.564844 0.068752 0.067188
0 0.852179 0.481250 0.073437 0.075000
0 0.781087 0.464844 0.056250 0.060938
0 0.799055 0.511719 0.045313 0.054688
0 0.835776 0.310156 0.049999 0.054688
0 0.781087 0.300781 0.074998 0.073437
0 0.299223 0.010363 0.062176 0.020725
0 0.243523 0.090674 0.041451 0.041451
0 0.679404 0.476684 0.055699 0.044041