0 0.022011 0.744944 0.044022 0.080137
0 0.022829 0.999627 0.045658 0.000745
0 0.473325 0.959559 0.106305 0.080882
0 0.157687 0.590394 0.103033 0.085044
0 0.231280 0.421125 0.103033 0.109575
0 0.376834 0.518434 0.119389 0.101397
0 0.378470 0.460375 0.116118 0.089950
0 0.496223 0.802184 0.129198 0.119388
0 0.795510 0.974277 0.099762 0.051445
0 0.824128 0.955916 0.058877 0.053969
0 0.988930 0.946103 0.022139 0.089950
0 0.965216 0.866784 0.069567 0.068688
0 0.962763 0.788281 0.074474 0.088312
0 0.839667 0.603478 0.086677 0.088313
0 0.329406 0.181534 0.073593 0.078500
0 0.482321 0.148006 0.085042 0.086678
0 0.434075 0.198706 0.070326 0.060512
0 0.391554 0.209753 0.047428 0.064584
0 0.434075 0.254312 0.080135 0.089950
0 0.483956 0.286996 0.091584 0.086630
0 0.413635 0.340172 0.094855 0.098125
0 0.571452 0.367156 0.083406 0.099762
0 0.648320 0.339353 0.083406 0.089950
0 0.577176 0.294378 0.081771 0.065419
0 0.542016 0.050700 0.080135 0.081772
0 0.806137 0.102010 0.088313 0.073182
0 0.797964 0.031072 0.107940 0.062144
0 0.999561 0.278025 0.000878 0.078500
0 0.938611 0.279659 0.081771 0.094856
0 0.867467 0.270666 0.073593 0.099763
0 0.952950 0.043341 0.094100 0.086678
0 0.865285 0.130829 0.049223 0.049223
0 0.679404 0.187176 0.071244 0.060881