0 0.018044 0.963594 0.036088 0.070312
0 0.226618 0.871406 0.062309 0.064062
0 0.314213 0.826998 0.062501 0.068504
0 0.274367 0.755781 0.067186 0.064062
0 0.212651 0.776875 0.065626 0.056250
0 0.229839 0.606562 0.074998 0.071875
0 0.411085 0.546406 0.068752 0.073438
0 0.476711 0.539375 0.065626 0.081250
0 0.450152 0.343750 0.074998 0.075000
0 0.373589 0.355469 0.078123 0.082812
0 0.286089 0.357812 0.065626 0.065625
0 0.081399 0.329679 0.053124 0.053141
0 0.029763 0.333594 0.059525 0.057812
0 0.020725 0.361241 0.041450 0.044357
0 0.026638 0.114844 0.053276 0.070313
0 0.081669 0.065811 0.072413 0.074628
0 0.394057 0.175000 0.073437 0.075000
0 0.437805 0.113281 0.067186 0.076563
0 0.478432 0.068750 0.076563 0.062500
0 0.279213 0.073438 0.074998 0.071875
0 0.359681 0.028125 0.073437 0.050000
0 0.408119 0.010156 0.073437 0.020312
0 0.266711 0.012500 0.087500 0.025000
0 0.548744 0.137500 0.073438 0.062500
0 0.578433 0.242969 0.073437 0.076563
0 0.636243 0.249219 0.060935 0.082812
0 0.790930 0.194531 0.076563 0.064062
0 0.758119 0.262500 0.092186 0.062500
0 0.885461 0.353125 0.053124 0.056250
0 0.867493 0.421094 0.073438 0.079688
0 0.914371 0.428125 0.042187 0.068750
0 0.743277 0.410156 0.084374 0.070313
0 0.956165 0.550340 0.069536 0.061820
0 0.942495 0.595313 0.076563 0.056250
0 0.765646 0.599170 0.069744 0.061035
0 0.792692 0.705918 0.054295 0.056914
0 0.840148 0.720341 0.065626 0.062443
0 0.948021 0.766406 0.059255 0.067188
0 0.979450 0.756311 0.041099 0.059254
0 0.987047 0.543394 0.025906 0.063472
0 0.138601 0.051813 0.051813 0.067358