0 0.277336 0.859456 0.128127 0.120466
0 0.336711 0.974375 0.109374 0.051250
0 0.426813 0.913860 0.060881 0.073834
0 0.239575 0.664375 0.124477 0.106250
0 0.142963 0.537031 0.153126 0.120312
0 0.445049 0.178109 0.089581 0.110104
0 0.527339 0.520078 0.112499 0.117876
0 0.621870 0.576482 0.104688 0.090787
0 0.829055 0.951719 0.142189 0.096562
0 0.890437 0.831839 0.078801 0.096321
0 0.709049 0.709398 0.089674 0.083795
0 0.672023 0.616719 0.090625 0.101562
0 0.744681 0.607344 0.085940 0.092188
0 0.454016 0.647668 0.102332 0.113990