0 0.848007 0.294247 0.104876 0.093837
0 0.890325 0.342084 0.090160 0.071759
0 0.846169 0.461684 0.093840 0.093837
0 0.935408 0.615319 0.077277 0.088319
0 0.754171 0.516881 0.068080 0.060719
0 0.810289 0.598759 0.040481 0.058878
0 0.779011 0.722959 0.077277 0.086478
0 0.438618 0.716519 0.110398 0.110397
0 0.516816 0.696278 0.075440 0.077278
0 0.677810 0.779078 0.077277 0.066238
0 0.622613 0.745959 0.077277 0.051519
0 0.582132 0.868316 0.084638 0.086478
0 0.691609 0.946516 0.068080 0.058878
0 0.421134 0.859116 0.064399 0.060719
0 0.367775 0.906956 0.101200 0.097519
0 0.213220 0.895916 0.115916 0.115919
0 0.189302 0.627281 0.112236 0.119597
0 0.250937 0.647519 0.058877 0.082800
0 0.090860 0.635559 0.114078 0.121437
0 0.103743 0.993497 0.069917 0.013006
0 0.054980 0.444203 0.090160 0.080959
0 0.054630 0.190287 0.109260 0.114078
0 0.448089 0.344844 0.103586 0.095678
0 0.518654 0.308047 0.068080 0.047841
0 0.205193 0.140132 0.055935 0.061234
0 0.925871 0.677402 0.059468 0.055935