0 0.121870 0.644063 0.089060 0.093750
0 0.023043 0.640937 0.046086 0.090625
0 0.046843 0.297187 0.070370 0.084375
0 0.087494 0.297187 0.057815 0.081250
0 0.012105 0.179219 0.024210 0.070312
0 0.313277 0.965000 0.093751 0.070000
0 0.328900 0.722969 0.090625 0.101563
0 0.217181 0.685469 0.085940 0.098438
0 0.572922 0.683604 0.052579 0.044709
0 0.691401 0.356758 0.078123 0.083983
0 0.525894 0.405406 0.059611 0.057063
0 0.617179 0.049488 0.089060 0.086023
0 0.555052 0.699482 0.045337 0.051813
0 0.472150 0.871762 0.050518 0.056995