0 0.444838 0.851094 0.074998 0.076562
0 0.012306 0.633906 0.024611 0.107812
0 0.063589 0.279219 0.106248 0.095312
0 0.113587 0.398750 0.103123 0.065625
0 0.265148 0.054219 0.065626 0.089062
0 0.331554 0.052500 0.092186 0.105000
0 0.391554 0.525469 0.089060 0.095312
0 0.497807 0.465313 0.120311 0.100000
0 0.489211 0.531719 0.106248 0.070312
0 0.561088 0.566094 0.093751 0.098438
0 0.634526 0.281719 0.096876 0.095312
0 0.568119 0.234844 0.123436 0.104688
0 0.734523 0.190312 0.106248 0.096875
0 0.770464 0.233281 0.100002 0.098438