0 0.325074 0.036992 0.126956 0.073984
0 0.074837 0.087784 0.049679 0.071759
0 0.036038 0.150344 0.072075 0.093837
0 0.127275 0.158622 0.077277 0.080959
0 0.041558 0.304900 0.083116 0.119597
0 0.676507 0.547775 0.090160 0.119597
0 0.852221 0.966624 0.114078 0.066752
0 0.333351 0.590094 0.091998 0.068078
0 0.381192 0.647134 0.103038 0.097519
0 0.581746 0.681175 0.132479 0.132478
0 0.589106 0.812731 0.125119 0.134319
0 0.483309 0.752931 0.115916 0.073600
0 0.282751 0.734531 0.119596 0.125119
0 0.203636 0.744653 0.108556 0.108559
0 0.383951 0.827450 0.097520 0.108559
0 0.402352 0.886331 0.053359 0.079119
0 0.313113 0.885409 0.084638 0.080959
0 0.235835 0.973985 0.139839 0.052030
0 0.208232 0.945209 0.095678 0.093837
0 0.478708 0.904728 0.099358 0.126956
0 0.297927 0.474417 0.067358 0.065415
0 0.090350 0.278497 0.053756 0.069948
0 0.038536 0.014573 0.053756 0.029145
0 0.074158 0.191062 0.051166 0.047927
0 0.762953 0.460168 0.077720 0.117228
0 0.416451 0.969883 0.076425 0.045984