0 0.822729 0.269228 0.121439 0.118825
0 0.525012 0.252253 0.105769 0.105769
0 0.647104 0.424616 0.109684 0.095322
0 0.678439 0.924078 0.065288 0.070513
0 0.703250 0.664881 0.065288 0.087487
0 0.784861 0.954766 0.063981 0.058759
0 0.106510 0.018727 0.075736 0.037453
0 0.042808 0.020684 0.085616 0.041368
0 0.283442 0.043536 0.077042 0.087072
0 0.147640 0.256825 0.071816 0.078347
0 0.220762 0.288162 0.082264 0.075734
0 0.141111 0.359328 0.087486 0.069206
0 0.382682 0.267922 0.100547 0.079653
0 0.527202 0.989637 0.134715 0.020725