0 0.293717 0.119606 0.098601 0.085109
0 0.952271 0.187072 0.095457 0.091338
0 0.969396 0.246753 0.061208 0.088225
0 0.826697 0.266991 0.080958 0.076806
0 0.686576 0.262841 0.064352 0.074731
0 0.596275 0.414897 0.056047 0.061237
0 0.926337 0.339647 0.080958 0.076806
0 0.970433 0.366634 0.059133 0.083034
0 0.899871 0.407113 0.071619 0.060200
0 0.939831 0.852903 0.103795 0.106906
0 0.829808 0.941647 0.078885 0.083034
0 0.330565 0.424756 0.047743 0.066428
0 0.849093 0.380181 0.066062 0.086788
0 0.549223 0.661917 0.067358 0.062176
0 0.509715 0.702720 0.029793 0.047927
0 0.556995 0.750000 0.059585 0.041451