0 0.365465 0.956406 0.134373 0.087188
0 0.208433 0.802656 0.089060 0.095312
0 0.038199 0.646875 0.076398 0.131250
0 0.120717 0.323437 0.114491 0.134375
0 0.238899 0.345134 0.150001 0.146519
0 0.320175 0.320770 0.103174 0.107165
0 0.212339 0.203125 0.137499 0.131250
0 0.767183 0.007031 0.114064 0.014062
0 0.903117 0.068750 0.120311 0.137500
0 0.931637 0.377344 0.136725 0.145313
0 0.449994 0.452344 0.117190 0.129687
0 0.398431 0.234375 0.110939 0.118750
0 0.417964 0.614063 0.125001 0.118750
0 0.389054 0.664063 0.101562 0.100000
0 0.349741 0.559585 0.126943 0.119171
0 0.689767 0.777024 0.115285 0.108452
0 0.736506 0.657031 0.112909 0.117188
0 0.936559 0.599505 0.114051 0.101509
0 0.759212 0.578438 0.109374 0.096875