0 0.011029 0.434375 0.022058 0.086147
0 0.057343 0.437488 0.091340 0.088225
0 0.007914 0.600962 0.015828 0.072656
0 0.063054 0.537647 0.075769 0.089262
0 0.234829 0.338884 0.076807 0.073694
0 0.309042 0.362756 0.077846 0.067466
0 0.210441 0.408425 0.079919 0.079922
0 0.320459 0.446828 0.073691 0.081997
0 0.295032 0.552697 0.083035 0.092375
0 0.320980 0.625872 0.076807 0.076806
0 0.398305 0.710981 0.075769 0.074731
0 0.465769 0.735375 0.067464 0.071616
0 0.514033 0.680362 0.068502 0.055009
0 0.441380 0.433334 0.074730 0.084072
0 0.502100 0.429703 0.061236 0.087188
0 0.475629 0.492497 0.070580 0.059163
0 0.425292 0.120400 0.057086 0.078881
0 0.495872 0.097566 0.088224 0.091338
0 0.561259 0.306709 0.073691 0.065391
0 0.542576 0.351341 0.073691 0.073694
0 0.708129 0.171778 0.087185 0.094453
0 0.786492 0.229381 0.061236 0.093413
0 0.742899 0.255850 0.071619 0.094453
0 0.855511 0.225750 0.078885 0.088225
0 0.915714 0.175928 0.095490 0.088225
0 0.924019 0.294253 0.066430 0.096528
0 0.963566 0.348225 0.072868 0.086147
0 0.992108 0.325391 0.015784 0.094453
0 0.658309 0.801800 0.078885 0.077844
0 0.639105 0.895216 0.084074 0.092375
0 0.557108 0.927391 0.098601 0.092375
0 0.482378 0.842800 0.079919 0.070578