0 0.210360 0.139450 0.079281 0.073631
0 0.153395 0.097434 0.084891 0.079694
0 0.170719 0.195840 0.081427 0.066870
0 0.148212 0.164572 0.081398 0.070166
0 0.024290 0.708144 0.048580 0.069300
0 0.063305 0.864500 0.095288 0.077097
0 0.042950 0.976647 0.075365 0.046706
0 0.030352 0.915609 0.060704 0.063237
0 0.014762 0.968450 0.029524 0.059772
0 0.244354 0.953725 0.086626 0.073631
0 0.286800 0.993538 0.091824 0.012924
0 0.306158 0.488547 0.066441 0.054575
0 0.490933 0.557027 0.031088 0.049287
0 0.604280 0.563912 0.063238 0.037250
0 0.953368 0.934234 0.093264 0.084894
0 0.933938 0.850670 0.059585 0.061444
0 0.966510 0.813394 0.066980 0.099619
0 0.884945 0.797800 0.092689 0.087491
0 0.965674 0.636678 0.068652 0.097888
0 0.853844 0.750573 0.082468 0.081457
0 0.819977 0.097003 0.049378 0.040713
0 0.196891 0.579016 0.075130 0.067358
0 0.520725 0.528497 0.056995 0.054404
0 0.049870 0.606865 0.068653 0.068653
0 0.474093 0.976036 0.072539 0.047927