0 0.185316 0.012180 0.087185 0.024360
0 0.958010 0.103244 0.083979 0.091338
0 0.788355 0.118812 0.078885 0.078881
0 0.251741 0.209112 0.087185 0.068503
0 0.251224 0.266719 0.059164 0.059162
0 0.075294 0.255819 0.122477 0.093413
0 0.099170 0.388156 0.128705 0.104831
0 0.410028 0.328994 0.073691 0.067466
0 0.526278 0.367397 0.073691 0.067466
0 0.627474 0.373625 0.074730 0.069541
0 0.669510 0.399053 0.055009 0.062275
0 0.582842 0.414103 0.039442 0.059162
0 0.919132 0.483644 0.076807 0.079922
0 0.786277 0.497656 0.051897 0.062275
0 0.738534 0.455622 0.066430 0.059162
0 0.717775 0.596259 0.074730 0.083034
0 0.617096 0.523606 0.064352 0.072656
0 0.578692 0.579653 0.074730 0.078881
0 0.474380 0.565122 0.059164 0.058125
0 0.374740 0.424481 0.028026 0.046706
0 0.279251 0.475859 0.084074 0.089263
0 0.156256 0.552666 0.124550 0.103794
0 0.029864 0.604563 0.059728 0.043594
0 0.035570 0.677219 0.071139 0.085109
0 0.216971 0.681891 0.032176 0.036328
0 0.319727 0.917500 0.090301 0.094453
0 0.717258 0.955377 0.102756 0.089246
0 0.025714 0.966275 0.051423 0.067450
0 0.137052 0.882728 0.090301 0.041519