0 0.333900 0.237500 0.084374 0.075000
0 0.643277 0.965000 0.115625 0.070000
0 0.446399 0.341406 0.096876 0.085937
0 0.477649 0.278125 0.081249 0.081250
0 0.450304 0.252344 0.073437 0.067187
0 0.653429 0.321875 0.079689 0.081250
0 0.632336 0.403906 0.081249 0.082813
0 0.583902 0.462500 0.090625 0.096875
0 0.447964 0.493750 0.071877 0.056250
0 0.698742 0.412500 0.079689 0.090625
0 0.760462 0.368750 0.096876 0.075000
0 0.762807 0.292187 0.120311 0.100000
0 0.756556 0.126562 0.092186 0.096875
0 0.318005 0.262306 0.058290 0.058290