0 0.437216 0.959197 0.081526 0.081606
0 0.384715 0.905440 0.080311 0.088083
0 0.272665 0.784849 0.079022 0.080061
0 0.210492 0.761807 0.079016 0.075427
0 0.557855 0.581290 0.091545 0.099077
0 0.522557 0.507916 0.086564 0.086213
0 0.500952 0.429889 0.077034 0.079985
0 0.604889 0.473938 0.102441 0.073028
0 0.732183 0.617966 0.079115 0.085200
0 0.812309 0.617456 0.073029 0.088244
0 0.783269 0.469881 0.074310 0.068972
0 0.802460 0.341321 0.063473 0.076425
0 0.077464 0.203631 0.096355 0.102444
0 0.023772 0.197547 0.047544 0.106500
0 0.326425 0.310233 0.082902 0.079016
0 0.680958 0.250288 0.076069 0.074044
0 0.721026 0.282744 0.060856 0.063900
0 0.711391 0.210731 0.076069 0.076072
0 0.576491 0.253331 0.076069 0.082156
0 0.548597 0.312159 0.079115 0.076072
0 0.530845 0.256881 0.094329 0.083172
0 0.490782 0.248766 0.075059 0.073028
0 0.111328 0.255207 0.054545 0.059535
0 0.021743 0.016869 0.043485 0.033738
0 0.043394 0.091969 0.086788 0.088083
0 0.255257 0.011798 0.082751 0.023596
0 0.268655 0.051997 0.083171 0.085200
0 0.255258 0.121762 0.082748 0.075130
0 0.427896 0.031069 0.097370 0.062138
0 0.447166 0.083947 0.064912 0.063900
0 0.613591 0.050475 0.076924 0.078100
0 0.651963 0.099912 0.076904 0.080654
0 0.599310 0.160016 0.075059 0.080128
0 0.536917 0.139597 0.060881 0.064168
0 0.028497 0.519908 0.056994 0.068313
0 0.959845 0.869913 0.080310 0.084386
0 0.155440 0.016839 0.049223 0.033678
0 0.177461 0.042746 0.059585 0.080311
0 0.019430 0.057642 0.036269 0.058290
0 0.062824 0.320596 0.066062 0.068653
0 0.637306 0.532383 0.082902 0.093264
0 0.842617 0.343264 0.029793 0.054404
0 0.740933 0.320596 0.051813 0.047927
0 0.453368 0.148964 0.064767 0.064767
0 0.808290 0.555699 0.059585 0.049223
0 0.883420 0.859456 0.046632 0.081606
0 0.136658 0.097798 0.073834 0.045337