0 0.614258 0.732847 0.061639 0.069300
0 0.606688 0.703212 0.063827 0.059273
0 0.641907 0.795219 0.078828 0.058906
0 0.572178 0.783091 0.065833 0.067569
0 0.519649 0.772262 0.065205 0.054575
0 0.534903 0.822475 0.062319 0.059713
0 0.845478 0.978170 0.090954 0.043659
0 0.870042 0.960492 0.075979 0.079016
0 0.874143 0.799334 0.085911 0.067136
0 0.763618 0.939450 0.060639 0.054575
0 0.492083 0.968209 0.070238 0.063581
0 0.435741 0.970807 0.070166 0.058386
0 0.968264 0.732513 0.053109 0.063472
0 0.555052 0.957902 0.034974 0.040155
0 0.556347 0.735751 0.053109 0.036269