0 0.188380 0.057959 0.080958 0.079119
0 0.469896 0.039559 0.106718 0.079118
0 0.279457 0.034041 0.097520 0.068078
0 0.288660 0.169278 0.082800 0.084638
0 0.379736 0.233675 0.088318 0.114078
0 0.332816 0.264956 0.031279 0.069919
0 0.489213 0.205156 0.097520 0.104878
0 0.504855 0.293475 0.069917 0.071759
0 0.503934 0.331194 0.053359 0.051519
0 0.402738 0.323834 0.097520 0.062559
0 0.635491 0.460912 0.080958 0.079119
0 0.770729 0.436072 0.064399 0.069919
0 0.746811 0.502312 0.057039 0.073600
0 0.837888 0.388234 0.095678 0.110397
0 0.855367 0.513350 0.075440 0.091997
0 0.787287 0.563950 0.082800 0.086478
0 0.847090 0.633869 0.099358 0.090159
0 0.873767 0.707469 0.093840 0.097519
0 0.925289 0.730466 0.045999 0.062559
0 0.801091 0.736906 0.047841 0.071759
0 0.799249 0.849144 0.077277 0.093837
0 0.928048 0.807747 0.088318 0.091997
0 0.918845 0.485750 0.095678 0.117759
0 0.972303 0.434231 0.055394 0.084637
0 0.946448 0.620987 0.091998 0.079119
0 0.014249 0.357513 0.028497 0.036269