0 0.144525 0.863342 0.078123 0.068653
0 0.282023 0.594844 0.074998 0.079688
0 0.237495 0.521406 0.064061 0.076562
0 0.188277 0.525313 0.078123 0.084375
0 0.189758 0.430394 0.084215 0.083586
0 0.103118 0.476036 0.089060 0.079016
0 0.959918 0.789375 0.080163 0.118750
0 0.904994 0.798750 0.095311 0.112500
0 0.815149 0.700313 0.109374 0.093750
0 0.939370 0.510469 0.098437 0.089062
0 0.906088 0.471503 0.091969 0.067358
0 0.879995 0.380000 0.104688 0.087500
0 0.820533 0.226094 0.107639 0.101562
0 0.631884 0.124531 0.067839 0.064062
0 0.320620 0.597656 0.048438 0.070312
0 0.540155 0.341969 0.072539 0.064767
0 0.598446 0.491580 0.051813 0.040155
0 0.572539 0.523316 0.049223 0.046632
0 0.806995 0.847798 0.044041 0.053109