0 0.400691 0.764450 0.074500 0.076231
0 0.417609 0.848475 0.068379 0.067569
0 0.461763 0.776144 0.052842 0.066700
0 0.188895 0.633212 0.084027 0.084025
0 0.260796 0.584269 0.089225 0.090091
0 0.340057 0.586000 0.076229 0.081428
0 0.027529 0.590331 0.055058 0.060638
0 0.674861 0.467759 0.087491 0.084025
0 0.751960 0.482050 0.075365 0.083159
0 0.547092 0.414050 0.093553 0.096153
0 0.428953 0.524931 0.082509 0.082294
0 0.650604 0.294509 0.077094 0.063238
0 0.756721 0.141181 0.071031 0.063238
0 0.768852 0.077944 0.074500 0.071900
0 0.983610 0.017487 0.032780 0.034974
0 0.112179 0.020131 0.086522 0.040262
0 0.041389 0.029660 0.082778 0.059320
0 0.060256 0.114958 0.088355 0.083556
0 0.009339 0.075347 0.018678 0.061503
0 0.409353 0.081844 0.095288 0.109147
0 0.440975 0.143781 0.084027 0.066700
0 0.484746 0.068416 0.074550 0.078828
0 0.835050 0.070581 0.047516 0.079694
0 0.709197 0.075777 0.047927 0.047927
0 0.720207 0.018135 0.044041 0.036269
0 0.567358 0.119819 0.056995 0.066062
0 0.558938 0.240933 0.076425 0.059585
0 0.196891 0.229275 0.054404 0.072539
0 0.138601 0.190415 0.046632 0.046632
0 0.137306 0.266192 0.054404 0.037565
0 0.275259 0.204016 0.050518 0.050518
0 0.115285 0.667746 0.069948 0.058290
0 0.196891 0.705959 0.051813 0.051813
0 0.244171 0.678756 0.037565 0.056995
0 0.076425 0.543394 0.051813 0.040155
0 0.452720 0.397021 0.037565 0.055699
0 0.978627 0.044689 0.042746 0.058290