0 0.047182 0.969531 0.089060 0.060937
0 0.116714 0.932031 0.100002 0.110938
0 0.027105 0.797927 0.054210 0.075130
0 0.077073 0.698948 0.084197 0.089605
0 0.205929 0.023438 0.070312 0.046875
0 0.278586 0.025781 0.081249 0.051562
0 0.137182 0.140625 0.076563 0.081250
0 0.198118 0.313334 0.073437 0.067082
0 0.228050 0.382031 0.080169 0.073437
0 0.421045 0.308598 0.072417 0.079696
0 0.389144 0.235144 0.063263 0.060962
0 0.372397 0.299644 0.068628 0.074287
0 0.358275 0.639354 0.100002 0.102542
0 0.393964 0.776356 0.075493 0.094163
0 0.559839 0.850781 0.081249 0.076562
0 0.655931 0.796094 0.085940 0.076562
0 0.620874 0.656234 0.096671 0.100032
0 0.733274 0.771875 0.093751 0.090625
0 0.530149 0.745313 0.090625 0.087500
0 0.266869 0.930469 0.070312 0.079688
0 0.653405 0.965674 0.055885 0.068652
0 0.747336 0.973594 0.090625 0.052812
0 0.730308 0.158594 0.095311 0.082812
0 0.674839 0.215625 0.087500 0.081250
0 0.657651 0.318750 0.059375 0.075000
0 0.697502 0.346017 0.060954 0.067034
0 0.886555 0.223438 0.092186 0.081250
0 0.867807 0.267969 0.076563 0.076562
0 0.910774 0.517382 0.081249 0.083986
0 0.970149 0.534375 0.053124 0.081250
0 0.856870 0.962500 0.095311 0.075000
0 0.552461 0.448834 0.071244 0.058290