0 0.393308 0.977418 0.105454 0.045164
0 0.345372 0.910497 0.110248 0.083884
0 0.218350 0.972625 0.095866 0.054750
0 0.042067 0.932069 0.084134 0.088678
0 0.855863 0.973343 0.105454 0.053314
0 0.593429 0.974542 0.098263 0.050916
0 0.504754 0.974541 0.069504 0.050917
0 0.583841 0.796894 0.093469 0.098263
0 0.670124 0.793300 0.098263 0.110247
0 0.456819 0.552434 0.107851 0.103056
0 0.390911 0.497309 0.091072 0.098262
0 0.298636 0.472144 0.088675 0.105453
0 0.225541 0.464956 0.095866 0.110247
0 0.154145 0.404692 0.077720 0.091767
0 0.045662 0.583591 0.091323 0.098263
0 0.096117 0.680656 0.095866 0.076694
0 0.419670 0.358303 0.086283 0.083884
0 0.368641 0.365494 0.063707 0.079091
0 0.441278 0.319956 0.086356 0.083884
0 0.420868 0.245659 0.079092 0.069503
0 0.680841 0.372177 0.110386 0.099277
0 0.721650 0.093472 0.081489 0.095866
0 0.637769 0.150907 0.091072 0.099741
0 0.713265 0.186941 0.079092 0.071900
0 0.756477 0.623705 0.077720 0.071244
0 0.842729 0.509294 0.083971 0.083884
0 0.962435 0.893135 0.075130 0.094560