0 0.479275 0.919063 0.088083 0.087500
0 0.509367 0.777071 0.104688 0.075392
0 0.565415 0.857718 0.076425 0.077311
0 0.420307 0.847188 0.082814 0.071875
0 0.290620 0.527451 0.079689 0.082403
0 0.387953 0.545625 0.081606 0.081250
0 0.070307 0.446406 0.089060 0.089062
0 0.215617 0.201875 0.123436 0.103125
0 0.018357 0.255000 0.036714 0.100000
0 0.039249 0.058125 0.076943 0.109375
0 0.971637 0.754687 0.056726 0.068750
0 0.940930 0.486719 0.082814 0.076562
0 0.865152 0.424219 0.084374 0.082812
0 0.922962 0.391406 0.062501 0.067188
0 0.811243 0.338281 0.076563 0.070312
0 0.767496 0.346094 0.073437 0.085938
0 0.524524 0.335156 0.090625 0.092188
0 0.909680 0.159375 0.089060 0.068750
0 0.679056 0.113342 0.071562 0.055699
0 0.112804 0.533125 0.082814 0.081250