0 0.193432 0.823130 0.101562 0.109990
0 0.330150 0.837516 0.093751 0.112532
0 0.160621 0.979688 0.092186 0.040624
0 0.026793 0.354688 0.053586 0.106250
0 0.050463 0.430797 0.090625 0.086593
0 0.066870 0.243750 0.092186 0.096875
0 0.080148 0.130469 0.106248 0.107813
0 0.220746 0.151546 0.096932 0.090657
0 0.281712 0.126473 0.074998 0.084553
0 0.191520 0.298438 0.092884 0.096875
0 0.281712 0.316406 0.100002 0.120313
0 0.176717 0.481432 0.094366 0.102761
0 0.268135 0.420337 0.072539 0.060881
0 0.219991 0.566406 0.098437 0.101563
0 0.284057 0.714844 0.079689 0.082813
0 0.370777 0.165625 0.093751 0.093750
0 0.563745 0.242969 0.064061 0.073437
0 0.666087 0.212500 0.081249 0.081250
0 0.568431 0.321875 0.095311 0.093750
0 0.523118 0.407031 0.082814 0.076563
0 0.683326 0.376473 0.084268 0.084553
0 0.808276 0.316406 0.078123 0.073437
0 0.763744 0.386719 0.079689 0.073438
0 0.428705 0.717548 0.075233 0.088221
0 0.352804 0.735937 0.095311 0.103125
0 0.709055 0.956629 0.092186 0.084242
0 0.634837 0.977500 0.068752 0.045000
0 0.257772 0.900907 0.077720 0.076425
0 0.584197 0.445596 0.062176 0.051813
0 0.466969 0.027202 0.086788 0.054404
0 0.418394 0.039508 0.049223 0.053109
0 0.371762 0.021373 0.085492 0.042746
0 0.160622 0.011658 0.080311 0.023316