0 0.407495 0.123437 0.076563 0.068750
0 0.205150 0.231250 0.100002 0.081250
0 0.229369 0.351579 0.095311 0.084407
0 0.865308 0.017188 0.079689 0.034375
0 0.632535 0.141839 0.073360 0.060881
0 0.767651 0.293750 0.084374 0.075000
0 0.865308 0.309375 0.082814 0.081250
0 0.939525 0.335156 0.084374 0.085937
0 0.978357 0.413281 0.043286 0.082812
0 0.772337 0.366406 0.078123 0.076562
0 0.644210 0.445313 0.084374 0.084375
0 0.700465 0.415625 0.053124 0.068750
0 0.727024 0.447656 0.078123 0.073437
0 0.745777 0.502344 0.074998 0.064062
0 0.524680 0.572656 0.089060 0.079687
0 0.589526 0.446094 0.065626 0.070312
0 0.727804 0.632813 0.073437 0.065625
0 0.787179 0.629688 0.054689 0.084375
0 0.675287 0.736719 0.094098 0.073438
0 0.680931 0.784375 0.073438 0.043750
0 0.483808 0.682031 0.073834 0.073437
0 0.383420 0.749632 0.080311 0.083638
0 0.097010 0.782031 0.080591 0.082812
0 0.038512 0.812500 0.077024 0.075000
0 0.558384 0.861784 0.077907 0.073308
0 0.613710 0.922280 0.079752 0.075130
0 0.659838 0.975000 0.078123 0.050000
0 0.787964 0.942969 0.062501 0.064062
0 0.843429 0.946875 0.064061 0.068750
0 0.288860 0.972150 0.095855 0.055699
0 0.198834 0.923575 0.089378 0.095855