0 0.022888 0.057813 0.045775 0.075000
0 0.679371 0.041406 0.089060 0.082812
0 0.732984 0.265597 0.080665 0.090568
0 0.719993 0.164844 0.073437 0.082812
0 0.636998 0.286764 0.088699 0.092276
0 0.694993 0.371094 0.092186 0.092187
0 0.814411 0.410411 0.081023 0.083323
0 0.603238 0.231299 0.083680 0.099903
0 0.502806 0.197786 0.082814 0.095053
0 0.080959 0.128101 0.037565 0.062451
0 0.964295 0.040625 0.071410 0.065625
0 0.856711 0.047656 0.100002 0.095312
0 0.874679 0.209375 0.095311 0.103125
0 0.848119 0.857674 0.092186 0.088404
0 0.771556 0.868817 0.079689 0.069241
0 0.965074 0.968125 0.069852 0.063750