0 0.991192 0.222606 0.017616 0.087188
0 0.878073 0.228313 0.081996 0.090300
0 0.797115 0.290591 0.073691 0.061237
0 0.966283 0.455622 0.067433 0.075769
0 0.973029 0.573425 0.053942 0.049822
0 0.981852 0.861450 0.036296 0.077844
0 0.745739 0.642966 0.083035 0.083034
0 0.584337 0.569275 0.077846 0.085109
0 0.728091 0.496100 0.080958 0.077844
0 0.423977 0.447838 0.070580 0.076806
0 0.643500 0.184203 0.079919 0.076806
0 0.490924 0.117256 0.063314 0.077844
0 0.381941 0.016851 0.077846 0.033702
0 0.338870 0.102725 0.085112 0.081997
0 0.331604 0.183162 0.083035 0.066428
0 0.350286 0.255819 0.083035 0.072656
0 0.368451 0.978729 0.057086 0.042542
0 0.132319 0.962123 0.085112 0.075753
0 0.029046 0.831869 0.052936 0.087188
0 0.237669 0.025674 0.075769 0.051348
0 0.847452 0.599375 0.068503 0.064353