0 0.465210 0.053491 0.066881 0.054559
0 0.726568 0.394044 0.121439 0.102078
0 0.767044 0.509322 0.121439 0.121437
0 0.710729 0.579722 0.079200 0.086237
0 0.989561 0.804997 0.020877 0.100319
0 0.828647 0.950458 0.114398 0.099084
0 0.644727 0.922034 0.073917 0.080959
0 0.380733 0.505803 0.087998 0.068638
0 0.388652 0.585000 0.096796 0.103838
0 0.298896 0.566522 0.079200 0.084478
0 0.281295 0.751319 0.079200 0.077438
0 0.331453 0.822597 0.066881 0.068638
0 0.365773 0.881556 0.079200 0.073919
0 0.369293 0.945794 0.068639 0.082719
0 0.295376 0.953716 0.068639 0.073919
0 0.276017 0.864834 0.065118 0.068638
0 0.240814 0.904434 0.072159 0.077438
0 0.188897 0.895634 0.035198 0.056319
0 0.180099 0.828756 0.080958 0.087997
0 0.118496 0.850756 0.063361 0.068638
0 0.102657 0.489081 0.077437 0.080959
0 0.015249 0.479403 0.030498 0.054559
0 0.856865 0.234456 0.053109 0.062176
0 0.519430 0.624352 0.075130 0.067358