0 0.108478 0.649988 0.113134 0.118325
0 0.230955 0.254019 0.098601 0.098603
0 0.241855 0.380125 0.072657 0.070578
0 0.283370 0.416972 0.074730 0.075769
0 0.305686 0.478731 0.073691 0.064353
0 0.431796 0.347950 0.070580 0.074731
0 0.423491 0.249347 0.062275 0.074731
0 0.548563 0.258688 0.106906 0.105869
0 0.771197 0.166312 0.078885 0.089263
0 0.731238 0.127391 0.106906 0.121438
0 0.665846 0.160603 0.094451 0.096528
0 0.956698 0.106631 0.086604 0.102756
0 0.878103 0.699291 0.107945 0.104831
0 0.958253 0.872625 0.083493 0.104831
0 0.792474 0.984836 0.088224 0.030328
0 0.606865 0.922280 0.089378 0.072539