0 0.809585 0.981250 0.075130 0.037500
0 0.692961 0.965625 0.074998 0.068750
0 0.589058 0.940625 0.057815 0.053125
0 0.591321 0.978125 0.068653 0.043750
0 0.549412 0.931250 0.049602 0.053125
0 0.591398 0.832812 0.059375 0.065625
0 0.650774 0.839844 0.059375 0.076562
0 0.923430 0.899219 0.076563 0.079687
0 0.983981 0.920312 0.032038 0.078125
0 0.883588 0.699219 0.068752 0.064063
0 0.899211 0.761719 0.053124 0.060938
0 0.937073 0.743584 0.050725 0.059707
0 0.836140 0.786719 0.055699 0.060937
0 0.970855 0.571875 0.058290 0.068750
0 0.777335 0.559375 0.071877 0.056250
0 0.772102 0.523838 0.080149 0.055449
0 0.717965 0.674219 0.065626 0.060938
0 0.994606 0.204688 0.010788 0.046875
0 0.829016 0.873705 0.059585 0.042746
0 0.972150 0.970855 0.045337 0.040155