0 0.922187 0.370022 0.043592 0.069541
0 0.880667 0.368466 0.080958 0.085109
0 0.969396 0.509625 0.061208 0.087187
0 0.944502 0.577091 0.090301 0.074731
0 0.936197 0.669466 0.090301 0.085109
0 0.913365 0.730703 0.069541 0.076806
0 0.469647 0.669984 0.068502 0.071616
0 0.400623 0.591619 0.059164 0.062275
0 0.389207 0.516369 0.065391 0.065391
0 0.155673 0.046706 0.067464 0.072656
0 0.238191 0.033731 0.053970 0.042556
0 0.171244 0.183713 0.065391 0.064353
0 0.251163 0.179562 0.057086 0.056047
0 0.310327 0.197206 0.067464 0.066428
0 0.297350 0.278684 0.066430 0.061237
0 0.262062 0.296328 0.043592 0.050859
0 0.414117 0.270900 0.057086 0.068503
0 0.477952 0.361719 0.064352 0.067466
0 0.424499 0.361719 0.048781 0.057088
0 0.385574 0.322797 0.068503 0.068503
0 0.456153 0.469041 0.014532 0.031346
0 0.417233 0.416728 0.065391 0.050859
0 0.422422 0.186828 0.065391 0.070578
0 0.354436 0.205509 0.053970 0.072656
0 0.404256 0.070578 0.064352 0.080959
0 0.367930 0.105869 0.072657 0.070578
0 0.292161 0.113134 0.076807 0.076806
0 0.970954 0.852141 0.058092 0.087188
0 0.899871 0.827231 0.069541 0.076806
0 0.242228 0.088083 0.051813 0.046632