0 0.401558 0.038281 0.098437 0.076562
0 0.318744 0.040803 0.079689 0.081606
0 0.212435 0.265038 0.059585 0.079299
0 0.331242 0.275781 0.089060 0.073438
0 0.393025 0.128862 0.068873 0.076473
0 0.318744 0.352344 0.098437 0.073438
0 0.122286 0.808290 0.063225 0.064767
0 0.840773 0.614375 0.084374 0.075000
0 0.866558 0.563594 0.079689 0.079688
0 0.964137 0.521406 0.071726 0.076562
0 0.612649 0.531563 0.100002 0.078125
0 0.476711 0.488594 0.081249 0.070312
0 0.505621 0.537031 0.095311 0.073438
0 0.612649 0.389375 0.093751 0.093750
0 0.582652 0.347136 0.084994 0.075102
0 0.832696 0.286250 0.080721 0.081250
0 0.738431 0.151875 0.092186 0.084375
0 0.503886 0.097798 0.044041 0.060881