0 0.144011 0.057606 0.104829 0.106906
0 0.229124 0.156209 0.123516 0.133894
0 0.308525 0.061237 0.112095 0.120400
0 0.605373 0.018163 0.112095 0.036325
0 0.692041 0.057087 0.115211 0.114172
0 0.706568 0.211737 0.123516 0.114172
0 0.892359 0.033731 0.123516 0.067462
0 0.971349 0.061756 0.057301 0.123512
0 0.951001 0.172816 0.072657 0.117288
0 0.950484 0.323316 0.057086 0.052934
0 0.789086 0.437488 0.103795 0.106906
0 0.975502 0.544394 0.048996 0.096528
0 0.788048 0.686072 0.112095 0.103794
0 0.732517 0.552178 0.106906 0.110022
0 0.503138 0.617569 0.086146 0.099641
0 0.428404 0.473816 0.100679 0.073694
0 0.343813 0.419844 0.114172 0.121438
0 0.251439 0.539206 0.114172 0.115209
0 0.223413 0.658047 0.103795 0.130778
0 0.110796 0.637291 0.090301 0.080959
0 0.035418 0.638847 0.070836 0.094453
0 0.367684 0.843319 0.112095 0.119362
0 0.095747 0.768069 0.097567 0.089263
0 0.106129 0.960841 0.107945 0.078318