0 0.275617 0.020362 0.060198 0.040723
0 0.232025 0.020881 0.043593 0.041762
0 0.098648 0.132063 0.094451 0.089263
0 0.284439 0.146072 0.052936 0.061237
0 0.360208 0.153337 0.065391 0.055009
0 0.344637 0.034373 0.032176 0.068746
0 0.401723 0.040601 0.071619 0.081202
0 0.578692 0.035412 0.089262 0.070823
0 0.623840 0.079647 0.079919 0.063313
0 0.767595 0.020362 0.087185 0.040723
0 0.826758 0.161644 0.074730 0.071616
0 0.749429 0.164238 0.075769 0.085109
0 0.430266 0.297091 0.103795 0.097566
0 0.336337 0.275816 0.092374 0.088225
0 0.826758 0.444997 0.089262 0.079922
0 0.758773 0.449150 0.065391 0.057087
0 0.452582 0.476653 0.098601 0.078881
0 0.332704 0.480806 0.049820 0.078881
0 0.167673 0.494300 0.091340 0.085109
0 0.022598 0.474059 0.045195 0.079922
0 0.040763 0.589788 0.081521 0.091338
0 0.918615 0.526994 0.073691 0.071616
0 0.854780 0.524400 0.058125 0.072656
0 0.947675 0.647913 0.069541 0.078881
0 0.770711 0.644800 0.066430 0.043594
0 0.786277 0.678013 0.068503 0.062275
0 0.786799 0.856538 0.025949 0.056047
0 0.742168 0.851866 0.073691 0.071616
0 0.715697 0.879372 0.068503 0.058125
0 0.646156 0.874181 0.062275 0.060200
0 0.604119 0.921406 0.063314 0.065391
0 0.528872 0.895459 0.068502 0.075769
0 0.465559 0.860169 0.072657 0.071616
0 0.464520 0.804122 0.078885 0.057087
0 0.203999 0.936975 0.085112 0.081997
0 0.147430 0.903244 0.102756 0.093413
0 0.065433 0.939053 0.098601 0.077844
0 0.218010 0.987950 0.073691 0.024100
0 0.048546 0.991063 0.097092 0.017873