0 0.681971 0.477979 0.107466 0.101036
0 0.754418 0.505440 0.092201 0.088601
0 0.939767 0.461140 0.094560 0.098446
0 0.954016 0.516261 0.089378 0.089240
0 0.976380 0.248500 0.047240 0.107512
0 0.967617 0.185686 0.064766 0.070853
0 0.915420 0.287565 0.101802 0.077720
0 0.819301 0.576532 0.079016 0.070162
0 0.673575 0.635363 0.067358 0.063472
0 0.873228 0.631852 0.072197 0.077175
0 0.820396 0.623275 0.074044 0.076072
0 0.947686 0.649992 0.083171 0.087550
0 0.896740 0.702073 0.083636 0.080311
0 0.951816 0.708549 0.054917 0.054404
0 0.924223 0.910339 0.058290 0.071973
0 0.167746 0.957902 0.112694 0.084196
0 0.319948 0.425518 0.121762 0.079016