0 0.192026 0.799219 0.121876 0.126562
0 0.063964 0.827801 0.084507 0.093102
0 0.198273 0.664508 0.103123 0.046632
0 0.258433 0.261310 0.089060 0.091370
0 0.129526 0.067187 0.106248 0.103125
0 0.185776 0.332031 0.065626 0.098438
0 0.242025 0.890625 0.074998 0.068750
0 0.675304 0.950938 0.157812 0.098124
0 0.792098 0.863990 0.071244 0.077720
0 0.628107 0.805781 0.124089 0.120312
0 0.588083 0.675312 0.113990 0.109375
0 0.591052 0.561250 0.108052 0.103125
0 0.502098 0.517178 0.102021 0.106894
0 0.902652 0.694858 0.103123 0.120285
0 0.544837 0.015000 0.106248 0.030000