0 0.097495 0.039844 0.082814 0.079687
0 0.016839 0.307950 0.033678 0.078400
0 0.224057 0.205469 0.089060 0.082813
0 0.303756 0.187363 0.079016 0.069026
0 0.413588 0.253125 0.074379 0.078125
0 0.370152 0.272656 0.084374 0.079687
0 0.156736 0.418394 0.082902 0.085492
0 0.367806 0.865176 0.095311 0.085274
0 0.349838 0.709375 0.081249 0.075000
0 0.348273 0.495312 0.081249 0.084375
0 0.483431 0.815937 0.085940 0.084375
0 0.488902 0.892500 0.084374 0.071875
0 0.563900 0.902202 0.074998 0.050518
0 0.622981 0.961514 0.056843 0.053655
0 0.671713 0.960469 0.068752 0.070312
0 0.975699 0.965000 0.048602 0.070000
0 0.971794 0.813594 0.056412 0.067187
0 0.931087 0.862812 0.062501 0.059375
0 0.958432 0.913594 0.082814 0.054687
0 0.700359 0.744844 0.060422 0.064063
0 0.586847 0.783188 0.064648 0.065749
0 0.558429 0.752656 0.054689 0.064063
0 0.526399 0.716719 0.053124 0.064063
0 0.472494 0.711250 0.060935 0.062500
0 0.448275 0.634688 0.087500 0.071875
0 0.508431 0.632344 0.054689 0.076563
0 0.554404 0.254141 0.088083 0.088593
0 0.706869 0.271094 0.092186 0.095312
0 0.836556 0.282813 0.076563 0.071875
0 0.813902 0.417187 0.096876 0.084375
0 0.234456 0.438472 0.051813 0.058290
0 0.145078 0.051813 0.046632 0.075130