0 0.194992 0.959375 0.070312 0.081250
0 0.232493 0.986719 0.073437 0.026562
0 0.017419 0.639375 0.034837 0.093750
0 0.044992 0.462812 0.089060 0.087500
0 0.197081 0.590372 0.075510 0.066755
0 0.033825 0.076875 0.067650 0.084375
0 0.108277 0.062031 0.078123 0.076562
0 0.321714 0.982187 0.062501 0.035625
0 0.362336 0.986094 0.065626 0.027812
0 0.394371 0.703438 0.101562 0.090625
0 0.370932 0.766719 0.101562 0.082812
0 0.451401 0.821406 0.090625 0.098438
0 0.527964 0.780781 0.100002 0.098438
0 0.379524 0.471406 0.090625 0.082812
0 0.375618 0.171406 0.092186 0.076562
0 0.244370 0.301094 0.079689 0.067187
0 0.232649 0.467500 0.065626 0.062500
0 0.587339 0.034375 0.081249 0.068750
0 0.487337 0.034375 0.068752 0.062500
0 0.531869 0.103906 0.070312 0.070312
0 0.600621 0.090625 0.070312 0.068750
0 0.668588 0.157031 0.071877 0.079687
0 0.767024 0.217969 0.074998 0.079687
0 0.835776 0.282812 0.071877 0.071875
0 0.850619 0.343750 0.057815 0.062500
0 0.927962 0.332031 0.062501 0.060937
0 0.938899 0.274219 0.074998 0.060937
0 0.734214 0.518750 0.062501 0.062500
0 0.723277 0.560938 0.084374 0.040625
0 0.621114 0.882772 0.060881 0.053109