0 0.044295 0.870625 0.088590 0.106250
0 0.024611 0.357564 0.049222 0.095753
0 0.033679 0.219844 0.067358 0.089062
0 0.791437 0.410469 0.090700 0.089062
0 0.854683 0.283906 0.060935 0.085938
0 0.803119 0.273750 0.089060 0.087500
0 0.769524 0.233906 0.090625 0.070312
0 0.727337 0.201094 0.093751 0.082812
0 0.693746 0.158125 0.098437 0.068750
0 0.680463 0.094844 0.090625 0.073438
0 0.639837 0.229219 0.093751 0.085938
0 0.529892 0.301565 0.080112 0.084995
0 0.373705 0.829663 0.071244 0.073834
0 0.272021 0.759715 0.077720 0.071244
0 0.288860 0.813472 0.051813 0.044041
0 0.119819 0.466969 0.063472 0.068653