0 0.962024 0.009375 0.071877 0.018750
0 0.107339 0.314063 0.081249 0.075000
0 0.133898 0.569531 0.115625 0.092188
0 0.240931 0.607031 0.073437 0.098438
0 0.083120 0.757031 0.101562 0.070312
0 0.044058 0.690625 0.070312 0.071875
0 0.172965 0.838281 0.100002 0.092188
0 0.233120 0.893750 0.104688 0.087500
0 0.824526 0.965000 0.093751 0.070000
0 0.550304 0.932344 0.079688 0.073438
0 0.490149 0.937813 0.087500 0.084375
0 0.379995 0.897969 0.089060 0.076562
0 0.662023 0.758125 0.100002 0.081250
0 0.726089 0.864375 0.081249 0.078125
0 0.564367 0.840156 0.064061 0.057812
0 0.508117 0.819844 0.064061 0.057812
0 0.693273 0.605000 0.106248 0.071875
0 0.625307 0.556563 0.101562 0.103125
0 0.762025 0.423750 0.090625 0.087500
0 0.841714 0.542500 0.100002 0.096875
0 0.980231 0.647188 0.039538 0.103125
0 0.972262 0.918281 0.055476 0.082812
0 0.887492 0.755000 0.073437 0.087500