0 0.183039 0.798397 0.083491 0.075900
0 0.439198 0.795866 0.094874 0.068309
0 0.988091 0.944894 0.023817 0.073849
0 0.886370 0.868603 0.091077 0.079694
0 0.883207 0.923631 0.097403 0.078428
0 0.788333 0.902125 0.094874 0.068309
0 0.845889 0.561847 0.149267 0.136619
0 0.691560 0.504291 0.080958 0.079694
0 0.519526 0.515675 0.101200 0.097403
0 0.989357 0.408150 0.021286 0.072103
0 0.909137 0.023501 0.116377 0.047002
0 0.813689 0.012748 0.061872 0.025496
0 0.734888 0.040516 0.104366 0.078110
0 0.565064 0.042476 0.111319 0.084952
0 0.747852 0.966874 0.099931 0.066252
0 0.845255 0.968141 0.099931 0.063718
0 0.955945 0.928056 0.048067 0.067044
0 0.496125 0.831288 0.051865 0.053128
0 0.940129 0.765506 0.061984 0.086019
0 0.776315 0.768669 0.050600 0.046803