0 0.269178 0.601566 0.134213 0.129422
0 0.138560 0.778919 0.069504 0.081488
0 0.192874 0.806481 0.039123 0.088678
0 0.152942 0.845907 0.055122 0.062073
0 0.565170 0.960162 0.098263 0.079676
0 0.874341 0.960161 0.098263 0.079678
0 0.545994 0.336734 0.112645 0.103056
0 0.553109 0.246645 0.095855 0.071477
0 0.581606 0.158853 0.098446 0.089726
0 0.974918 0.669872 0.050163 0.069503
0 0.974920 0.744169 0.050160 0.069503
0 0.971324 0.602766 0.057352 0.074297
0 0.924673 0.524872 0.098263 0.081487
0 0.859959 0.439791 0.107851 0.093472
0 0.952234 0.323550 0.091072 0.095866
0 0.974917 0.227684 0.050166 0.091075
0 0.614299 0.515284 0.095866 0.081487
0 0.690994 0.631525 0.067107 0.074297
0 0.538808 0.581194 0.088675 0.079091
0 0.495666 0.626731 0.069504 0.083884
0 0.525624 0.684250 0.095866 0.069503
0 0.915085 0.218097 0.088675 0.100659
0 0.967729 0.129422 0.064542 0.105453
0 0.735334 0.093472 0.107851 0.095866
0 0.802440 0.047934 0.079092 0.076694
0 0.881532 0.118634 0.088675 0.088678
0 0.748517 0.252850 0.095866 0.088678
0 0.041496 0.776522 0.076695 0.086281
0 0.512953 0.554404 0.046632 0.054404