0 0.034449 0.242062 0.068898 0.087751
0 0.133742 0.212455 0.085940 0.090714
0 0.131401 0.317188 0.084374 0.065625
0 0.204839 0.358594 0.081249 0.092187
0 0.125150 0.388281 0.096876 0.089063
0 0.175929 0.446094 0.085940 0.082813
0 0.530874 0.435881 0.083329 0.084197
0 0.573587 0.607812 0.093751 0.103125
0 0.326823 0.714152 0.096651 0.096697
0 0.141999 0.746907 0.081926 0.081315
0 0.208175 0.765544 0.062925 0.075130
0 0.060304 0.305469 0.076563 0.082812
0 0.007106 0.302344 0.014211 0.092188
0 0.829835 0.875000 0.118750 0.100000
0 0.882179 0.587500 0.064061 0.056250
0 0.640773 0.824219 0.093751 0.085938
0 0.805621 0.969531 0.101562 0.060938
0 0.914508 0.473446 0.044041 0.040155
0 0.937824 0.421632 0.056995 0.027202
0 0.531088 0.912565 0.044041 0.045337