0 0.031949 0.526563 0.063898 0.090625
0 0.067026 0.494531 0.065626 0.082812
0 0.213271 0.532319 0.079391 0.085363
0 0.259214 0.574482 0.078123 0.071244
0 0.250618 0.741719 0.085940 0.067187
0 0.219367 0.718281 0.067186 0.070312
0 0.583429 0.561250 0.092186 0.100000
0 0.503746 0.534687 0.089060 0.078125
0 0.661558 0.794063 0.089060 0.087500
0 0.746021 0.682738 0.098259 0.088274
0 0.836557 0.511250 0.095311 0.087500
0 0.273976 0.295625 0.076401 0.081250
0 0.623276 0.011875 0.096876 0.023750
0 0.799836 0.278125 0.106248 0.081250
0 0.886246 0.605000 0.085940 0.084375
0 0.928433 0.525312 0.101562 0.090625
0 0.883120 0.451875 0.101562 0.068750
0 0.896398 0.408125 0.118750 0.087500
0 0.887026 0.288594 0.074998 0.098437
0 0.936244 0.301094 0.073437 0.120312
0 0.962435 0.110665 0.075130 0.091796
0 0.844054 0.212031 0.107813 0.067187
0 0.834682 0.148750 0.076563 0.053125
0 0.465674 0.217838 0.084197 0.085050
0 0.454993 0.737500 0.095311 0.093750
0 0.526870 0.717969 0.054689 0.085937
0 0.521399 0.958594 0.106248 0.082812
0 0.451087 0.960938 0.081249 0.078124
0 0.334197 0.196244 0.085492 0.076425