0 0.090804 0.157216 0.078885 0.085109
0 0.445254 0.237656 0.057086 0.052934
0 0.460308 0.294222 0.056047 0.062275
0 0.403739 0.309272 0.092374 0.090300
0 0.519989 0.582766 0.088224 0.089263
0 0.739507 0.477416 0.083035 0.077844
0 0.819431 0.583288 0.066430 0.081997
0 0.840707 0.660613 0.046709 0.078881
0 0.902466 0.656978 0.099640 0.111059
0 0.827735 0.032420 0.091340 0.064840
0 0.986003 0.979249 0.027993 0.041502
0 0.980570 0.814276 0.038860 0.097464
0 0.935680 0.829275 0.091340 0.098603
0 0.780510 0.861969 0.075769 0.074731
0 0.789849 0.957459 0.071619 0.051897
0 0.623262 0.881172 0.072657 0.059162
0 0.618073 0.968870 0.091340 0.062259
0 0.515834 0.901931 0.073691 0.108981
0 0.481585 0.961094 0.090301 0.071616
0 0.212242 0.825644 0.099640 0.091338
0 0.179027 0.955903 0.091340 0.084072