0 0.022888 0.857812 0.045775 0.075000
0 0.064747 0.772656 0.077681 0.082813
0 0.047887 0.682740 0.095774 0.090479
0 0.175781 0.694685 0.074360 0.092495
0 0.181711 0.575000 0.084374 0.075000
0 0.257276 0.559760 0.076122 0.085144
0 0.292650 0.427344 0.084374 0.070313
0 0.227024 0.355469 0.090625 0.085938
0 0.351028 0.485156 0.085509 0.092187
0 0.527259 0.230469 0.087969 0.092188
0 0.702805 0.313281 0.104688 0.098437
0 0.518528 0.379692 0.088870 0.062492
0 0.691088 0.649219 0.093751 0.092187
0 0.679371 0.827344 0.089060 0.110937
0 0.719993 0.961719 0.073437 0.076562
0 0.611399 0.987500 0.100002 0.025000
0 0.502806 0.973437 0.082814 0.053125
0 0.077073 0.930951 0.050518 0.068150
0 0.864399 0.394535 0.109627 0.092179
0 0.991637 0.296094 0.016725 0.104688
0 0.981482 0.151239 0.037036 0.053773
0 0.976013 0.479687 0.047973 0.096875
0 0.946556 0.529688 0.101562 0.090625
0 0.877151 0.461921 0.072122 0.079283
0 0.861402 0.542187 0.096876 0.103125
0 0.934054 0.715625 0.117190 0.112500
0 0.964295 0.844968 0.071410 0.074312
0 0.856711 0.847656 0.100002 0.095312
0 0.874679 0.978906 0.095311 0.042188
0 0.183290 0.415803 0.063472 0.044041