0 0.199220 0.891721 0.121237 0.104685
0 0.338083 0.833549 0.088083 0.094560
0 0.336892 0.499274 0.069739 0.079173
0 0.331424 0.050517 0.080676 0.077717
0 0.979138 0.972813 0.041723 0.054374
0 0.896375 0.865285 0.069945 0.064767
0 0.893431 0.579219 0.067186 0.054688
0 0.862910 0.596574 0.062608 0.058148
0 0.958713 0.438680 0.069621 0.063889
0 0.948900 0.487813 0.065626 0.046875
0 0.104922 0.102979 0.044041 0.066062
0 0.106865 0.602332 0.063472 0.080311
0 0.051166 0.680699 0.047927 0.068653
0 0.034974 0.462435 0.064767 0.077720
0 0.368523 0.522021 0.032383 0.051813
0 0.266192 0.453368 0.045337 0.064767