0 0.365232 0.962500 0.098437 0.075000
0 0.964255 0.935937 0.071489 0.087500
0 0.826951 0.932031 0.106248 0.098437
0 0.683981 0.880469 0.107813 0.101562
0 0.630077 0.780469 0.115625 0.107813
0 0.709761 0.634375 0.093751 0.084375
0 0.009568 0.203125 0.019136 0.068750
0 0.831637 0.482812 0.106248 0.100000
0 0.600387 0.583594 0.081249 0.079688
0 0.866793 0.097656 0.104688 0.104688
0 0.812108 0.093750 0.076563 0.096875
0 0.654296 0.067187 0.082814 0.075000
0 0.940230 0.284375 0.092186 0.090625
0 0.903514 0.348438 0.084374 0.056250
0 0.883200 0.412500 0.112499 0.084375
0 0.921482 0.579688 0.079689 0.084375
0 0.878886 0.167098 0.042746 0.038860