0 0.346990 0.202075 0.124673 0.121756
0 0.294041 0.128238 0.090674 0.067358
0 0.169446 0.215227 0.126456 0.106619
0 0.119953 0.290155 0.122788 0.108808
0 0.027202 0.218902 0.054404 0.106198
0 0.735099 0.132538 0.090090 0.084894
0 0.698160 0.334580 0.095909 0.101802
0 0.649611 0.372283 0.079016 0.074087
0 0.921346 0.399341 0.084891 0.084894
0 0.978224 0.264276 0.030599 0.062232
0 0.956030 0.278889 0.067500 0.053621
0 0.884531 0.489866 0.092689 0.085759
0 0.753292 0.485534 0.072765 0.096153
0 0.814797 0.474706 0.074500 0.084894
0 0.189139 0.503039 0.129493 0.125248
0 0.116165 0.550503 0.104815 0.096153
0 0.328607 0.575452 0.127760 0.096499
0 0.221412 0.588619 0.123008 0.101350
0 0.772783 0.580387 0.110013 0.097019
0 0.982328 0.758403 0.035344 0.070166
0 0.970855 0.828134 0.058290 0.067569
0 0.304388 0.776184 0.129565 0.084937
0 0.331643 0.662867 0.116507 0.104318
0 0.113990 0.856865 0.106218 0.084197
0 0.091969 0.738056 0.067358 0.100464
0 0.234582 0.697819 0.085240 0.076986
0 0.197593 0.801701 0.111747 0.080536
0 0.531088 0.084197 0.085492 0.101036
0 0.454016 0.098446 0.066062 0.085492
0 0.291451 0.029793 0.119171 0.059585
0 0.540155 0.208549 0.080311 0.077720
0 0.364637 0.391192 0.091969 0.082902
0 0.506477 0.151554 0.062176 0.049223
0 0.658031 0.944301 0.056995 0.077720