0 0.387961 0.948948 0.081249 0.089605
0 0.473901 0.948725 0.084374 0.081825
0 0.461140 0.854688 0.056995 0.096875
0 0.757366 0.922489 0.086304 0.096273
0 0.563720 0.950130 0.092768 0.099740
0 0.585305 0.826148 0.076563 0.086046
0 0.461146 0.765081 0.075117 0.092338
0 0.768103 0.560233 0.082839 0.076425
0 0.842338 0.566719 0.068752 0.067187
0 0.971952 0.626094 0.056096 0.089062
0 0.929058 0.437031 0.079689 0.089062
0 0.980544 0.424926 0.038911 0.072649
0 0.923575 0.265544 0.090674 0.088083
0 0.318653 0.944301 0.051813 0.036269
0 0.535622 0.727332 0.089378 0.094560