0 0.067835 0.114303 0.116156 0.079200
0 0.083674 0.189103 0.130237 0.116159
0 0.964230 0.017112 0.071540 0.034224
0 0.988869 0.155662 0.022261 0.095037
0 0.945179 0.134544 0.079200 0.087997
0 0.951911 0.241022 0.096178 0.103838
0 0.980070 0.294700 0.039860 0.105597
0 0.666225 0.512056 0.087998 0.086237
0 0.264953 0.512938 0.116156 0.102078
0 0.458551 0.655494 0.087998 0.091519
0 0.404872 0.802450 0.121439 0.110878
0 0.702307 0.224303 0.065118 0.091519
0 0.643345 0.152144 0.073917 0.095037
0 0.235912 0.058472 0.117918 0.116944