0 0.026719 0.167869 0.053438 0.090300
0 0.160345 0.199006 0.078885 0.081997
0 0.184738 0.333938 0.075769 0.073694
0 0.017377 0.351584 0.034754 0.052934
0 0.024124 0.469388 0.048248 0.089263
0 0.111042 0.528550 0.077846 0.078881
0 0.019453 0.683722 0.038906 0.079922
0 0.090804 0.957216 0.078885 0.085109
0 0.827735 0.818653 0.091340 0.092375
0 0.977701 0.493259 0.044598 0.072656
0 0.893644 0.498969 0.050859 0.075769
0 0.954880 0.569031 0.061236 0.062275
0 0.900910 0.627672 0.061236 0.055009
0 0.912326 0.671266 0.052936 0.032175
0 0.767533 0.496894 0.080958 0.077844
0 0.815798 0.601725 0.094451 0.092375
0 0.682943 0.326153 0.104829 0.107944