0 0.021408 0.724475 0.042816 0.053972
0 0.010507 0.428147 0.021014 0.069541
0 0.086408 0.539206 0.070580 0.044631
0 0.112357 0.385072 0.078885 0.087187
0 0.138822 0.303075 0.081996 0.095491
0 0.112874 0.249103 0.044631 0.066428
0 0.159061 0.209662 0.058125 0.068503
0 0.217186 0.310859 0.068502 0.073694
0 0.248323 0.334731 0.064352 0.059163
0 0.246250 0.402716 0.093413 0.080959
0 0.239501 0.469662 0.055009 0.073694
0 0.264933 0.221597 0.103795 0.077844
0 0.330841 0.196169 0.046709 0.080959
0 0.293476 0.044112 0.088224 0.088224
0 0.466290 0.291141 0.076807 0.065391
0 0.473557 0.343556 0.074730 0.070578
0 0.384294 0.365872 0.064352 0.046706
0 0.448125 0.521041 0.071619 0.087187
0 0.408682 0.552178 0.090301 0.091337
0 0.393633 0.604594 0.058125 0.038403
0 0.394672 0.632100 0.058125 0.045669
0 0.319942 0.705794 0.093413 0.107944
0 0.421659 0.730703 0.072657 0.085109
0 0.477190 0.691263 0.061236 0.047744
0 0.233795 0.739006 0.053970 0.066428
0 0.469402 0.783637 0.080958 0.064353
0 0.539982 0.782600 0.056047 0.064353
0 0.232235 0.956972 0.061236 0.076806
0 0.700341 0.776372 0.048781 0.066428
0 0.769365 0.799206 0.058125 0.066428
0 0.758987 0.887431 0.047743 0.056047
0 0.813996 0.572938 0.068503 0.080959
0 0.910003 0.701122 0.042554 0.071616
0 0.909486 0.576569 0.070580 0.086147
0 0.936991 0.480563 0.084074 0.080959
0 0.950484 0.618087 0.084074 0.077844
0 0.659343 0.069541 0.070580 0.070578
0 0.715912 0.035809 0.065391 0.071616
0 0.766771 0.019722 0.057086 0.039441
0 0.776631 0.072137 0.064352 0.090300
0 0.846689 0.064872 0.081996 0.084072
0 0.955156 0.015050 0.074730 0.030100
0 0.958376 0.073694 0.083248 0.083034
0 0.982768 0.118844 0.034464 0.069541