0 0.120775 0.138281 0.071877 0.076562
0 0.017487 0.205311 0.034974 0.089378
0 0.094039 0.261330 0.068399 0.075785
0 0.020544 0.406250 0.041088 0.090625
0 0.084838 0.742086 0.081249 0.093548
0 0.173905 0.658594 0.071880 0.082813
0 0.127025 0.578125 0.074998 0.071875
0 0.288843 0.503906 0.067391 0.064063
0 0.310881 0.871114 0.093264 0.107513
0 0.358262 0.632031 0.084400 0.089063
0 0.391954 0.331606 0.073605 0.072539
0 0.362797 0.380493 0.075335 0.079639
0 0.581762 0.434375 0.078031 0.090625
0 0.647339 0.427344 0.071877 0.082813
0 0.808276 0.397656 0.087500 0.082813
0 0.836401 0.311719 0.074998 0.082813
0 0.887965 0.465625 0.081249 0.081250
0 0.951425 0.480027 0.060881 0.078806
0 0.961210 0.030060 0.046492 0.053869