0 0.813265 0.193819 0.089262 0.096528
0 0.960604 0.576297 0.078792 0.089263
0 0.920688 0.459528 0.090301 0.075769
0 0.811709 0.618331 0.069541 0.071616
0 0.700131 0.522841 0.066430 0.061237
0 0.799254 0.898572 0.096529 0.100678
0 0.388229 0.244156 0.100679 0.080959
0 0.287034 0.304878 0.097567 0.088225
0 0.201921 0.305397 0.080958 0.091338
0 0.373702 0.359888 0.038404 0.034253
0 0.341004 0.374937 0.035288 0.031137
0 0.215415 0.443441 0.064352 0.051897
0 0.197771 0.602763 0.080958 0.086147
0 0.122520 0.976013 0.055009 0.047974