0 0.032263 0.562500 0.064525 0.090625
0 0.127023 0.617969 0.068752 0.098438
0 0.502922 0.985751 0.073202 0.028497
0 0.386330 0.845855 0.102987 0.077720
0 0.277804 0.839725 0.104688 0.068051
0 0.170779 0.785758 0.078131 0.086516
0 0.086581 0.781736 0.090261 0.066062
0 0.148117 0.008594 0.085939 0.017187
0 0.362963 0.037500 0.096876 0.075000
0 0.300463 0.050781 0.087500 0.076562
0 0.371555 0.160156 0.085940 0.092188
0 0.206712 0.210156 0.087500 0.082812
0 0.015856 0.133594 0.031712 0.092188
0 0.327073 0.556076 0.079016 0.078473
0 0.374496 0.654688 0.083188 0.078125
0 0.422338 0.712500 0.087500 0.087500
0 0.479368 0.577344 0.089060 0.104688
0 0.531833 0.573834 0.065868 0.075130
0 0.802023 0.831864 0.096876 0.084977
0 0.830933 0.755479 0.101562 0.099041
0 0.746762 0.532252 0.084197 0.085755
0 0.878827 0.474741 0.081725 0.094560
0 0.934056 0.349531 0.085939 0.098438
0 0.544994 0.111250 0.070312 0.065625
0 0.608275 0.036250 0.071877 0.068750
0 0.637180 0.101094 0.076563 0.082812
0 0.795523 0.056995 0.075501 0.067358
0 0.844210 0.105000 0.074998 0.087500
0 0.672280 0.379534 0.059585 0.062176
0 0.506477 0.379534 0.031088 0.054404
0 0.595207 0.342617 0.073834 0.060881
0 0.436528 0.455959 0.077720 0.075130