0 0.266871 0.171094 0.095311 0.095312
0 0.267651 0.275781 0.096876 0.085937
0 0.227804 0.360156 0.114064 0.117187
0 0.137179 0.539063 0.120311 0.096875
0 0.419992 0.551562 0.085939 0.084375
0 0.352805 0.625781 0.107813 0.089062
0 0.311398 0.746875 0.118750 0.100000
0 0.142650 0.703125 0.109374 0.093750
0 0.055150 0.696094 0.096876 0.095313
0 0.119996 0.871094 0.098437 0.089062
0 0.214527 0.896875 0.087500 0.084375
0 0.078452 0.952344 0.068484 0.070312
0 0.026795 0.942969 0.053589 0.098438
0 0.544213 0.767969 0.090625 0.098438
0 0.557495 0.863281 0.076563 0.079688
0 0.805152 0.974375 0.081249 0.051250