0 0.703585 0.079687 0.087500 0.084375
0 0.602023 0.383594 0.093751 0.092188
0 0.755149 0.349219 0.084374 0.073438
0 0.790520 0.333804 0.076992 0.070733
0 0.906715 0.457031 0.074998 0.073438
0 0.555150 0.982969 0.103123 0.034062
0 0.562803 0.825075 0.081565 0.087974
0 0.651241 0.847969 0.107813 0.092188
0 0.788860 0.781736 0.054404 0.053109
0 0.920777 0.886250 0.068752 0.075000
0 0.870774 0.902656 0.078123 0.092188
0 0.980700 0.774128 0.038600 0.058619
0 0.306713 0.647187 0.062501 0.065625
0 0.369213 0.626875 0.081249 0.075000
0 0.191088 0.677656 0.081249 0.060938
0 0.139630 0.697226 0.062708 0.056326
0 0.381477 0.792746 0.058290 0.062176
0 0.264601 0.834657 0.065471 0.065687
0 0.958044 0.589375 0.083911 0.075000
0 0.027202 0.384067 0.054404 0.073834