0 0.480570 0.936528 0.075130 0.072539
0 0.571891 0.673607 0.084197 0.093327
0 0.532073 0.497266 0.076069 0.071000
0 0.612199 0.442494 0.067957 0.068972
0 0.440277 0.290186 0.091283 0.082841
0 0.736290 0.057123 0.058509 0.054660
0 0.785135 0.111600 0.058830 0.075531
0 0.882731 0.385706 0.053191 0.044650
0 0.155793 0.245466 0.082197 0.076425
0 0.117740 0.204523 0.091283 0.072258
0 0.521423 0.315709 0.097370 0.091284
0 0.551569 0.011658 0.070436 0.023316
0 0.102636 0.742737 0.080920 0.070966
0 0.031736 0.591322 0.063472 0.058288
0 0.064767 0.025907 0.090674 0.051813
0 0.329016 0.966321 0.067358 0.049223
0 0.818005 0.119171 0.029793 0.044041