0 0.315461 0.025000 0.087500 0.050000
0 0.293588 0.765938 0.084374 0.078125
0 0.324058 0.722969 0.079689 0.082812
0 0.252189 0.774663 0.048419 0.070051
0 0.149838 0.505000 0.068752 0.093750
0 0.280305 0.247969 0.120311 0.110938
0 0.898944 0.922246 0.090713 0.090742
0 0.855497 0.926875 0.055553 0.093750
0 0.986950 0.823750 0.026099 0.100000
0 0.967420 0.693281 0.065160 0.085938
0 0.815306 0.808125 0.082814 0.081250
0 0.693431 0.617500 0.079689 0.090625
0 0.608276 0.631563 0.074998 0.078125
0 0.944213 0.029145 0.065626 0.058290
0 0.992419 0.024375 0.015162 0.048750
0 0.396555 0.186250 0.107813 0.112500
0 0.662181 0.312031 0.064061 0.064062
0 0.834055 0.154219 0.051564 0.064062