0 0.499260 0.536609 0.083035 0.076806
0 0.465006 0.643516 0.053970 0.080959
0 0.549597 0.909747 0.067464 0.073694
0 0.483689 0.930503 0.058125 0.059162
0 0.463450 0.889506 0.102756 0.101716
0 0.611355 0.990941 0.066430 0.018118
0 0.565168 0.651300 0.071619 0.092375
0 0.640937 0.624834 0.046709 0.074731
0 0.808045 0.395972 0.079919 0.079922
0 0.815828 0.462397 0.070580 0.081997
0 0.800257 0.308784 0.066430 0.069541
0 0.945050 0.320200 0.073691 0.079922
0 0.976417 0.348225 0.047166 0.067466
0 0.844888 0.771700 0.080958 0.073694
0 0.959291 0.956690 0.081418 0.086620