0 0.038488 0.040478 0.076975 0.080956
0 0.148161 0.026522 0.092125 0.053041
0 0.325431 0.044666 0.100500 0.089331
0 0.096518 0.248459 0.080958 0.111666
0 0.245174 0.411772 0.076770 0.103291
0 0.100706 0.330813 0.050252 0.061416
0 0.208881 0.335000 0.060019 0.061416
0 0.098609 0.598792 0.054435 0.081004
0 0.221444 0.605794 0.085145 0.086541
0 0.201052 0.543026 0.075680 0.080870
0 0.277275 0.646972 0.068394 0.073978
0 0.259829 0.708387 0.080958 0.085147
0 0.172587 0.647669 0.057227 0.069791
0 0.085351 0.672794 0.061415 0.075375
0 0.141882 0.751659 0.082353 0.071188
0 0.180267 0.783066 0.030710 0.039084
0 0.106289 0.801209 0.094916 0.089334
0 0.453849 0.190531 0.080958 0.093522
0 0.694630 0.573687 0.087937 0.125625
0 0.215160 0.959230 0.097708 0.081540
0 0.656401 0.745936 0.066688 0.062532