0 0.037565 0.347337 0.075130 0.067900
0 0.154378 0.464859 0.062679 0.096628
0 0.348940 0.210884 0.083571 0.090100
0 0.399864 0.178894 0.067901 0.094016
0 0.270591 0.214800 0.078349 0.082266
0 0.288220 0.296413 0.084877 0.086181
0 0.371791 0.299025 0.082264 0.099241
0 0.455362 0.129925 0.074429 0.084875
0 0.580062 0.084875 0.049618 0.028728
0 0.569614 0.124050 0.078349 0.080959
0 0.590510 0.189991 0.075736 0.077041
0 0.580715 0.254628 0.077042 0.083569
0 0.518036 0.265728 0.066594 0.084875
0 0.382888 0.664644 0.083571 0.086181
0 0.380279 0.741684 0.067901 0.078347
0 0.245131 0.771719 0.077042 0.073125
0 0.098228 0.898378 0.080958 0.080959
0 0.696928 0.404794 0.090099 0.083569
0 0.779845 0.575850 0.078349 0.073125
0 0.699541 0.632000 0.079651 0.080959
0 0.670814 0.669866 0.084877 0.088794
0 0.747203 0.713609 0.075736 0.090100
0 0.595732 0.671825 0.078349 0.074428
0 0.587897 0.589562 0.075736 0.048312
0 0.724352 0.225247 0.079651 0.079653
0 0.749812 0.164528 0.080957 0.078347
0 0.790946 0.117522 0.077042 0.083569
0 0.910425 0.191297 0.075736 0.079653
0 0.961090 0.284009 0.077820 0.087487
0 0.975452 0.332322 0.049096 0.056150
0 0.884961 0.287925 0.087486 0.095322
0 0.976759 0.077041 0.046482 0.065291
0 0.968269 0.615025 0.063462 0.075734
0 0.924135 0.581075 0.079651 0.091406
0 0.978716 0.681619 0.042568 0.080959
0 0.788987 0.955181 0.083571 0.082266
0 0.582022 0.934287 0.066594 0.061372
0 0.877779 0.019588 0.078349 0.039175
0 0.418800 0.791956 0.045703 0.069206
0 0.213083 0.418394 0.073834 0.080311