0 0.573473 0.731741 0.088224 0.099641
0 0.519498 0.719284 0.088224 0.083034
0 0.653392 0.655972 0.081996 0.056047
0 0.707883 0.579684 0.089262 0.071616
0 0.797146 0.726031 0.083035 0.098603
0 0.890558 0.638328 0.099640 0.112097
0 0.975898 0.463434 0.048203 0.111059
0 0.846449 0.394931 0.111056 0.115209
0 0.768081 0.320722 0.064352 0.095491
0 0.864609 0.230422 0.087185 0.110022
0 0.949432 0.212256 0.101136 0.117288
0 0.852676 0.897291 0.088224 0.069541
0 0.545968 0.919087 0.095490 0.094453
0 0.646647 0.920125 0.060198 0.059162
0 0.600455 0.976409 0.092374 0.047181