0 0.668802 0.901216 0.110582 0.107513
0 0.611399 0.893782 0.041451 0.067358
0 0.430699 0.885145 0.084197 0.088942
0 0.023316 0.771437 0.046632 0.097278
0 0.751295 0.839378 0.103627 0.088083
0 0.668790 0.636997 0.096355 0.100413
0 0.581606 0.629534 0.090674 0.098446
0 0.424223 0.674965 0.094560 0.093453
0 0.496762 0.729275 0.063472 0.056995
0 0.365933 0.476684 0.125648 0.106218
0 0.778569 0.492076 0.100894 0.098142
0 0.605570 0.126295 0.068653 0.104922
0 0.488342 0.084845 0.080311 0.068653
0 0.712012 0.086788 0.091520 0.095855
0 0.881214 0.120466 0.076950 0.085492
0 0.796632 0.365285 0.085492 0.082902
0 0.839188 0.936756 0.065927 0.048767
0 0.861638 0.888267 0.082424 0.056327
0 0.952073 0.449428 0.075130 0.069840
0 0.941062 0.196347 0.117876 0.068859
0 0.378238 0.125000 0.062176 0.055699
0 0.279145 0.228627 0.081606 0.071244