0 0.920657 0.203953 0.089262 0.075769
0 0.948166 0.267788 0.088224 0.051897
0 0.965518 0.367428 0.068963 0.097566
0 0.885369 0.359125 0.091340 0.089262
0 0.921179 0.437488 0.090301 0.086147
0 0.779502 0.296328 0.062275 0.050859
0 0.704767 0.275050 0.062275 0.051897
0 0.657542 0.321759 0.069541 0.078881
0 0.707366 0.338884 0.073691 0.090300
0 0.768603 0.445272 0.059164 0.078881
0 0.947644 0.556331 0.039442 0.047744
0 0.973823 0.540763 0.052353 0.085109
0 0.891597 0.600962 0.085112 0.097566
0 0.785208 0.592659 0.079919 0.089262
0 0.735388 0.500281 0.052936 0.087187
0 0.918584 0.759247 0.091340 0.090300
0 0.906129 0.832419 0.076807 0.035291
0 0.784691 0.959284 0.097567 0.081432
0 0.726049 0.581241 0.063314 0.076806
0 0.740577 0.900922 0.050859 0.068503