0 0.839213 0.076531 0.068503 0.069541
0 0.741646 0.141403 0.116250 0.091338
0 0.785760 0.219247 0.104829 0.105869
0 0.962160 0.284638 0.075679 0.080959
0 0.631107 0.230147 0.121439 0.113134
0 0.512262 0.075494 0.051897 0.059162
0 0.437532 0.113897 0.128705 0.121438
0 0.458292 0.229106 0.114172 0.100678
0 0.271463 0.086394 0.116250 0.101716
0 0.195177 0.035930 0.100679 0.071860
0 0.073738 0.332381 0.098601 0.097566
0 0.415217 0.432541 0.094451 0.100678
0 0.460887 0.493781 0.096529 0.086147
0 0.549627 0.553459 0.060198 0.076806
0 0.586997 0.469388 0.047743 0.056047
0 0.251224 0.515056 0.094451 0.110022
0 0.113181 0.572662 0.121439 0.100678
0 0.207115 0.642722 0.091340 0.099641
0 0.289111 0.655697 0.101717 0.102756
0 0.521606 0.714859 0.070580 0.090300
0 0.463481 0.741844 0.101717 0.092375
0 0.098131 0.868472 0.097567 0.106906
0 0.353459 0.851866 0.074730 0.059162
0 0.435977 0.865878 0.088224 0.076806
0 0.742168 0.789072 0.098601 0.087188
0 0.802365 0.465756 0.071619 0.075769
0 0.911866 0.477172 0.097567 0.084072
0 0.967871 0.528031 0.064258 0.077844
0 0.492024 0.978607 0.044631 0.042786
0 0.387195 0.934900 0.065391 0.069541
0 0.439610 0.977570 0.058125 0.044859
0 0.046751 0.415416 0.055009 0.064353