0 0.045463 0.808594 0.090625 0.085938
0 0.386871 0.771875 0.095311 0.068750
0 0.389992 0.842187 0.082814 0.068750
0 0.970386 0.686154 0.059227 0.081059
0 0.349370 0.528273 0.067186 0.049671
0 0.323585 0.440938 0.103123 0.075000
0 0.382180 0.309687 0.085940 0.078125
0 0.464214 0.321406 0.087500 0.079688
0 0.515493 0.244844 0.072437 0.067188
0 0.594681 0.265937 0.073438 0.071875
0 0.674370 0.149531 0.082814 0.089062
0 0.786089 0.221406 0.093751 0.082812
0 0.983808 0.429219 0.032383 0.089062
0 0.899610 0.078828 0.058293 0.077345