0 0.030231 0.878125 0.060462 0.084375
0 0.082338 0.970313 0.068752 0.059374
0 0.139368 0.990625 0.070312 0.018750
0 0.077652 0.791406 0.068752 0.073438
0 0.031013 0.725781 0.062026 0.067187
0 0.114737 0.614844 0.071044 0.076562
0 0.140933 0.468750 0.082814 0.084375
0 0.052648 0.407031 0.087500 0.092187
0 0.158121 0.191406 0.089060 0.082812
0 0.229213 0.021875 0.078123 0.043750
0 0.379213 0.982187 0.087500 0.035625
0 0.404213 0.689063 0.074998 0.096875
0 0.484700 0.677400 0.101525 0.098324
0 0.529994 0.761719 0.067186 0.076562
0 0.308117 0.476563 0.070312 0.059375
0 0.116714 0.334375 0.062501 0.068750
0 0.110463 0.068750 0.074998 0.096875
0 0.976949 0.975156 0.046101 0.049687
0 0.852339 0.858125 0.103123 0.109375
0 0.728118 0.819844 0.079689 0.073438
0 0.665020 0.790155 0.068382 0.072539
0 0.838276 0.623750 0.106248 0.103125
0 0.972261 0.651875 0.055478 0.081250
0 0.360150 0.037500 0.068752 0.075000
0 0.331606 0.914508 0.069948 0.067358