0 0.121941 0.108981 0.078885 0.076806
0 0.169684 0.163994 0.091340 0.097566
0 0.238708 0.187866 0.090301 0.101716
0 0.305655 0.182156 0.064352 0.081997
0 0.248569 0.102238 0.085112 0.084072
0 0.244419 0.312416 0.076807 0.083034
0 0.043056 0.448384 0.076807 0.070578
0 0.047728 0.509625 0.040481 0.053972
0 0.116231 0.474853 0.084074 0.090300
0 0.186811 0.528306 0.098601 0.101716
0 0.306172 0.512219 0.061236 0.077844
0 0.285934 0.585913 0.078885 0.073694
0 0.245453 0.638328 0.072657 0.062275
0 0.396473 0.040478 0.073691 0.074731
0 0.475358 0.037884 0.079919 0.075768
0 0.456675 0.216928 0.059164 0.058125
0 0.495596 0.263116 0.080958 0.073694
0 0.487813 0.444753 0.096529 0.092375
0 0.470169 0.494575 0.057086 0.048781
0 0.638828 0.137006 0.056047 0.074731
0 0.640389 0.217966 0.079919 0.072656
0 0.719791 0.147388 0.051897 0.049822
0 0.714597 0.219003 0.064352 0.093413
0 0.841225 0.031138 0.068503 0.049822
0 0.855757 0.062275 0.085112 0.078881
0 0.877556 0.120400 0.070580 0.056047
0 0.862506 0.184750 0.075769 0.074731
0 0.790366 0.186309 0.047743 0.067466
0 0.896755 0.242356 0.065391 0.069541
0 0.961612 0.325909 0.076776 0.085109
0 0.985484 0.162956 0.029032 0.066428
0 0.986520 0.558503 0.026959 0.060010
0 0.967838 0.922200 0.064324 0.079922
0 0.927893 0.967068 0.081996 0.065864
0 0.766495 0.683478 0.053970 0.050859
0 0.733801 0.646112 0.061236 0.071616
0 0.606652 0.649225 0.062275 0.052934
0 0.539710 0.639366 0.050859 0.053972
0 0.515834 0.621719 0.034254 0.033213
0 0.595236 0.806991 0.085112 0.088225
0 0.475875 0.769106 0.068503 0.056047
0 0.325893 0.703716 0.071619 0.060200
0 0.296311 0.892619 0.080958 0.080959
0 0.784138 0.942441 0.053970 0.039441
0 0.757673 0.919087 0.025949 0.032175
0 0.029833 0.679325 0.059666 0.084072
0 0.038389 0.795053 0.050859 0.064353
0 0.098070 0.741081 0.053970 0.058125
0 0.130246 0.791941 0.078885 0.083034
0 0.208609 0.780525 0.079919 0.074731
0 0.145813 0.917013 0.056047 0.073694