0 0.575820 0.675525 0.112847 0.060894
0 0.279244 0.938203 0.071442 0.088312
0 0.377931 0.955375 0.080135 0.070325
0 0.848937 0.526525 0.089949 0.084138
0 0.784340 0.364981 0.107940 0.103031
0 0.834050 0.287522 0.096148 0.100950
0 0.886325 0.132124 0.079682 0.069948
0 0.807234 0.140928 0.088313 0.080138
0 0.828497 0.208797 0.098127 0.052334
0 0.785158 0.074691 0.080135 0.068688
0 0.518158 0.302019 0.046586 0.065419
0 0.501410 0.332272 0.081771 0.067053
0 0.102361 0.047706 0.081771 0.076866
0 0.025013 0.037345 0.050026 0.074690
0 0.937255 0.439394 0.086677 0.085044
0 0.920984 0.107513 0.038860 0.041451