0 0.102582 0.140237 0.087227 0.091284
0 0.176497 0.122812 0.066695 0.087593
0 0.050783 0.909659 0.101566 0.104293
0 0.088640 0.955311 0.099923 0.089378
0 0.187176 0.837524 0.110104 0.102509
0 0.743754 0.186528 0.059124 0.075130
0 0.927461 0.272021 0.067358 0.069948
0 0.592617 0.706292 0.079016 0.080977
0 0.841969 0.879884 0.101036 0.088784
0 0.782383 0.925484 0.072539 0.068585
0 0.441578 0.947058 0.057258 0.059920
0 0.715674 0.176813 0.027202 0.050518
0 0.062824 0.790155 0.099741 0.088083
0 0.910622 0.965026 0.103627 0.069948
0 0.139896 0.167098 0.051813 0.062176