0 0.421557 0.034375 0.076563 0.068750
0 0.205930 0.397656 0.076563 0.067188
0 0.044213 0.749219 0.087500 0.085938
0 0.076243 0.700781 0.051564 0.054688
0 0.025230 0.696875 0.050459 0.043750
0 0.322335 0.928906 0.087500 0.098438
0 0.523119 0.747656 0.092186 0.085938
0 0.671555 0.796094 0.092186 0.095312
0 0.652850 0.108343 0.080311 0.076061
0 0.801242 0.194531 0.076563 0.085938
0 0.923191 0.244272 0.079542 0.089581
0 0.976794 0.312103 0.046412 0.080457
0 0.984456 0.557950 0.031088 0.078400
0 0.895773 0.585156 0.096876 0.101563
0 0.772337 0.620313 0.103123 0.096875
0 0.841088 0.902866 0.087500 0.093232
0 0.990933 0.928109 0.018134 0.053109