0 0.096576 0.107631 0.110248 0.079091
0 0.121349 0.180648 0.084667 0.076528
0 0.225995 0.259822 0.081489 0.076694
0 0.124136 0.389896 0.112645 0.062176
0 0.589832 0.434778 0.094947 0.091075
0 0.604542 0.319036 0.076959 0.073305
0 0.459674 0.561803 0.093469 0.067106
0 0.526781 0.057303 0.074298 0.074297
0 0.385377 0.963528 0.112645 0.072944
0 0.519561 0.979274 0.093526 0.041450
0 0.617853 0.973445 0.112645 0.053108
0 0.735291 0.956338 0.103057 0.087323
0 0.050685 0.937841 0.101370 0.074297
0 0.090384 0.879122 0.083482 0.095866
0 0.024323 0.826394 0.048645 0.095866
0 0.307483 0.959933 0.076695 0.080134
0 0.395078 0.200777 0.069948 0.059585
0 0.312176 0.290803 0.072539 0.058290