0 0.583430 0.220316 0.096435 0.083341
0 0.706058 0.341753 0.084530 0.080959
0 0.617956 0.366159 0.096435 0.089294
0 0.706654 0.407831 0.085719 0.063100
0 0.369129 0.553078 0.072624 0.067862
0 0.280430 0.687019 0.076196 0.078578
0 0.750111 0.757263 0.070241 0.069053
0 0.684630 0.685231 0.096435 0.094056
0 0.854286 0.764406 0.102390 0.097625
0 0.968813 0.735831 0.062373 0.078578
0 0.792970 0.976258 0.089291 0.047484
0 0.980123 0.947753 0.039754 0.064291
0 0.855570 0.159974 0.081606 0.073834
0 0.938472 0.268135 0.086788 0.082902
0 0.973446 0.330959 0.053108 0.076425
0 0.258420 0.278497 0.071244 0.069948
0 0.321244 0.323187 0.080311 0.063472
0 0.063472 0.101036 0.085492 0.108808