0 0.278729 0.741081 0.056048 0.087187
0 0.275617 0.805953 0.060198 0.069541
0 0.232025 0.811663 0.043593 0.060200
0 0.098648 0.932063 0.094451 0.089263
0 0.284439 0.946072 0.052936 0.061237
0 0.360208 0.953337 0.065391 0.055009
0 0.344637 0.829306 0.032176 0.078881
0 0.401723 0.838647 0.071619 0.085109
0 0.403284 0.721881 0.072657 0.081997
0 0.504479 0.705794 0.055009 0.083034
0 0.578692 0.828788 0.089262 0.084072
0 0.623840 0.879647 0.079919 0.063313
0 0.640967 0.710981 0.066430 0.049822
0 0.709470 0.763397 0.060198 0.073694
0 0.767595 0.790903 0.087185 0.099641
0 0.826758 0.961644 0.074730 0.071616
0 0.749429 0.960841 0.075769 0.078317