0 0.059056 0.969219 0.104685 0.061562
0 0.119993 0.766562 0.110939 0.103125
0 0.219210 0.747812 0.106248 0.106250
0 0.156714 0.629844 0.100002 0.104688
0 0.080151 0.657188 0.084374 0.090625
0 0.470773 0.804063 0.100002 0.096875
0 0.566869 0.837656 0.095311 0.126563
0 0.236398 0.348594 0.115625 0.101562
0 0.344211 0.299375 0.100002 0.081250
0 0.814904 0.769258 0.100762 0.091017
0 0.655929 0.559688 0.092186 0.084375
0 0.581712 0.544063 0.081249 0.109375
0 0.756712 0.509688 0.100002 0.096875
0 0.891869 0.428437 0.079689 0.078125
0 0.965077 0.394938 0.069846 0.082623