0 0.387961 0.143750 0.081249 0.100000
0 0.468447 0.145078 0.073468 0.085492
0 0.020725 0.328368 0.041450 0.053109
0 0.303756 0.416451 0.081606 0.071244
0 0.433440 0.414184 0.071544 0.078368
0 0.324775 0.597021 0.101746 0.105959
0 0.203590 0.552570 0.065626 0.079234
0 0.242605 0.591843 0.071785 0.080562
0 0.155440 0.579016 0.056995 0.064767
0 0.950857 0.509688 0.098286 0.112500
0 0.688437 0.343497 0.060950 0.073005
0 0.759309 0.122188 0.090190 0.096875
0 0.569549 0.148217 0.104426 0.107315
0 0.595855 0.034326 0.069948 0.068652
0 0.460492 0.054404 0.053109 0.082902
0 0.319301 0.146373 0.058290 0.031088