0 0.533352 0.240891 0.104472 0.100412
0 0.606889 0.267263 0.085202 0.108528
0 0.539446 0.501563 0.102456 0.118672
0 0.461286 0.427444 0.080019 0.080277
0 0.605570 0.408693 0.081606 0.078987
0 0.075130 0.134715 0.098446 0.069948
0 0.275907 0.665427 0.121762 0.138058
0 0.262306 0.736132 0.112694 0.084730
0 0.697669 0.822799 0.100415 0.098965
0 0.287565 0.967584 0.093264 0.064832
0 0.176166 0.813453 0.044041 0.064913
0 0.529841 0.572562 0.103530 0.104472
0 0.339378 0.641192 0.049223 0.056995
0 0.029145 0.711140 0.047927 0.064767
0 0.077720 0.731218 0.064767 0.073834
0 0.356865 0.018782 0.073834 0.037564
0 0.465674 0.079663 0.107513 0.089378
0 0.494171 0.153497 0.099741 0.084197
0 0.589378 0.073187 0.069948 0.076425
0 0.631477 0.088083 0.029793 0.049223
0 0.762953 0.811528 0.062176 0.058290
0 0.150259 0.579663 0.051813 0.089378