0 0.026963 0.180241 0.053926 0.081487
0 0.148596 0.260788 0.088675 0.078570
0 0.161455 0.349033 0.076054 0.073954
0 0.063512 0.296478 0.076695 0.079091
0 0.956447 0.934953 0.087106 0.083884
0 0.413187 0.639684 0.083886 0.093472
0 0.376039 0.545016 0.095866 0.076694
0 0.525832 0.573899 0.093469 0.100907
0 0.525259 0.467122 0.076425 0.083884
0 0.639044 0.502974 0.101923 0.102860
0 0.808124 0.529145 0.078053 0.071244
0 0.743092 0.496179 0.063040 0.054533
0 0.986405 0.529822 0.027190 0.075072
0 0.975619 0.438841 0.048761 0.103056
0 0.985209 0.190788 0.029582 0.091075
0 0.838599 0.132069 0.091072 0.088678
0 0.621698 0.262925 0.107851 0.074297
0 0.571371 0.241421 0.064710 0.050199
0 0.897668 0.940415 0.046632 0.080311
0 0.282383 0.534974 0.062176 0.059585