0 0.987439 0.920094 0.025122 0.087188
0 0.798425 0.870275 0.068503 0.070578
0 0.823340 0.781013 0.058125 0.060200
0 0.766771 0.785163 0.055009 0.070578
0 0.842022 0.517897 0.066430 0.065391
0 0.833717 0.409431 0.064352 0.053972
0 0.542576 0.423963 0.100679 0.093413
0 0.669725 0.426559 0.041515 0.069541
0 0.526488 0.564084 0.072657 0.078881
0 0.516110 0.252706 0.091340 0.076806
0 0.422698 0.197175 0.080958 0.067466
0 0.402977 0.135937 0.083035 0.094453
0 0.483417 0.053179 0.090301 0.106358
0 0.230679 0.036053 0.078885 0.072106
0 0.227568 0.217934 0.099640 0.102756
0 0.173593 0.215341 0.051897 0.093413
0 0.214591 0.379853 0.065391 0.063312
0 0.068764 0.338334 0.068502 0.081997
0 0.203692 0.668397 0.072657 0.081997
0 0.197986 0.743647 0.077846 0.070578
0 0.310598 0.788797 0.068503 0.084072
0 0.293476 0.866641 0.059164 0.071616
0 0.373912 0.790872 0.080958 0.079922
0 0.446569 0.738456 0.043592 0.047744
0 0.022444 0.742091 0.044888 0.055009