0 0.057072 0.015691 0.096529 0.031382
0 0.137512 0.087950 0.122477 0.127666
0 0.146334 0.218728 0.050859 0.057087
0 0.207570 0.327191 0.102756 0.110022
0 0.819948 0.020361 0.121439 0.040722
0 0.753001 0.082759 0.078885 0.081997
0 0.802304 0.109228 0.106906 0.097566
0 0.970435 0.319406 0.059130 0.096528
0 0.976662 0.415934 0.046676 0.075769
0 0.891566 0.418013 0.102756 0.096528
0 0.756634 0.468350 0.098601 0.101716
0 0.689170 0.382203 0.115211 0.099641
0 0.963688 0.725756 0.072624 0.080959
0 0.697992 0.685797 0.058125 0.063313
0 0.389207 0.751706 0.042554 0.033212
0 0.360147 0.778172 0.073691 0.073694
0 0.663738 0.950988 0.062275 0.062275
0 0.608213 0.988987 0.113134 0.022026
0 0.128686 0.980164 0.086146 0.039672