0 0.110619 0.715830 0.092186 0.068966
0 0.165308 0.538594 0.082814 0.092188
0 0.220325 0.630000 0.072774 0.075000
0 0.427183 0.515156 0.085940 0.079688
0 0.664082 0.434191 0.094115 0.092757
0 0.915461 0.476094 0.109374 0.098438
0 0.550619 0.266719 0.095311 0.085938
0 0.491244 0.220625 0.085940 0.087500
0 0.443586 0.142500 0.084374 0.078125
0 0.564681 0.034531 0.089060 0.069062
0 0.802962 0.105781 0.100002 0.095312
0 0.695596 0.693005 0.080311 0.067358
0 0.647021 0.123705 0.079016 0.081606
0 0.569301 0.801813 0.079016 0.082902