0 0.112292 0.020998 0.079506 0.041995
0 0.214651 0.090322 0.088834 0.065469
0 0.350661 0.154519 0.083653 0.095107
0 0.247296 0.250515 0.098673 0.105188
0 0.442358 0.394430 0.086788 0.086788
0 0.117145 0.466891 0.074001 0.089225
0 0.042746 0.464378 0.085492 0.079016
0 0.031736 0.736399 0.063472 0.079016
0 0.123705 0.882124 0.089378 0.080311
0 0.352172 0.976684 0.088401 0.046632
0 0.157993 0.978627 0.098522 0.042746
0 0.643646 0.984456 0.085765 0.031088
0 0.528497 0.219560 0.062176 0.050518
0 0.564119 0.320596 0.066062 0.060881
0 0.226684 0.543394 0.056995 0.066062
0 0.158679 0.541451 0.076425 0.064767
0 0.220207 0.369171 0.056995 0.080311