0 0.132824 0.339722 0.102227 0.086180
0 0.362694 0.254534 0.095855 0.097150
0 0.417879 0.333594 0.109837 0.104688
0 0.444212 0.116269 0.074998 0.073162
0 0.365304 0.849531 0.082814 0.089062
0 0.419993 0.780000 0.060936 0.062500
0 0.362963 0.915923 0.087500 0.059345
0 0.501402 0.106250 0.071877 0.093750
0 0.556866 0.096199 0.092186 0.073227
0 0.634991 0.506084 0.095303 0.084707
0 0.531387 0.980625 0.069351 0.038750
0 0.730306 0.971250 0.095311 0.057500
0 0.734212 0.869063 0.087500 0.078125
0 0.776399 0.858125 0.078123 0.081250
0 0.954542 0.505000 0.059344 0.093750
0 0.500648 0.606218 0.073834 0.069948
0 0.753886 0.766192 0.085492 0.076425
0 0.744819 0.706606 0.059585 0.047927
0 0.061528 0.344560 0.047927 0.049223
0 0.208549 0.710492 0.059585 0.063472