0 0.081219 0.159841 0.087185 0.083034
0 0.130001 0.322797 0.087185 0.087188
0 0.081219 0.486791 0.033215 0.049822
0 0.045798 0.526231 0.091596 0.101716
0 0.052154 0.590581 0.085112 0.064353
0 0.078103 0.636250 0.074730 0.072656
0 0.188643 0.646631 0.094451 0.091337
0 0.033345 0.715653 0.066689 0.092375
0 0.204214 0.750425 0.069541 0.083034
0 0.233795 0.860444 0.070580 0.068503
0 0.065131 0.932063 0.077846 0.068503
0 0.026597 0.964474 0.053193 0.071052
0 0.395710 0.565153 0.095490 0.102756
0 0.219780 0.229900 0.088224 0.077844
0 0.281021 0.183194 0.075769 0.088225
0 0.268566 0.095491 0.079919 0.091338
0 0.329802 0.120919 0.092374 0.106906
0 0.473557 0.238725 0.107945 0.112097
0 0.584613 0.449425 0.083035 0.089262
0 0.584096 0.248584 0.086146 0.106906
0 0.591879 0.065391 0.107945 0.099641
0 0.509883 0.128703 0.062275 0.074731
0 0.728367 0.120919 0.092374 0.100678
0 0.757949 0.021278 0.080958 0.042556
0 0.737189 0.041519 0.058125 0.056047
0 0.723178 0.310859 0.098601 0.096528
0 0.723695 0.379363 0.070580 0.057088
0 0.790125 0.315013 0.058125 0.061238
0 0.824896 0.363275 0.100679 0.095491
0 0.981210 0.590062 0.037580 0.096528
0 0.838906 0.742637 0.076807 0.081997
0 0.816074 0.778447 0.085112 0.060200