0 0.213047 0.686140 0.060809 0.095079
0 0.300192 0.832431 0.113477 0.103950
0 0.062838 0.373694 0.090954 0.094538
0 0.009067 0.353627 0.018134 0.090674
0 0.928839 0.905440 0.106052 0.113990
0 0.488169 0.485066 0.094423 0.093556
0 0.884067 0.267817 0.089378 0.088718
0 0.710492 0.281736 0.094560 0.084197
0 0.527247 0.128909 0.090763 0.071289
0 0.898316 0.165803 0.071244 0.046632
0 0.777202 0.911269 0.072539 0.099741
0 0.886010 0.657383 0.085492 0.073834
0 0.564119 0.314767 0.097150 0.077720
0 0.507124 0.169689 0.073834 0.059585
0 0.044689 0.156736 0.089378 0.116580
0 0.224093 0.439119 0.075130 0.090674
0 0.370466 0.755181 0.054404 0.059585
0 0.389896 0.617228 0.064767 0.053109