0 0.021373 0.683906 0.042746 0.067187
0 0.025231 0.531562 0.050461 0.090625
0 0.100465 0.477079 0.078123 0.069158
0 0.065304 0.390385 0.060936 0.076106
0 0.623509 0.123437 0.056090 0.090625
0 0.584527 0.234670 0.096876 0.096284
0 0.239994 0.412500 0.095311 0.087500
0 0.238808 0.358144 0.074197 0.071211
0 0.363667 0.314621 0.066712 0.041742
0 0.428276 0.472656 0.065626 0.079687
0 0.394680 0.497656 0.048438 0.095312
0 0.372026 0.425000 0.046873 0.046875
0 0.342336 0.496875 0.084374 0.093750
0 0.254836 0.478125 0.109374 0.093750
0 0.610182 0.497656 0.083058 0.082812
0 0.625633 0.579688 0.080281 0.078125
0 0.734523 0.677344 0.090625 0.092187
0 0.807180 0.619531 0.089060 0.098437
0 0.664211 0.718750 0.074998 0.090625
0 0.763433 0.763281 0.073437 0.076562
0 0.975544 0.243594 0.048912 0.098437
0 0.900528 0.199062 0.088621 0.087500
0 0.175518 0.419041 0.045337 0.060881