0 0.680379 0.831900 0.077846 0.071616
0 0.898863 0.756131 0.060198 0.081997
0 0.869281 0.729666 0.071619 0.076806
0 0.807006 0.731222 0.057086 0.081997
0 0.971746 0.109503 0.056508 0.071616
0 0.963442 0.181638 0.073115 0.080959
0 0.919101 0.244431 0.071619 0.075769
0 0.826206 0.226787 0.062275 0.067466
0 0.865131 0.283356 0.065391 0.068503
0 0.813751 0.397009 0.076807 0.079922
0 0.826206 0.474853 0.074730 0.079922
0 0.756148 0.463956 0.071619 0.076806
0 0.848521 0.499762 0.055009 0.055009
0 0.639898 0.357047 0.077846 0.074731
0 0.660658 0.538684 0.069541 0.078881
0 0.739542 0.611859 0.071619 0.075769
0 0.546485 0.528306 0.067464 0.072656
0 0.488882 0.680362 0.068502 0.065391
0 0.657542 0.700084 0.067464 0.065391