0 0.790949 0.080409 0.081996 0.101716
0 0.910827 0.036816 0.047743 0.049822
0 0.877095 0.070028 0.079919 0.087188
0 0.754101 0.161887 0.060198 0.071616
0 0.790427 0.309791 0.095490 0.095491
0 0.651867 0.324841 0.052936 0.044631
0 0.838691 0.398016 0.073691 0.083034
0 0.406395 0.410991 0.107945 0.113134
0 0.370586 0.539694 0.104829 0.100678
0 0.868273 0.570312 0.056048 0.087188
0 0.304160 0.655422 0.086146 0.085109
0 0.322321 0.737938 0.105868 0.090300
0 0.361764 0.901413 0.120400 0.091338
0 0.046991 0.967312 0.093977 0.065376