0 0.146398 0.768750 0.087500 0.075000
0 0.084682 0.722656 0.089060 0.073438
0 0.016949 0.821875 0.033898 0.056250
0 0.011481 0.735938 0.022962 0.071875
0 0.565929 0.922656 0.064061 0.067188
0 0.564456 0.961719 0.086114 0.076562
0 0.404212 0.878906 0.087500 0.076562
0 0.265933 0.463281 0.079689 0.089062
0 0.601090 0.763281 0.096876 0.092188
0 0.718275 0.832201 0.084374 0.105028
0 0.654994 0.435156 0.073437 0.070312
0 0.477649 0.319531 0.078123 0.070312
0 0.400306 0.384375 0.070312 0.068750
0 0.587808 0.300781 0.070312 0.076562
0 0.751871 0.267188 0.060935 0.071875
0 0.692495 0.253906 0.060936 0.060938
0 0.826869 0.356250 0.067186 0.084375
0 0.946399 0.364844 0.059375 0.067188
0 0.983357 0.342969 0.033285 0.060938
0 0.748745 0.115625 0.098437 0.071875
0 0.822963 0.078125 0.074998 0.084375
0 0.882338 0.176563 0.068752 0.071875
0 0.939368 0.209375 0.070312 0.056250
0 0.877652 0.014063 0.068752 0.028125
0 0.973043 0.740938 0.053914 0.090625
0 0.593912 0.387306 0.060881 0.059585