0 0.098902 0.322656 0.096876 0.082812
0 0.163233 0.425348 0.088041 0.081946
0 0.015858 0.440625 0.031711 0.084375
0 0.417248 0.350016 0.103926 0.087532
0 0.420624 0.254923 0.096576 0.090156
0 0.624682 0.362500 0.085940 0.100000
0 0.666089 0.355469 0.078123 0.076562
0 0.821555 0.443750 0.107813 0.112500
0 0.451948 0.550785 0.077970 0.095321
0 0.304367 0.422579 0.092186 0.086091
0 0.248898 0.564063 0.106248 0.093750
0 0.352025 0.570313 0.100002 0.103125
0 0.251243 0.638083 0.098437 0.076166
0 0.361402 0.660792 0.106248 0.090334
0 0.217652 0.769531 0.115625 0.107813
0 0.162963 0.628886 0.081249 0.079016
0 0.044763 0.983594 0.089526 0.032812
0 0.984605 0.923437 0.030789 0.103125
0 0.925518 0.842617 0.068653 0.063472
0 0.953356 0.774219 0.093288 0.092188