0 0.028200 0.926875 0.056400 0.093750
0 0.082963 0.885469 0.074998 0.082812
0 0.194682 0.543125 0.089060 0.086250
0 0.212650 0.595625 0.059375 0.059375
0 0.039996 0.183906 0.067186 0.073437
0 0.279837 0.333125 0.090625 0.078125
0 0.379058 0.383305 0.082814 0.075359
0 0.384385 0.298750 0.080971 0.087500
0 0.262568 0.214375 0.081082 0.078125
0 0.159526 0.218281 0.049999 0.054687
0 0.161867 0.277656 0.057815 0.042187
0 0.104057 0.219062 0.073437 0.084375
0 0.386439 0.574765 0.079453 0.069220
0 0.756937 0.595313 0.104548 0.090625
0 0.824054 0.521713 0.079689 0.080926
0 0.865293 0.490285 0.062160 0.063472
0 0.646373 0.510363 0.072539 0.056995