0 0.044605 0.875000 0.089210 0.100000
0 0.082179 0.587500 0.064061 0.056250
0 0.236085 0.667969 0.049999 0.048438
0 0.282183 0.681250 0.035936 0.050000
0 0.028201 0.969531 0.056402 0.060938
0 0.924527 0.986875 0.096876 0.026250
0 0.975543 0.944063 0.048913 0.090625
0 0.883901 0.876094 0.078123 0.089062
0 0.750308 0.847969 0.082814 0.082812
0 0.677504 0.865156 0.059672 0.076562
0 0.885461 0.656562 0.106248 0.093750
0 0.966168 0.637813 0.067664 0.081250
0 0.960464 0.704219 0.074998 0.054688
0 0.608119 0.536250 0.076563 0.084375
0 0.550304 0.489375 0.079689 0.093750
0 0.657337 0.463594 0.081249 0.095313
0 0.736245 0.482344 0.079689 0.085938
0 0.705311 0.282519 0.086788 0.080039
0 0.796401 0.120357 0.093751 0.074911
0 0.890932 0.336423 0.060935 0.045903
0 0.912578 0.366564 0.032356 0.054372