0 0.211140 0.627286 0.093264 0.097760
0 0.231218 0.932872 0.138601 0.124812
0 0.309585 0.988342 0.088083 0.023316
0 0.520941 0.973803 0.125772 0.052394
0 0.968912 0.930872 0.062176 0.110556
0 0.696945 0.485240 0.126836 0.105195
0 0.691062 0.578559 0.115285 0.091587
0 0.579016 0.735104 0.132124 0.120466
0 0.525259 0.803109 0.110104 0.093264
0 0.757772 0.762953 0.111399 0.106218
0 0.926306 0.299481 0.147387 0.125772
0 0.907892 0.410544 0.128813 0.130844
0 0.967617 0.712435 0.059585 0.059585
0 0.898316 0.655440 0.086788 0.082902
0 0.181347 0.829016 0.101036 0.116580