0 0.220855 0.963083 0.107513 0.071244
0 0.260297 0.915609 0.083033 0.097887
0 0.587215 0.632533 0.102773 0.104444
0 0.492665 0.577824 0.096728 0.101245
0 0.255829 0.474741 0.104922 0.102332
0 0.337435 0.368961 0.089378 0.113569
0 0.433178 0.106531 0.111747 0.123875
0 0.420182 0.183264 0.115211 0.112747
0 0.532362 0.161972 0.102216 0.120409
0 0.567015 0.231218 0.107414 0.112694
0 0.676500 0.143781 0.123683 0.106550
0 0.605127 0.140316 0.105684 0.116944
0 0.693055 0.273964 0.092689 0.094560
0 0.943763 0.178109 0.112473 0.125648
0 0.524569 0.011902 0.097022 0.023803
0 0.045288 0.032259 0.090576 0.064517
0 0.126959 0.058453 0.128207 0.112612
0 0.093264 0.095913 0.103627 0.106101
0 0.897021 0.287565 0.091969 0.082902
0 0.101684 0.506477 0.086788 0.075130
0 0.512953 0.961140 0.080311 0.077720
0 0.469560 0.037565 0.068653 0.054404
0 0.354275 0.101684 0.068653 0.045337