0 0.066444 0.700777 0.083665 0.082902
0 0.129586 0.739251 0.095749 0.096627
0 0.194301 0.626943 0.101036 0.093264
0 0.325308 0.594844 0.105938 0.098438
0 0.256582 0.429900 0.090884 0.103324
0 0.422520 0.696626 0.083383 0.082372
0 0.450183 0.875800 0.084303 0.054100
0 0.855160 0.682344 0.085017 0.092188
0 0.838481 0.618036 0.073336 0.067678
0 0.506399 0.433297 0.087500 0.081593
0 0.635363 0.519481 0.073834 0.080413
0 0.458554 0.390004 0.069938 0.083117
0 0.419572 0.241719 0.111164 0.101562
0 0.503238 0.700130 0.079016 0.081606