0 0.968877 0.085078 0.062246 0.104831
0 0.532961 0.162925 0.083035 0.098603
0 0.637794 0.230909 0.085112 0.062275
0 0.933603 0.264641 0.078885 0.073694
0 0.787771 0.357019 0.073691 0.050859
0 0.387651 0.187316 0.080958 0.047744
0 0.382462 0.238175 0.074730 0.070578
0 0.498190 0.704206 0.098601 0.087188
0 0.833441 0.757659 0.096529 0.104831
0 0.875995 0.809556 0.059164 0.084072
0 0.900388 0.667878 0.080958 0.068503
0 0.191482 0.517897 0.097567 0.086147
0 0.166572 0.470672 0.099640 0.091338
0 0.122458 0.041762 0.098601 0.083523
0 0.025161 0.028787 0.050322 0.057573
0 0.230570 0.198834 0.101036 0.091969
0 0.116580 0.191710 0.062176 0.049223