0 0.976142 0.078334 0.047716 0.066428
0 0.921148 0.114141 0.064352 0.061237
0 0.964207 0.171228 0.071586 0.077844
0 0.587970 0.234541 0.062275 0.067466
0 0.719791 0.071588 0.064352 0.065391
0 0.887416 0.552147 0.119361 0.106906
0 0.589008 0.601969 0.083035 0.057087
0 0.213281 0.920094 0.076807 0.087188
0 0.016338 0.870275 0.032676 0.070578
0 0.026201 0.781013 0.052402 0.060200
0 0.042022 0.517897 0.066430 0.065391
0 0.033718 0.409431 0.064352 0.053972
0 0.464458 0.348194 0.070580 0.047744
0 0.333681 0.377775 0.083035 0.075769