0 0.990076 0.066406 0.019848 0.095312
0 0.959058 0.050781 0.079689 0.089062
0 0.227024 0.135156 0.109374 0.092187
0 0.294211 0.067969 0.093751 0.089062
0 0.187182 0.262500 0.098437 0.100000
0 0.119211 0.285156 0.100002 0.107812
0 0.068432 0.610156 0.107813 0.089062
0 0.355151 0.614063 0.096876 0.090625
0 0.473121 0.605469 0.104688 0.095312
0 0.279368 0.576425 0.082814 0.093264
0 0.355785 0.942500 0.076855 0.065625
0 0.962179 0.936250 0.073438 0.062500
0 0.956482 0.708125 0.087036 0.075000
0 0.879370 0.713170 0.067186 0.078841
0 0.956713 0.783125 0.074998 0.065625
0 0.914526 0.867500 0.081249 0.078125