0 0.035388 0.616248 0.070776 0.088747
0 0.156713 0.750781 0.081249 0.060937
0 0.231711 0.875781 0.065626 0.060938
0 0.278589 0.848437 0.068752 0.071875
0 0.215308 0.823438 0.067187 0.053125
0 0.058290 0.970313 0.075130 0.059374
0 0.705462 0.943281 0.093751 0.085938
0 0.854682 0.834688 0.101562 0.103125
0 0.935151 0.667500 0.106248 0.087500
0 0.863274 0.617876 0.096876 0.085492
0 0.371870 0.612813 0.060936 0.068750
0 0.628469 0.214375 0.077259 0.081250
0 0.419523 0.112500 0.062501 0.050000
0 0.388273 0.171094 0.078123 0.070312
0 0.962888 0.413281 0.074223 0.089062
0 0.060233 0.744819 0.068653 0.067358