0 0.950239 0.077050 0.065391 0.085109
0 0.637303 0.143478 0.110022 0.103794
0 0.842294 0.258688 0.094451 0.122475
0 0.148959 0.070822 0.092374 0.089263
0 0.134922 0.143722 0.095441 0.095975
0 0.222134 0.213019 0.122477 0.114172
0 0.219539 0.282563 0.098601 0.089263
0 0.156226 0.282041 0.075769 0.094453
0 0.370038 0.808791 0.092374 0.095491
0 0.417780 0.848753 0.094451 0.086147
0 0.790918 0.881447 0.089262 0.087188
0 0.832433 0.818134 0.087185 0.074731
0 0.844888 0.571625 0.095490 0.121437
0 0.285622 0.084845 0.076425 0.081606