0 0.811901 0.960302 0.065316 0.078634
0 0.019300 0.459078 0.038600 0.058906
0 0.066752 0.533144 0.077094 0.075363
0 0.712541 0.760966 0.097022 0.103084
0 0.982312 0.334337 0.035376 0.077962
0 0.391597 0.257241 0.120409 0.116078
0 0.239085 0.193598 0.109912 0.120357
0 0.533172 0.260363 0.086506 0.077720
0 0.320566 0.029869 0.115211 0.059738
0 0.455311 0.270078 0.037565 0.071244
0 0.391192 0.479922 0.085492 0.123057
0 0.516192 0.038860 0.032383 0.049223
0 0.476684 0.082902 0.088083 0.093264
0 0.718264 0.680699 0.066062 0.076425
0 0.599741 0.425518 0.075130 0.076425
0 0.677461 0.265544 0.088083 0.090674