0 0.355727 0.973803 0.107828 0.052394
0 0.122409 0.876295 0.081606 0.104922
0 0.204016 0.865465 0.099741 0.113630
0 0.314826 0.718859 0.088201 0.088189
0 0.904499 0.436450 0.073246 0.074972
0 0.045337 0.032383 0.090674 0.064766
0 0.114637 0.031088 0.068653 0.062176
0 0.330959 0.019430 0.091969 0.038860
0 0.917011 0.284914 0.085668 0.087962
0 0.928055 0.123094 0.089486 0.082975
0 0.709845 0.073834 0.085492 0.082902
0 0.959845 0.973446 0.080310 0.053108
0 0.980704 0.486109 0.038592 0.083172
0 0.049223 0.115933 0.059585 0.053109
0 0.385363 0.048575 0.058290 0.045337
0 0.830311 0.469560 0.031088 0.063472
0 0.531736 0.733808 0.089378 0.076425
0 0.444301 0.658679 0.062176 0.079016
0 0.565415 0.378886 0.068653 0.086788