0 0.552441 0.153125 0.102290 0.103125
0 0.654793 0.165803 0.112694 0.116580
0 0.151246 0.310937 0.114064 0.109375
0 0.069816 0.183290 0.080046 0.071244
0 0.434267 0.353906 0.092606 0.092187
0 0.501943 0.481250 0.055699 0.068750
0 0.026014 0.413281 0.052024 0.076562
0 0.036269 0.523438 0.072538 0.084375
0 0.086473 0.446094 0.093893 0.076562
0 0.548899 0.703595 0.081249 0.067811
0 0.661758 0.727817 0.077403 0.080635
0 0.797280 0.753874 0.084197 0.082877
0 0.703585 0.881922 0.087500 0.079906
0 0.877805 0.062813 0.089060 0.084375
0 0.934839 0.015781 0.084374 0.031562
0 0.280440 0.391192 0.068653 0.044041
0 0.265544 0.440415 0.082902 0.056995