0 0.096571 0.127634 0.092374 0.071616
0 0.536655 0.318612 0.090301 0.084072
0 0.579209 0.238175 0.065391 0.068503
0 0.607752 0.056019 0.087185 0.084072
0 0.690270 0.141128 0.067464 0.084072
0 0.945081 0.175378 0.083035 0.079922
0 0.872945 0.275541 0.067464 0.062275
0 0.373702 0.343006 0.088224 0.085109
0 0.517456 0.244922 0.062275 0.067466
0 0.846996 0.800213 0.079919 0.073694
0 0.779533 0.779456 0.073691 0.071616
0 0.648750 0.598856 0.057086 0.063312
0 0.610868 0.522047 0.083035 0.063312
0 0.127713 0.656459 0.081996 0.080959
0 0.157812 0.714066 0.077846 0.067466
0 0.776417 0.213784 0.079919 0.055009
0 0.418850 0.209631 0.045670 0.034253
0 0.954663 0.037565 0.090674 0.075130
0 0.391192 0.518782 0.033679 0.066062