0 0.421414 0.960445 0.101717 0.079110
0 0.547524 0.907912 0.088224 0.086147
0 0.494071 0.832666 0.097567 0.103794
0 0.572434 0.746516 0.102756 0.103794
0 0.880181 0.723681 0.070580 0.076806
0 0.769641 0.743922 0.081996 0.086147
0 0.686085 0.781288 0.097567 0.106906
0 0.652875 0.821766 0.056047 0.071616
0 0.712033 0.975494 0.070580 0.049012
0 0.599421 0.025552 0.063314 0.051103
0 0.940900 0.021918 0.077846 0.043836
0 0.986797 0.023994 0.026406 0.047987
0 0.844888 0.142959 0.095490 0.100678
0 0.763931 0.115972 0.091340 0.094453
0 0.846449 0.544119 0.067464 0.070578
0 0.657542 0.337572 0.071619 0.095491
0 0.551674 0.347950 0.075769 0.085109
0 0.505487 0.361444 0.024910 0.029062
0 0.405847 0.328231 0.064352 0.083034
0 0.427124 0.451225 0.075769 0.086147
0 0.383010 0.415934 0.085112 0.100678
0 0.339417 0.505197 0.099640 0.094453
0 0.217462 0.567472 0.092374 0.098603
0 0.536917 0.008420 0.091969 0.016839