0 0.535279 0.972150 0.090065 0.055699
0 0.203206 0.974177 0.101426 0.051646
0 0.785598 0.868523 0.099788 0.107513
0 0.509519 0.867209 0.097370 0.075056
0 0.495823 0.726225 0.090273 0.066944
0 0.425332 0.650662 0.091283 0.082156
0 0.514590 0.650662 0.089258 0.084184
0 0.397438 0.701375 0.088242 0.100413
0 0.306154 0.740931 0.074044 0.080128
0 0.245806 0.684641 0.077085 0.091284
0 0.068814 0.813959 0.094329 0.086212
0 0.033140 0.742453 0.066280 0.071000
0 0.037195 0.836781 0.074390 0.109544
0 0.793516 0.591325 0.109543 0.115628
0 0.921108 0.778129 0.103873 0.113252
0 0.142487 0.316710 0.108808 0.115285
0 0.977900 0.751581 0.044200 0.113600
0 0.856865 0.766839 0.055699 0.082902
0 0.796632 0.710492 0.090674 0.068653