0 0.594560 0.951578 0.085492 0.078828
0 0.519970 0.942916 0.079232 0.070166
0 0.790677 0.979470 0.087041 0.041059
0 0.701682 0.904096 0.089225 0.075032
0 0.763601 0.862363 0.068653 0.071877
0 0.019716 0.829434 0.039432 0.092688
0 0.179333 0.739778 0.111747 0.107416
0 0.164862 0.677944 0.114698 0.099412
0 0.228709 0.647670 0.084032 0.095858
0 0.228046 0.527666 0.103494 0.096783
0 0.098446 0.563928 0.106218 0.100484
0 0.072539 0.430699 0.085492 0.094560
0 0.030440 0.357297 0.060880 0.118740
0 0.046643 0.236399 0.090651 0.094560
0 0.045703 0.054575 0.091405 0.109147
0 0.002391 0.051975 0.004782 0.100484
0 0.909815 0.603627 0.089697 0.090674
0 0.919978 0.486400 0.096153 0.082294
0 0.680889 0.680872 0.104815 0.102219
0 0.872542 0.357706 0.081871 0.088469
0 0.940310 0.358808 0.083110 0.082902
0 0.787438 0.625592 0.080564 0.067247
0 0.857513 0.604922 0.036269 0.064767