0 0.672182 0.096875 0.098437 0.106250
0 0.709683 0.167187 0.104688 0.103125
0 0.820617 0.278125 0.117190 0.134375
0 0.454215 0.498437 0.093751 0.103125
0 0.423544 0.585589 0.111336 0.103821
0 0.347182 0.610156 0.082814 0.085937
0 0.353433 0.696875 0.098437 0.103125
0 0.540930 0.992188 0.095311 0.015624
0 0.642358 0.982812 0.101294 0.034375
0 0.588588 0.885938 0.109374 0.103125
0 0.754996 0.549219 0.104688 0.085937
0 0.804214 0.626563 0.100002 0.087500
0 0.904992 0.644531 0.095311 0.089062
0 0.977106 0.626563 0.045787 0.090625