0 0.086088 0.969688 0.115625 0.060624
0 0.250932 0.622187 0.073437 0.075000
0 0.322024 0.608702 0.071877 0.080098
0 0.016482 0.328437 0.032964 0.112500
0 0.094680 0.284375 0.107813 0.106250
0 0.280455 0.182205 0.107484 0.101911
0 0.250932 0.051166 0.073437 0.102331
0 0.164212 0.057031 0.100002 0.114062
0 0.032105 0.028125 0.064210 0.056250
0 0.021949 0.129688 0.043898 0.090625
0 0.031088 0.182829 0.051813 0.078093
0 0.621715 0.081250 0.112499 0.100000
0 0.649839 0.017187 0.103123 0.034374
0 0.739394 0.462500 0.104113 0.100000
0 0.702862 0.040423 0.073550 0.074595