0 0.832433 0.027506 0.087185 0.052934
0 0.928445 0.050859 0.059164 0.078881
0 0.889519 0.130259 0.029060 0.050859
0 0.839182 0.244431 0.038404 0.075769
0 0.815828 0.264672 0.018683 0.041519
0 0.797663 0.397528 0.090301 0.041519
0 0.810639 0.463956 0.095490 0.064353
0 0.765487 0.719284 0.096529 0.093412
0 0.883814 0.675694 0.096529 0.093412
0 0.975380 0.376250 0.049239 0.106906
0 0.946606 0.120919 0.099640 0.117287
0 0.991468 0.032694 0.017063 0.065388
0 0.989391 0.112616 0.021218 0.113134
0 0.950239 0.877050 0.065391 0.085109
0 0.637303 0.943478 0.110022 0.103794
0 0.148959 0.870822 0.092374 0.089263
0 0.133627 0.942686 0.092851 0.093903
0 0.222134 0.977966 0.122477 0.044067
0 0.883292 0.407388 0.083035 0.100678