0 0.066762 0.372000 0.102465 0.104994
0 0.173654 0.067775 0.093610 0.096138
0 0.033066 0.013673 0.066132 0.027346
0 0.904175 0.072834 0.102465 0.091078
0 0.984662 0.397934 0.030676 0.080959
0 0.929475 0.396669 0.077165 0.078428
0 0.941493 0.514313 0.103729 0.098669
0 0.365297 0.853255 0.120174 0.108928
0 0.109137 0.788813 0.116377 0.116378
0 0.062159 0.750863 0.124318 0.131556
0 0.022313 0.776163 0.044625 0.098669
0 0.395654 0.621203 0.120174 0.120172
0 0.480409 0.700897 0.112584 0.117644
0 0.333041 0.655356 0.091077 0.077163
0 0.121155 0.641441 0.112584 0.092344
0 0.059806 0.652194 0.030357 0.078428
0 0.034963 0.506091 0.069925 0.084753
0 0.090798 0.550998 0.127765 0.120418
0 0.161636 0.518106 0.072103 0.093609
0 0.302049 0.556688 0.067045 0.061984
0 0.418426 0.361250 0.094874 0.096138
0 0.343790 0.346069 0.072103 0.068309
0 0.303313 0.253725 0.074636 0.073369
0 0.191994 0.247782 0.046803 0.051357
0 0.433606 0.204391 0.087284 0.093609
0 0.322922 0.126597 0.088548 0.074634
0 0.365297 0.029459 0.067045 0.058918
0 0.429809 0.026297 0.059455 0.052594
0 0.424343 0.532048 0.036941 0.032623
0 0.840050 0.060209 0.043178 0.076281
0 0.485032 0.942477 0.023988 0.062848
0 0.142007 0.383803 0.071004 0.048935