0 0.068431 0.717188 0.064061 0.065625
0 0.149680 0.705469 0.060935 0.073438
0 0.202808 0.739063 0.082814 0.103125
0 0.191087 0.362500 0.074998 0.075000
0 0.194992 0.159375 0.070312 0.081250
0 0.232493 0.206250 0.073437 0.065625
0 0.384994 0.883125 0.101562 0.093750
0 0.587339 0.657344 0.084374 0.073438
0 0.669368 0.608906 0.085940 0.070312
0 0.653745 0.545625 0.085940 0.081250
0 0.804526 0.543281 0.074998 0.076562
0 0.452181 0.466719 0.073437 0.073438
0 0.375618 0.468372 0.070312 0.073619
0 0.321714 0.199531 0.062501 0.070312
0 0.362336 0.212031 0.065626 0.079688
0 0.451401 0.035313 0.090625 0.070625
0 0.527964 0.015000 0.100002 0.030000
0 0.990543 0.613281 0.018914 0.079688
0 0.114637 0.218264 0.045337 0.055699
0 0.493523 0.341969 0.051813 0.064767
0 0.759715 0.244819 0.050518 0.064767
0 0.792746 0.256477 0.038860 0.051813