0 0.030233 0.187813 0.060465 0.109375
0 0.360462 0.654793 0.100002 0.099741
0 0.300306 0.704219 0.089060 0.092188
0 0.297961 0.777656 0.074998 0.079688
0 0.197184 0.748750 0.089060 0.075000
0 0.457023 0.083594 0.090625 0.098438
0 0.407805 0.232813 0.085940 0.093750
0 0.477336 0.231250 0.049999 0.062500
0 0.506246 0.335156 0.073437 0.089062
0 0.460933 0.458594 0.073437 0.085938
0 0.402339 0.453125 0.056250 0.062500
0 0.582024 0.410156 0.065626 0.067188
0 0.759369 0.342969 0.089060 0.089062
0 0.944526 0.317188 0.103123 0.096875
0 0.973044 0.396875 0.053911 0.093750
0 0.778118 0.536719 0.092186 0.085938
0 0.984920 0.079219 0.030160 0.076562
0 0.862047 0.027850 0.060881 0.055699