0 0.104684 0.897656 0.129058 0.126562
0 0.250464 0.950000 0.125001 0.100000
0 0.236618 0.469063 0.118313 0.115625
0 0.293431 0.319611 0.114064 0.119846
0 0.117086 0.160469 0.120750 0.110938
0 0.349681 0.040803 0.110939 0.081606
0 0.081606 0.050201 0.093264 0.065402
0 0.832478 0.039062 0.109655 0.078124
0 0.740148 0.044041 0.118750 0.088082
0 0.966321 0.406331 0.067357 0.125162
0 0.968512 0.544628 0.062976 0.136132
0 0.576090 0.710897 0.112499 0.109294
0 0.936528 0.802056 0.080311 0.083387
0 0.479275 0.383420 0.064767 0.088083
0 0.520078 0.420337 0.097150 0.084197