0 0.647650 0.989062 0.071877 0.021875
0 0.708586 0.980469 0.068752 0.039062
0 0.705620 0.917969 0.056565 0.048437
0 0.708486 0.798911 0.062302 0.061553
0 0.838731 0.834375 0.081606 0.075000
0 0.643745 0.620313 0.064061 0.068750
0 0.684957 0.589520 0.080864 0.069665
0 0.717962 0.535156 0.078123 0.070313
0 0.742114 0.492969 0.070177 0.064063
0 0.673430 0.485925 0.076563 0.062524
0 0.843744 0.459375 0.092186 0.084375
0 0.941400 0.540625 0.090625 0.081250
0 0.991012 0.697656 0.017975 0.073438
0 0.950777 0.725000 0.065626 0.081250
0 0.910930 0.736719 0.076563 0.076563
0 0.860932 0.697656 0.064061 0.057813
0 0.721868 0.672656 0.070312 0.070313
0 0.975387 0.761719 0.049226 0.060938
0 0.972263 0.353906 0.055474 0.076562
0 0.665933 0.853125 0.073438 0.056250