0 0.857072 0.015691 0.096529 0.031382
0 0.937512 0.087950 0.122477 0.127666
0 0.946334 0.218728 0.050859 0.057087
0 0.541020 0.173059 0.116250 0.115209
0 0.978096 0.327191 0.043808 0.110022
0 0.674914 0.735619 0.087185 0.094453
0 0.158027 0.106631 0.089262 0.102756
0 0.237424 0.143997 0.102756 0.059162
0 0.524932 0.306953 0.100679 0.104831
0 0.457468 0.403481 0.090301 0.098603
0 0.302298 0.391025 0.060198 0.059162
0 0.354195 0.399328 0.058125 0.081997
0 0.287249 0.428391 0.094451 0.073694
0 0.398305 0.610028 0.100679 0.090300
0 0.548803 0.664000 0.104829 0.106906
0 0.476151 0.690988 0.088224 0.098603
0 0.445530 0.835259 0.089262 0.092375
0 0.078103 0.699291 0.107945 0.104831
0 0.168404 0.872625 0.103795 0.104831
0 0.248845 0.894422 0.104829 0.096528
0 0.270122 0.973419 0.128705 0.053162
0 0.018293 0.984836 0.036586 0.030328