0 0.029145 0.128368 0.058290 0.056736
0 0.015858 0.085156 0.031711 0.057812
0 0.279108 0.217188 0.063546 0.062500
0 0.253588 0.270313 0.068752 0.062500
0 0.473121 0.205469 0.067187 0.060938
0 0.433290 0.505416 0.084197 0.070418
0 0.456713 0.572656 0.062501 0.054688
0 0.355931 0.602344 0.070312 0.070312
0 0.211259 0.547235 0.090911 0.071154
0 0.219095 0.623437 0.074763 0.059375
0 0.091086 0.529793 0.084374 0.038860
0 0.018135 0.606250 0.036269 0.075000
0 0.214676 0.910937 0.078421 0.078125
0 0.376214 0.855469 0.092131 0.073438
0 0.361402 0.789844 0.074998 0.067188
0 0.535142 0.764844 0.080647 0.070312
0 0.650461 0.800000 0.087500 0.075000
0 0.844994 0.876094 0.076563 0.076562
0 0.927461 0.795337 0.072539 0.054404
0 0.770725 0.933985 0.059585 0.051720
0 0.032383 0.937176 0.062176 0.047927
0 0.235751 0.693653 0.054404 0.055699