0 0.196714 0.844560 0.087500 0.064767
0 0.369368 0.950711 0.098437 0.072672
0 0.424732 0.873750 0.093541 0.100000
0 0.410999 0.536250 0.069194 0.078125
0 0.366749 0.572539 0.059923 0.075130
0 0.447951 0.344844 0.085021 0.089062
0 0.517808 0.309688 0.076563 0.071875
0 0.533431 0.378437 0.089060 0.096875
0 0.733430 0.341719 0.089060 0.089062
0 0.719368 0.372969 0.079689 0.067188
0 0.663118 0.305781 0.095311 0.089062
0 0.142804 0.294485 0.076563 0.066470
0 0.052306 0.261010 0.061190 0.076425
0 0.021793 0.190938 0.043585 0.075000
0 0.921402 0.394844 0.084374 0.095312
0 0.953670 0.459645 0.092660 0.093664
0 0.979275 0.294844 0.041450 0.082812
0 0.905774 0.202656 0.096876 0.082812