0 0.199711 0.242969 0.103123 0.107812
0 0.247369 0.091406 0.079689 0.092188
0 0.175492 0.327344 0.092186 0.079688
0 0.232526 0.400000 0.093751 0.081250
0 0.120807 0.490625 0.076563 0.096875
0 0.191119 0.539844 0.101562 0.089062
0 0.230181 0.638281 0.085940 0.082812
0 0.313775 0.492969 0.090625 0.092188
0 0.347371 0.625850 0.104688 0.095450
0 0.298933 0.550000 0.067186 0.040625
0 0.350492 0.307031 0.107813 0.117188
0 0.330183 0.390625 0.095311 0.075000
0 0.974857 0.448437 0.050286 0.100000
0 0.934871 0.470313 0.092186 0.100000
0 0.960492 0.360800 0.079016 0.084100
0 0.984231 0.329072 0.031538 0.085606
0 0.927461 0.239318 0.064767 0.074490
0 0.437211 0.618750 0.078123 0.084375
0 0.418463 0.374219 0.090625 0.095312
0 0.435651 0.209375 0.109374 0.106250
0 0.462996 0.282031 0.101562 0.079688
0 0.363774 0.232813 0.106248 0.100000
0 0.470807 0.035938 0.092186 0.071875