0 0.087500 0.792008 0.076554 0.074016
0 0.158589 0.797280 0.084377 0.084197
0 0.151959 0.647549 0.089865 0.093026
0 0.486713 0.614375 0.096876 0.087500
0 0.537492 0.518281 0.085940 0.101562
0 0.583549 0.858074 0.097150 0.096977
0 0.671869 0.938118 0.079689 0.069360
0 0.478720 0.215761 0.084011 0.084022
0 0.990075 0.911551 0.019850 0.074398
0 0.766086 0.794844 0.096876 0.085938
0 0.854922 0.596554 0.088083 0.073732
0 0.841321 0.522668 0.079016 0.076425
0 0.847150 0.218264 0.088083 0.086788
0 0.347150 0.952720 0.082902 0.089378
0 0.571891 0.604275 0.063472 0.047927