0 0.054988 0.135606 0.091753 0.087706
0 0.121779 0.407491 0.074213 0.067466
0 0.216230 0.444597 0.082306 0.079609
0 0.070502 0.664534 0.071515 0.068816
0 0.112332 0.761684 0.063417 0.079609
0 0.046889 0.754937 0.070166 0.079609
0 0.096817 0.865581 0.070166 0.076909
0 0.059711 0.831850 0.076911 0.063419
0 0.169677 0.835222 0.078260 0.072863
0 0.214882 0.883122 0.058022 0.055322
0 0.195992 0.962138 0.074213 0.075723
0 0.233094 0.974283 0.043179 0.051434
0 0.523197 0.970235 0.094451 0.059530
0 0.740435 0.371734 0.118741 0.109294
0 0.755955 0.462813 0.111992 0.113341
0 0.669597 0.427731 0.071515 0.110644
0 0.936087 0.467534 0.097149 0.093103
0 0.978164 0.522856 0.043672 0.082309
0 0.693887 0.239503 0.074213 0.074212
0 0.712099 0.170012 0.086358 0.072862
0 0.963320 0.091078 0.073360 0.079609
0 0.883461 0.165291 0.078260 0.052622
0 0.869967 0.972259 0.086358 0.055482
0 0.991205 0.634175 0.017589 0.040478
0 0.619716 0.712776 0.069539 0.067494