0 0.587718 0.047331 0.058078 0.059837
0 0.507640 0.092209 0.084478 0.082719
0 0.915952 0.189888 0.077437 0.112637
0 0.746113 0.268206 0.100317 0.107359
0 0.777796 0.327166 0.107357 0.116159
0 0.871951 0.315725 0.091518 0.121437
0 0.631715 0.343884 0.047517 0.065119
0 0.739956 0.496122 0.105600 0.059837
0 0.952030 0.486444 0.075679 0.068638
0 0.872834 0.510203 0.054558 0.056319
0 0.430203 0.565641 0.042239 0.058078
0 0.435481 0.656278 0.112640 0.119678
0 0.549000 0.874516 0.072159 0.077438
0 0.478599 0.763638 0.047517 0.073919
0 0.580678 0.986537 0.103837 0.026926