0 0.219969 0.976036 0.101512 0.047927
0 0.144213 0.815938 0.065626 0.068750
0 0.221557 0.815156 0.073437 0.067188
0 0.295774 0.801875 0.068752 0.071875
0 0.309057 0.726875 0.082814 0.062500
0 0.297339 0.667500 0.087500 0.075000
0 0.395776 0.592500 0.074998 0.068750
0 0.308276 0.523750 0.059375 0.062500
0 0.212960 0.416719 0.059375 0.057812
0 0.078587 0.700313 0.071877 0.078125
0 0.034055 0.954219 0.051564 0.064062
0 0.226243 0.017344 0.089060 0.034688
0 0.327805 0.081563 0.114064 0.121875
0 0.724527 0.988990 0.087500 0.022020
0 0.812807 0.901250 0.082814 0.081250
0 0.568276 0.853594 0.078123 0.082812
0 0.568565 0.896541 0.077544 0.043706
0 0.600306 0.766875 0.085940 0.081250
0 0.560464 0.666875 0.074998 0.068750
0 0.580773 0.594219 0.090625 0.073437
0 0.493525 0.456604 0.103623 0.104918
0 0.672183 0.011719 0.092186 0.023437
0 0.837340 0.663860 0.066253 0.060881
0 0.775259 0.528497 0.055699 0.041451