0 0.399141 0.029869 0.069594 0.055441
0 0.985360 0.139450 0.029280 0.073631
0 0.953395 0.097434 0.084891 0.079694
0 0.965003 0.200953 0.069994 0.077097
0 0.947823 0.164572 0.082175 0.070166
0 0.114863 0.221744 0.084891 0.071900
0 0.045737 0.275102 0.091474 0.091655
0 0.387953 0.181995 0.084197 0.068653
0 0.514208 0.187525 0.079693 0.072766
0 0.741421 0.246337 0.076743 0.083348
0 0.550518 0.396402 0.088083 0.088140
0 0.446204 0.483350 0.090954 0.096153
0 0.547992 0.468822 0.102216 0.069768
0 0.608808 0.571275 0.093264 0.084894
0 0.650259 0.707254 0.077720 0.075130
0 0.809166 0.708144 0.078828 0.069300
0 0.863305 0.864500 0.095288 0.077097
0 0.670563 0.995270 0.092689 0.009459
0 0.832686 0.973446 0.054836 0.053108
0 0.822157 0.915609 0.077094 0.063237
0 0.794873 0.968450 0.069302 0.059772
0 0.739000 0.988340 0.078828 0.023320
0 0.382124 0.275907 0.080311 0.059585
0 0.720207 0.101684 0.077720 0.068653
0 0.978627 0.578368 0.042746 0.068653
0 0.584197 0.797280 0.069948 0.060881