0 0.376813 0.065634 0.077846 0.080959
0 0.239808 0.138288 0.063314 0.062275
0 0.333221 0.257650 0.075769 0.066428
0 0.314538 0.283600 0.071619 0.066428
0 0.609313 0.188628 0.063314 0.069541
0 0.551705 0.170466 0.070580 0.074731
0 0.506557 0.169947 0.046709 0.069541
0 0.972022 0.034892 0.055956 0.069784
0 0.969425 0.502603 0.061149 0.072656
0 0.834024 0.450706 0.068503 0.072656
0 0.656017 0.497931 0.073691 0.086147
0 0.515896 0.562284 0.073691 0.073694
0 0.359686 0.480288 0.076807 0.071616
0 0.163001 0.557613 0.084074 0.078881
0 0.672105 0.776616 0.080957 0.080959
0 0.348792 0.991062 0.096529 0.017875
0 0.981883 0.617813 0.036234 0.064353
0 0.921209 0.620406 0.056048 0.048781