0 0.012953 0.712956 0.025906 0.076170
0 0.036269 0.597715 0.072538 0.086622
0 0.199894 0.815031 0.096678 0.098973
0 0.285373 0.812176 0.089875 0.090674
0 0.789433 0.659974 0.042896 0.047927
0 0.663860 0.661917 0.034974 0.046632
0 0.144715 0.444388 0.087491 0.084894
0 0.191240 0.384723 0.089734 0.072554
0 0.226575 0.445688 0.100486 0.094422
0 0.313838 0.349926 0.088816 0.093635
0 0.386360 0.325130 0.077021 0.088083
0 0.579016 0.335503 0.093264 0.101015
0 0.773180 0.071900 0.105684 0.126472
0 0.844649 0.125606 0.101351 0.091822
0 0.637306 0.036917 0.064767 0.073834
0 0.846503 0.211820 0.079016 0.104858
0 0.893782 0.124615 0.049223 0.088608
0 0.905283 0.183644 0.073630 0.102219
0 0.790235 0.305353 0.124194 0.125606
0 0.634582 0.247432 0.107414 0.090720
0 0.705959 0.307638 0.062176 0.066070
0 0.843884 0.409326 0.089434 0.098446
0 0.940545 0.459333 0.080050 0.089650
0 0.554563 0.521050 0.103308 0.099619
0 0.507673 0.529889 0.085761 0.103434
0 0.412071 0.686503 0.105911 0.094422
0 0.964553 0.673078 0.070894 0.102219
0 0.895756 0.568694 0.096153 0.090956
0 0.712435 0.101684 0.033679 0.071244
0 0.694948 0.173575 0.094560 0.090674
0 0.805699 0.591321 0.054404 0.058290
0 0.584845 0.009715 0.066062 0.019430