0 0.222876 0.654145 0.111242 0.108808
0 0.139896 0.474706 0.095855 0.103950
0 0.109456 0.346247 0.084197 0.088866
0 0.101684 0.260208 0.110104 0.113681
0 0.027202 0.075777 0.054404 0.123057
0 0.976036 0.722019 0.047927 0.142931
0 0.957848 0.513253 0.084304 0.101350
0 0.870466 0.307953 0.095855 0.099619
0 0.816790 0.325777 0.092130 0.091969
0 0.904869 0.388081 0.070166 0.086625
0 0.798847 0.109926 0.095103 0.105861
0 0.893607 0.125606 0.118675 0.116078
0 0.852530 0.207034 0.105821 0.103950
0 0.772692 0.166319 0.107561 0.097019
0 0.881481 0.024256 0.125607 0.048509
0 0.774862 0.020356 0.117082 0.040712
0 0.954663 0.155440 0.054404 0.069948