0 0.041266 0.079700 0.078067 0.105534
0 0.245110 0.157769 0.086743 0.079513
0 0.626768 0.236559 0.101200 0.092525
0 0.331124 0.357997 0.076619 0.075175
0 0.248724 0.386909 0.085296 0.080959
0 0.167762 0.407872 0.111319 0.085297
0 0.041266 0.492447 0.080957 0.101197
0 0.167762 0.604488 0.088186 0.082403
0 0.356424 0.524250 0.052043 0.054938
0 0.375220 0.584969 0.080957 0.078066
0 0.336186 0.660869 0.121439 0.096863
0 0.520511 0.657978 0.119991 0.093969
0 0.566773 0.750500 0.114210 0.111319
0 0.693993 0.744719 0.105534 0.105534
0 0.953616 0.664481 0.092768 0.104091
0 0.566049 0.875553 0.101200 0.075175
0 0.403410 0.926153 0.137339 0.118547
0 0.432325 0.980425 0.082405 0.039150
0 0.259567 0.973196 0.127220 0.053608
0 0.029793 0.281736 0.056995 0.055699
0 0.031736 0.329663 0.037565 0.037565
0 0.011658 0.650907 0.023316 0.063472