0 0.012306 0.398964 0.024611 0.041451
0 0.030440 0.348446 0.060880 0.064767
0 0.071778 0.310233 0.087014 0.084197
0 0.080311 0.632124 0.106218 0.111399
0 0.854922 0.877178 0.113990 0.117050
0 0.737047 0.750228 0.111399 0.109265
0 0.609456 0.740482 0.073834 0.104529
0 0.424223 0.612047 0.107513 0.107513
0 0.550076 0.179453 0.122645 0.112791
0 0.544700 0.355534 0.099719 0.097372
0 0.493912 0.265282 0.099223 0.073063
0 0.488475 0.218795 0.085759 0.064534
0 0.512953 0.696891 0.090674 0.082902
0 0.434174 0.076425 0.087610 0.056995
0 0.326941 0.071244 0.092231 0.051813
0 0.446891 0.663212 0.069948 0.054404