0 0.523587 0.885156 0.093751 0.089062
0 0.554837 0.796875 0.081249 0.068750
0 0.583742 0.665625 0.082814 0.081250
0 0.511090 0.460156 0.090625 0.085937
0 0.240774 0.439844 0.071877 0.067187
0 0.255621 0.499219 0.073437 0.070312
0 0.792354 0.241406 0.086277 0.085937
0 0.738273 0.357031 0.065626 0.082812
0 0.819527 0.372656 0.090625 0.095312
0 0.796868 0.421875 0.073438 0.081250
0 0.935932 0.337913 0.082814 0.092924
0 0.918744 0.400000 0.085940 0.096875
0 0.881243 0.440625 0.089060 0.071875
0 0.836710 0.632031 0.068752 0.085938
0 0.659370 0.894531 0.079689 0.064062
0 0.684577 0.937828 0.073852 0.072531
0 0.935152 0.974219 0.090625 0.051562
0 0.542746 0.748057 0.059585 0.037565
0 0.861399 0.586140 0.054404 0.045337
0 0.875000 0.649611 0.027202 0.050518