0 0.059632 0.867666 0.087998 0.112637
0 0.026297 0.900322 0.052594 0.121635
0 0.165232 0.877344 0.105600 0.117919
0 0.069314 0.986399 0.089761 0.027202
0 0.151151 0.984872 0.077437 0.030256
0 0.669462 0.724228 0.089761 0.093278
0 0.686180 0.794625 0.080958 0.096797
0 0.033336 0.146078 0.066672 0.116159
0 0.035975 0.273675 0.071950 0.107359
0 0.102755 0.227916 0.103837 0.103838
0 0.153792 0.024641 0.100317 0.049278
0 0.246189 0.122319 0.091518 0.103837
0 0.301630 0.098559 0.103837 0.109119
0 0.361466 0.259597 0.110878 0.117919
0 0.512825 0.329994 0.110878 0.103838