0 0.926337 0.096772 0.085112 0.078881
0 0.817353 0.134656 0.093413 0.094453
0 0.840708 0.203678 0.096529 0.089263
0 0.638828 0.144516 0.070580 0.058125
0 0.473797 0.066672 0.072657 0.064353
0 0.470169 0.233778 0.065391 0.060200
0 0.401662 0.225994 0.052936 0.052934
0 0.358069 0.236894 0.059164 0.053972
0 0.288528 0.233778 0.073691 0.066428
0 0.426055 0.391025 0.051897 0.077844
0 0.511167 0.320966 0.072657 0.056047
0 0.497152 0.405038 0.063314 0.066428
0 0.660110 0.378569 0.061236 0.048781
0 0.713041 0.363000 0.042554 0.050859
0 0.737434 0.548272 0.091340 0.097566
0 0.653361 0.569550 0.083035 0.086147
0 0.555277 0.619369 0.052936 0.048781
0 0.321743 0.871588 0.102756 0.096528
0 0.430727 0.894941 0.059164 0.041519
0 0.204454 0.014134 0.065391 0.028267
0 0.210165 0.135694 0.080958 0.088225
0 0.173839 0.193819 0.068503 0.071616
0 0.238708 0.583559 0.063314 0.053972
0 0.048250 0.516097 0.060198 0.072656
0 0.126943 0.588083 0.031088 0.072539