0 0.373492 0.940528 0.107938 0.106444
0 0.178119 0.764062 0.114064 0.103125
0 0.197648 0.826562 0.109374 0.075000
0 0.187496 0.896094 0.095311 0.067187
0 0.033200 0.229687 0.066400 0.121875
0 0.053511 0.314921 0.107022 0.111091
0 0.037107 0.556250 0.074214 0.137500
0 0.129534 0.543734 0.116580 0.124968
0 0.096870 0.628906 0.098437 0.082813
0 0.018356 0.058594 0.036712 0.117188
0 0.200148 0.184375 0.118750 0.121875
0 0.407183 0.196875 0.114064 0.118750
0 0.609523 0.310691 0.128127 0.131744
0 0.368902 0.333630 0.096876 0.104761
0 0.276711 0.321094 0.112499 0.104688
0 0.304629 0.424547 0.106668 0.099093
0 0.465773 0.529100 0.103123 0.107423
0 0.249352 0.043394 0.091969 0.086788