0 0.099681 0.919844 0.092186 0.085938
0 0.055885 0.917979 0.054776 0.075959
0 0.231713 0.929219 0.081249 0.089062
0 0.300460 0.954844 0.084374 0.090312
0 0.231713 0.823750 0.115625 0.100000
0 0.181715 0.693281 0.093751 0.085938
0 0.028357 0.795667 0.056714 0.056334
0 0.415305 0.644062 0.079689 0.090625
0 0.342652 0.448750 0.109374 0.103125
0 0.223446 0.191222 0.081606 0.078695
0 0.144213 0.029793 0.065626 0.059585
0 0.221557 0.024375 0.073437 0.048750
0 0.295774 0.018906 0.068752 0.037812
0 0.034055 0.154219 0.051564 0.064062
0 0.811242 0.972798 0.085940 0.054404
0 0.891711 0.670000 0.090625 0.090625
0 0.876868 0.732500 0.123436 0.078125
0 0.782337 0.610625 0.081249 0.090625
0 0.521398 0.470781 0.109374 0.120312
0 0.501089 0.653594 0.078123 0.095312
0 0.565150 0.658281 0.068752 0.110938
0 0.649430 0.274074 0.056062 0.042525
0 0.626086 0.227031 0.081249 0.073438
0 0.724527 0.203594 0.087500 0.082812
0 0.812807 0.105912 0.082814 0.071927
0 0.568276 0.053594 0.078123 0.082812
0 0.569213 0.098872 0.076249 0.048369
0 0.969606 0.612031 0.060788 0.085938
0 0.794689 0.266839 0.066062 0.080311