0 0.965617 0.592856 0.068766 0.089544
0 0.897505 0.613709 0.057650 0.060106
0 0.820223 0.581816 0.118985 0.116531
0 0.792624 0.689147 0.098131 0.100584
0 0.809182 0.889091 0.099358 0.120212
0 0.872971 0.874369 0.052743 0.093225
0 0.898732 0.749866 0.104265 0.096906
0 0.588386 0.572616 0.104265 0.103038
0 0.506202 0.581816 0.104265 0.111625
0 0.467563 0.694666 0.093225 0.087091
0 0.357165 0.786666 0.085864 0.074825
0 0.245540 0.911781 0.046615 0.074825
0 0.349193 0.481844 0.079731 0.107944
0 0.370047 0.579975 0.074824 0.093225
0 0.476766 0.398431 0.089544 0.105491
0 0.582868 0.419897 0.100585 0.104266
0 0.742945 0.407019 0.062557 0.098131
0 0.693266 0.434619 0.107945 0.114078
0 0.503137 0.238969 0.100585 0.107944
0 0.578577 0.219341 0.050295 0.066238
0 0.646652 0.296006 0.080958 0.094453
0 0.782811 0.307047 0.085864 0.094453
0 0.361460 0.275769 0.060104 0.066237
0 0.669959 0.053245 0.085864 0.106490
0 0.945957 0.025646 0.061330 0.051292
0 0.949671 0.190516 0.100658 0.106719
0 0.895662 0.214434 0.093225 0.098131
0 0.398964 0.184585 0.044041 0.047927
0 0.954016 0.251295 0.076425 0.046632