0 0.061402 0.950781 0.115625 0.098437
0 0.532730 0.978627 0.083594 0.042746
0 0.673746 0.958750 0.110939 0.082500
0 0.508898 0.721987 0.121876 0.109777
0 0.979922 0.389844 0.040155 0.117188
0 0.746399 0.260938 0.096876 0.090625
0 0.827652 0.267969 0.078123 0.082812
0 0.826087 0.047656 0.093751 0.095312
0 0.749524 0.078906 0.087500 0.089062
0 0.536269 0.500648 0.069948 0.071244
0 0.474093 0.497409 0.054404 0.088083
0 0.637953 0.627591 0.094560 0.066062
0 0.183290 0.768782 0.050518 0.047927
0 0.970207 0.586140 0.059585 0.099741