0 0.043980 0.325781 0.087960 0.089062
0 0.199682 0.379688 0.089060 0.096875
0 0.116868 0.187500 0.070312 0.056250
0 0.180933 0.163281 0.051564 0.060937
0 0.234838 0.146875 0.065626 0.056250
0 0.252806 0.190625 0.079689 0.053125
0 0.499683 0.866113 0.101562 0.087149
0 0.610751 0.748181 0.089378 0.079263
0 0.779243 0.623371 0.060685 0.075757
0 0.906712 0.622969 0.074998 0.067187
0 0.908832 0.686041 0.076118 0.068332
0 0.977575 0.782344 0.044850 0.070312
0 0.741423 0.328225 0.081921 0.087074
0 0.937962 0.287813 0.074998 0.071875
0 0.969761 0.105000 0.060477 0.075000
0 0.976012 0.022031 0.047975 0.044062
0 0.335620 0.021875 0.070312 0.043750
0 0.337960 0.071875 0.074998 0.056250
0 0.451425 0.108258 0.063472 0.058484
0 0.535619 0.101247 0.064061 0.060006
0 0.596946 0.085415 0.069539 0.069794
0 0.744214 0.133594 0.068752 0.073437
0 0.682145 0.021373 0.074135 0.042746
0 0.798119 0.025000 0.076563 0.050000
0 0.908031 0.902850 0.059585 0.067358
0 0.676813 0.313472 0.050518 0.067358
0 0.908031 0.502591 0.054404 0.054404
0 0.014896 0.736399 0.029792 0.073834