0 0.107992 0.025673 0.079919 0.051346
0 0.147430 0.057056 0.067464 0.052934
0 0.258491 0.143722 0.111056 0.091338
0 0.428194 0.172784 0.089262 0.093413
0 0.375257 0.220528 0.074730 0.072656
0 0.654461 0.011661 0.066430 0.023322
0 0.739051 0.030864 0.092374 0.061728
0 0.142762 0.367916 0.070580 0.093413
0 0.644083 0.380372 0.087185 0.097566
0 0.252780 0.484681 0.070580 0.100678
0 0.694420 0.541250 0.065391 0.074731
0 0.855301 0.621691 0.092374 0.073694
0 0.906160 0.725481 0.079919 0.088225
0 0.715697 0.792947 0.078885 0.077844
0 0.658094 0.163962 0.067464 0.055009
0 0.463481 0.313944 0.085112 0.070578