0 0.044605 0.075000 0.089210 0.100000
0 0.028201 0.185156 0.056402 0.092187
0 0.034450 0.729202 0.068899 0.085347
0 0.656557 0.972031 0.101562 0.055938
0 0.676085 0.863594 0.096876 0.092188
0 0.804992 0.762031 0.110939 0.076562
0 0.938590 0.694844 0.081249 0.070312
0 0.974763 0.651875 0.050473 0.068750
0 0.867493 0.359687 0.085940 0.078125
0 0.697099 0.462162 0.051399 0.054950
0 0.966168 0.258125 0.067664 0.090625
0 0.924527 0.209687 0.096876 0.071875
0 0.975543 0.144062 0.048913 0.090625
0 0.883901 0.076094 0.078123 0.089062
0 0.750308 0.047969 0.082814 0.082812
0 0.676209 0.065156 0.062263 0.076562
0 0.836788 0.698834 0.036269 0.042746
0 0.865933 0.272021 0.084197 0.075130