0 0.054763 0.894063 0.109525 0.103125
0 0.038357 0.976719 0.076714 0.046562
0 0.014918 0.318750 0.029836 0.065625
0 0.041480 0.177404 0.082960 0.098559
0 0.109179 0.167264 0.089933 0.093596
0 0.265774 0.031250 0.078123 0.062500
0 0.354054 0.167187 0.067186 0.065625
0 0.379838 0.424219 0.084374 0.073438
0 0.402580 0.376295 0.070487 0.068653
0 0.324369 0.462500 0.070312 0.075000
0 0.267339 0.432695 0.084374 0.075235
0 0.090356 0.375781 0.083537 0.085938
0 0.025907 0.433387 0.051813 0.091775
0 0.168121 0.629534 0.095309 0.090674
0 0.195462 0.692969 0.087500 0.076563
0 0.111868 0.698438 0.070312 0.087500
0 0.176166 0.739042 0.075130 0.037460