0 0.273755 0.969145 0.096529 0.061710
0 0.281021 0.829825 0.117284 0.121437
0 0.019332 0.392337 0.038663 0.072656
0 0.029712 0.121438 0.059423 0.132856
0 0.319942 0.026988 0.070580 0.053972
0 0.261300 0.022834 0.069541 0.045668
0 0.202653 0.062275 0.047743 0.037366
0 0.323053 0.085109 0.053970 0.074731
0 0.267006 0.304113 0.110022 0.116247
0 0.246767 0.373656 0.100679 0.101716
0 0.147644 0.304113 0.091340 0.053972
0 0.155428 0.500800 0.106906 0.092375
0 0.518705 0.252216 0.098601 0.101716
0 0.462140 0.345631 0.107945 0.097566
0 0.494833 0.568266 0.079919 0.111059
0 0.477190 0.664794 0.090301 0.092375
0 0.356790 0.569825 0.055009 0.074731
0 0.346929 0.488347 0.058125 0.063313
0 0.283094 0.526750 0.061236 0.081997
0 0.278944 0.163475 0.055009 0.057088