0 0.018982 0.040625 0.037963 0.081250
0 0.681713 0.517500 0.100002 0.087500
0 0.703586 0.594062 0.103123 0.071875
0 0.732491 0.670625 0.082814 0.068750
0 0.590307 0.596406 0.070312 0.070312
0 0.513744 0.375312 0.089060 0.084375
0 0.483947 0.630781 0.061159 0.073438
0 0.555931 0.640156 0.070312 0.085938
0 0.654368 0.334687 0.085939 0.078125
0 0.727805 0.294062 0.085940 0.087500
0 0.759836 0.183906 0.090625 0.082812
0 0.809839 0.283125 0.093751 0.081250
0 0.651243 0.140156 0.101562 0.082812
0 0.574680 0.265996 0.101562 0.096758
0 0.488990 0.241684 0.079016 0.076632
0 0.469855 0.142461 0.088787 0.075078
0 0.970855 0.467279 0.058290 0.084817
0 0.887870 0.083906 0.081439 0.070312
0 0.966638 0.076094 0.066724 0.073438
0 0.947539 0.040803 0.047927 0.058290