0 0.115499 0.336534 0.090301 0.074731
0 0.232787 0.331863 0.073691 0.069541
0 0.187634 0.068747 0.035288 0.062275
0 0.341249 0.286194 0.066430 0.071616
0 0.367715 0.355734 0.073691 0.071616
0 0.394185 0.423719 0.066430 0.064353
0 0.336061 0.424237 0.039442 0.063312
0 0.271708 0.384278 0.062275 0.062275
0 0.413907 0.496894 0.058125 0.065391
0 0.087994 0.832666 0.085112 0.083034
0 0.131070 0.907913 0.094451 0.092375
0 0.250948 0.927116 0.095490 0.083034
0 0.202684 0.957216 0.086146 0.076806
0 0.511469 0.944241 0.070580 0.069541
0 0.705043 0.883003 0.081996 0.079922
0 0.452310 0.924003 0.049820 0.047744
0 0.904845 0.937494 0.080958 0.087188
0 0.970066 0.974456 0.059867 0.051087
0 0.476699 0.561247 0.069541 0.067466
0 0.521330 0.531147 0.069541 0.071616
0 0.495381 0.431503 0.061236 0.059162
0 0.620453 0.400366 0.053970 0.061237
0 0.660412 0.410747 0.052936 0.055009
0 0.672350 0.344838 0.045670 0.053972
0 0.503169 0.262841 0.062275 0.058125
0 0.558695 0.217172 0.084074 0.076806
0 0.518218 0.179287 0.042554 0.032175
0 0.560255 0.139328 0.060198 0.051897
0 0.630313 0.126872 0.050859 0.053972
0 0.707638 0.250903 0.056047 0.061237
0 0.757979 0.235334 0.063314 0.073694
0 0.854508 0.278409 0.067464 0.074731
0 0.832193 0.306434 0.058125 0.068503
0 0.942732 0.319928 0.079919 0.083034
0 0.987713 0.164756 0.024574 0.065391
0 0.804683 0.029184 0.067464 0.058367
0 0.745003 0.047469 0.056047 0.061237
0 0.688438 0.031900 0.067464 0.059162
0 0.899139 0.010502 0.073691 0.021003
0 0.850875 0.132063 0.064352 0.062275