0 0.325954 0.025552 0.071619 0.051103
0 0.840769 0.123756 0.075769 0.083034
0 0.988110 0.134656 0.023779 0.077844
0 0.892145 0.304356 0.083035 0.091338
0 0.620729 0.205753 0.086146 0.083034
0 0.578692 0.232741 0.076807 0.062275
0 0.514340 0.243637 0.041515 0.059162
0 0.891111 0.524400 0.076807 0.076806
0 0.664322 0.614181 0.084074 0.077844
0 0.654461 0.663481 0.068503 0.056047
0 0.581804 0.645838 0.064352 0.060200
0 0.484241 0.706556 0.078885 0.073694
0 0.736457 0.731466 0.070580 0.077844
0 0.201404 0.745997 0.092374 0.086147
0 0.149507 0.769350 0.025949 0.026988
0 0.279768 0.829550 0.051897 0.068503
0 0.871906 0.858613 0.046709 0.047744
0 0.858413 0.903763 0.075769 0.073694
0 0.866201 0.743922 0.066430 0.071616
0 0.822086 0.705000 0.036326 0.035291
0 0.973060 0.801525 0.053880 0.066428