0 0.103588 0.043394 0.156251 0.086787
0 0.189523 0.175000 0.103123 0.087500
0 0.029135 0.344702 0.058270 0.080027
0 0.096503 0.178720 0.079016 0.085565
0 0.402024 0.695312 0.084374 0.075000
0 0.685617 0.553125 0.076563 0.078125
0 0.830152 0.611719 0.081249 0.079687
0 0.699680 0.632813 0.089060 0.084375
0 0.675461 0.735156 0.112499 0.092187
0 0.956713 0.750781 0.081249 0.060937
0 0.554899 0.882031 0.094253 0.085938
0 0.863990 0.970207 0.072539 0.059585
0 0.562176 0.986399 0.080311 0.027202
0 0.865285 0.744171 0.056995 0.060881