0 0.395945 0.236328 0.112584 0.095344
0 0.458831 0.194815 0.094329 0.089111
0 0.173065 0.204139 0.096876 0.094806
0 0.091885 0.141918 0.108977 0.107671
0 0.031378 0.140002 0.062755 0.083112
0 0.090674 0.225187 0.072539 0.054807
0 0.263076 0.442225 0.122726 0.111572
0 0.205262 0.556334 0.096355 0.078100
0 0.394427 0.583719 0.073029 0.078100
0 0.474553 0.545175 0.117655 0.104472
0 0.398483 0.474175 0.093314 0.072013
0 0.353349 0.541625 0.086212 0.075056
0 0.310241 0.637981 0.077085 0.095344
0 0.268655 0.694781 0.060856 0.077084
0 0.528703 0.152257 0.079899 0.099632
0 0.490058 0.247349 0.089832 0.101157
0 0.628238 0.059726 0.080311 0.093545
0 0.574968 0.143012 0.099400 0.113600
0 0.671831 0.119684 0.088242 0.085200
0 0.664734 0.194741 0.088242 0.101428
0 0.638888 0.279567 0.091247 0.079860
0 0.654241 0.366580 0.095663 0.101036
0 0.801166 0.396099 0.102332 0.096404
0 0.738773 0.312906 0.084186 0.094328
0 0.828030 0.311891 0.092299 0.084184
0 0.774780 0.243428 0.097370 0.095344
0 0.826852 0.225939 0.071685 0.091774
0 0.831244 0.140141 0.078445 0.080801
0 0.762306 0.094480 0.045337 0.064608
0 0.757032 0.169891 0.124757 0.110556
0 0.520056 0.484483 0.068696 0.077774
0 0.348407 0.892173 0.080388 0.090045
0 0.281839 0.882931 0.099400 0.082156
0 0.220476 0.933647 0.055784 0.061872
0 0.196100 0.871300 0.076138 0.087159
0 0.044689 0.960492 0.089378 0.079016
0 0.902582 0.943069 0.087227 0.085620
0 0.822452 0.768319 0.119686 0.108528
0 0.762611 0.875325 0.123742 0.105484
0 0.754494 0.753609 0.095344 0.091284
0 0.971575 0.922927 0.056850 0.076425
0 0.961787 0.247746 0.076424 0.079637
0 0.999976 0.285519 0.000048 0.078100
0 0.975125 0.312400 0.049750 0.073028
0 0.608416 0.761658 0.133931 0.106218
0 0.528497 0.917746 0.054404 0.042746
0 0.939767 0.968264 0.060881 0.063472
0 0.596503 0.553756 0.066062 0.066062
0 0.643135 0.018135 0.050518 0.033679
0 0.879534 0.353627 0.064767 0.036269