0 0.242999 0.984320 0.090273 0.031359
0 0.367917 0.904235 0.090590 0.080132
0 0.414508 0.784684 0.082902 0.061595
0 0.197539 0.797280 0.079016 0.079016
0 0.059585 0.795984 0.077720 0.073834
0 0.416451 0.587435 0.073834 0.063472
0 0.462435 0.503886 0.082902 0.075130
0 0.460222 0.341909 0.074374 0.075249
0 0.194317 0.533512 0.080130 0.064913
0 0.209845 0.321244 0.090674 0.085492
0 0.174912 0.375204 0.080395 0.070836
0 0.068005 0.257772 0.086788 0.082902
0 0.264058 0.183938 0.064385 0.072539
0 0.323246 0.291745 0.076306 0.064178
0 0.395101 0.309367 0.069903 0.066921
0 0.294689 0.050684 0.079016 0.083233
0 0.181995 0.884067 0.084197 0.071244
0 0.069301 0.176813 0.066062 0.084197
0 0.416451 0.417746 0.055699 0.050518