0 0.026794 0.086719 0.053588 0.101562
0 0.298117 0.085937 0.098437 0.081250
0 0.404370 0.039844 0.095311 0.079687
0 0.070148 0.321478 0.064367 0.061707
0 0.144211 0.432963 0.090625 0.080951
0 0.087962 0.494531 0.062501 0.064062
0 0.030700 0.482812 0.061400 0.078125
0 0.050460 0.596875 0.071877 0.071875
0 0.296557 0.652344 0.085939 0.092187
0 0.187176 0.688791 0.053109 0.069292
0 0.029920 0.967969 0.059839 0.064062
0 0.137953 0.864726 0.042746 0.060703
0 0.367128 0.780756 0.089578 0.082237
0 0.392649 0.282565 0.078123 0.075493
0 0.540308 0.740156 0.079689 0.067188
0 0.623264 0.635183 0.064353 0.070885
0 0.637960 0.702656 0.074998 0.067187
0 0.675516 0.384782 0.068648 0.062311
0 0.484277 0.379285 0.083260 0.070445
0 0.531547 0.255390 0.087166 0.069530
0 0.712963 0.015625 0.065626 0.031250
0 0.747632 0.174142 0.100590 0.089217
0 0.765307 0.267188 0.082814 0.084375
0 0.796557 0.332031 0.048438 0.067187
0 0.847336 0.325781 0.081249 0.089062
0 0.977576 0.379688 0.044848 0.096875
0 0.913654 0.185257 0.063884 0.051765
0 0.977576 0.163281 0.044848 0.060937
0 0.439767 0.102332 0.076425 0.075130
0 0.503238 0.020725 0.063472 0.041450
0 0.437176 0.230570 0.063472 0.067358
0 0.461788 0.327073 0.058290 0.058290
0 0.770078 0.691710 0.042746 0.054404
0 0.797927 0.737047 0.059585 0.062176