0 0.018980 0.109375 0.037960 0.075000
0 0.077805 0.186719 0.079688 0.073438
0 0.139525 0.249219 0.071877 0.073438
0 0.241868 0.064844 0.089060 0.085938
0 0.305933 0.172656 0.079688 0.082812
0 0.362963 0.230469 0.074998 0.067188
0 0.018982 0.961875 0.037963 0.076250
0 0.088742 0.974375 0.089060 0.051250
0 0.347336 0.982969 0.115625 0.034062
0 0.345775 0.701875 0.090625 0.084375
0 0.040858 0.595625 0.081715 0.081250
0 0.038512 0.490156 0.077024 0.082812
0 0.804213 0.965781 0.087500 0.068437
0 0.620617 0.800313 0.110939 0.096875
0 0.944837 0.763594 0.087500 0.082812
0 0.860463 0.641719 0.074998 0.085938
0 0.710462 0.603437 0.074998 0.068750
0 0.783900 0.470625 0.096876 0.093750
0 0.541714 0.156563 0.074998 0.071875
0 0.593273 0.213594 0.090625 0.076562