0 0.141234 0.333038 0.093554 0.096153
0 0.216166 0.360325 0.090954 0.077962
0 0.174870 0.419689 0.080311 0.067358
0 0.461745 0.638825 0.077964 0.073631
0 0.570461 0.707205 0.084027 0.064864
0 0.635429 0.708559 0.071901 0.079694
0 0.343264 0.056995 0.069948 0.064767
0 0.492930 0.019041 0.098752 0.038081
0 0.734456 0.619738 0.069948 0.068492
0 0.868523 0.704611 0.079016 0.064872
0 0.881446 0.517984 0.103085 0.105681
0 0.797419 0.493257 0.096153 0.082370
0 0.913063 0.420962 0.109148 0.097019
0 0.862047 0.269803 0.084197 0.087491
0 0.723352 0.011245 0.083162 0.022489
0 0.466944 0.809044 0.069301 0.064103
0 0.381477 0.894782 0.058290 0.074539
0 0.456849 0.900948 0.068167 0.060799
0 0.414694 0.946575 0.056622 0.055037
0 0.639763 0.489831 0.082292 0.078828
0 0.224093 0.044689 0.064767 0.037565
0 0.463083 0.955311 0.066062 0.053109
0 0.755829 0.827720 0.058290 0.044041