0 0.156242 0.028906 0.070936 0.057812
0 0.367648 0.034974 0.090625 0.069948
0 0.440305 0.073437 0.082814 0.090625
0 0.509837 0.032031 0.100002 0.064062
0 0.819995 0.134375 0.107813 0.112500
0 0.135619 0.281250 0.092186 0.093750
0 0.047108 0.263281 0.094212 0.095312
0 0.399683 0.621094 0.098437 0.092188
0 0.429368 0.967969 0.120311 0.064062
0 0.442651 0.866406 0.109374 0.092188
0 0.511402 0.776562 0.096876 0.096875
0 0.704663 0.332254 0.085492 0.066062
0 0.567358 0.464378 0.077720 0.071244
0 0.831606 0.200777 0.088083 0.082902