0 0.117180 0.794531 0.098437 0.098438
0 0.599992 0.962656 0.114064 0.074688
0 0.528120 0.880000 0.082814 0.075000
0 0.474988 0.831904 0.057797 0.053808
0 0.416448 0.779063 0.068648 0.058126
0 0.157292 0.622187 0.081790 0.087500
0 0.114445 0.600508 0.074218 0.071483
0 0.027731 0.704219 0.055462 0.082812
0 0.612863 0.434948 0.092927 0.090104
0 0.687492 0.538594 0.064061 0.067188
0 0.620306 0.543281 0.067186 0.060938
0 0.323427 0.495120 0.057809 0.077117
0 0.139839 0.421406 0.081249 0.073438
0 0.234456 0.328892 0.069948 0.072785
0 0.303902 0.250312 0.068752 0.078125
0 0.391402 0.278437 0.071877 0.087500
0 0.249213 0.212812 0.084374 0.078125
0 0.032025 0.307344 0.053124 0.067188
0 0.443746 0.134688 0.101562 0.090625
0 0.596087 0.131563 0.074998 0.059375
0 0.607808 0.055831 0.076563 0.070212
0 0.294525 0.075000 0.093751 0.096875
0 0.393806 0.040625 0.067310 0.081250
0 0.937025 0.938594 0.071877 0.079688
0 0.721398 0.770625 0.065626 0.071875
0 0.714378 0.286269 0.071244 0.088083
0 0.715026 0.680052 0.044041 0.041451
0 0.906736 0.775259 0.056995 0.045337
0 0.941710 0.742228 0.044041 0.054404