0 0.501270 0.927461 0.080362 0.077720
0 0.463432 0.952921 0.070312 0.070842
0 0.427495 0.543750 0.098437 0.087500
0 0.346922 0.575777 0.072082 0.076425
0 0.381398 0.613281 0.084374 0.089063
0 0.414213 0.700781 0.065626 0.064063
0 0.480770 0.679838 0.064366 0.074701
0 0.518684 0.552461 0.071440 0.066062
0 0.516839 0.468799 0.064767 0.074903
0 0.493902 0.345313 0.090625 0.090625
0 0.582962 0.734687 0.074998 0.087500
0 0.650933 0.705781 0.089060 0.098437
0 0.684524 0.755781 0.090625 0.085938
0 0.862650 0.894063 0.093751 0.103125
0 0.826713 0.976719 0.100002 0.046562
0 0.603275 0.963437 0.096876 0.073125
0 0.732962 0.567187 0.103123 0.084375
0 0.780621 0.524219 0.104688 0.104687
0 0.766558 0.396094 0.082814 0.082813
0 0.735308 0.305469 0.082814 0.082812
0 0.800149 0.318750 0.059375 0.065625
0 0.642514 0.210156 0.077774 0.079687
0 0.671242 0.128906 0.085940 0.085937
0 0.642938 0.065625 0.094953 0.087500
0 0.579056 0.038747 0.092186 0.064994
0 0.836085 0.180052 0.093751 0.095855
0 0.737648 0.175437 0.074998 0.086626
0 0.911381 0.167264 0.094337 0.093596
0 0.893900 0.375781 0.090625 0.085938
0 0.815776 0.433594 0.093751 0.092188
0 0.957254 0.628036 0.085492 0.087678
0 0.975856 0.692969 0.048288 0.076563
0 0.911868 0.698438 0.070312 0.087500
0 0.976639 0.739062 0.046722 0.037500