0 0.806713 0.072656 0.074998 0.085938
0 0.752808 0.055469 0.079689 0.092188
0 0.934055 0.087500 0.082814 0.084375
0 0.070907 0.473664 0.078393 0.078578
0 0.201245 0.483241 0.085939 0.096016
0 0.316062 0.511010 0.088083 0.071244
0 0.496179 0.463281 0.080440 0.076563
0 0.482337 0.559780 0.079368 0.069560
0 0.652805 0.535557 0.082812 0.078886
0 0.822336 0.575000 0.081249 0.078125
0 0.922340 0.463281 0.075009 0.079688
0 0.914617 0.351465 0.077938 0.071681
0 0.277023 0.765625 0.081249 0.078125
0 0.361546 0.838281 0.087789 0.082812
0 0.266471 0.859618 0.105481 0.094236
0 0.641089 0.975000 0.096876 0.050000
0 0.805932 0.884290 0.095311 0.096705
0 0.968264 0.246114 0.063472 0.082902
0 0.491580 0.878886 0.073834 0.071244
0 0.473446 0.045984 0.063472 0.060881
0 0.544689 0.046632 0.068653 0.069948