0 0.097504 0.780891 0.095288 0.096153
0 0.969318 0.777859 0.061363 0.114344
0 0.169404 0.528813 0.083162 0.084025
0 0.098571 0.487316 0.069697 0.051275
0 0.229607 0.642864 0.085761 0.055159
0 0.293710 0.595512 0.087491 0.071900
0 0.362572 0.393659 0.083147 0.090921
0 0.637306 0.408031 0.067358 0.072539
0 0.118670 0.355519 0.083904 0.078914
0 0.104736 0.394109 0.072166 0.076231
0 0.323187 0.331742 0.091969 0.088354
0 0.066062 0.213255 0.093264 0.094903
0 0.043394 0.303109 0.086788 0.103627
0 0.350389 0.132772 0.112694 0.110104
0 0.884495 0.229956 0.099617 0.097887
0 0.953291 0.216962 0.093417 0.094422
0 0.196090 0.016839 0.068961 0.033678
0 0.523003 0.028497 0.093890 0.056994
0 0.679771 0.015575 0.088644 0.031150
0 0.056347 0.159326 0.081606 0.041451
0 0.911917 0.468264 0.046632 0.050518
0 0.656088 0.303756 0.060881 0.068653