0 0.031188 0.189897 0.060719 0.051194
0 0.088335 0.486941 0.098818 0.095247
0 0.166914 0.447653 0.077385 0.078578
0 0.181795 0.522062 0.085719 0.094056
0 0.109767 0.581591 0.091674 0.094056
0 0.196680 0.207159 0.094056 0.111912
0 0.252041 0.158347 0.076196 0.097625
0 0.162746 0.123225 0.097628 0.101197
0 0.129413 0.206563 0.052386 0.091675
0 0.290736 0.114294 0.077385 0.061909
0 0.335973 0.072625 0.084529 0.064291
0 0.371096 0.125009 0.085719 0.071434
0 0.353236 0.189897 0.092863 0.105959
0 0.432413 0.190491 0.070241 0.080959
0 0.437771 0.270259 0.092863 0.090484
0 0.535991 0.200609 0.096435 0.096434
0 0.534798 0.286331 0.077385 0.070244
0 0.490152 0.353003 0.090484 0.105959
0 0.394907 0.365503 0.092863 0.104769
0 0.338953 0.394672 0.069052 0.067863
0 0.765173 0.350622 0.088102 0.082150
0 0.772914 0.445272 0.108340 0.104769
0 0.687787 0.400588 0.085719 0.096512
0 0.650878 0.459559 0.088101 0.057147
0 0.611591 0.618500 0.095245 0.058338
0 0.658022 0.671481 0.045242 0.059528
0 0.600875 0.673266 0.092863 0.072625
0 0.534205 0.667312 0.078579 0.079769
0 0.618735 0.863756 0.085719 0.101197
0 0.658022 0.928641 0.076196 0.083341
0 0.451425 0.962435 0.050518 0.075130
0 0.306995 0.946891 0.038860 0.064767
0 0.243523 0.949482 0.095855 0.101036