0 0.233795 0.060444 0.070580 0.068503
0 0.065131 0.132063 0.077846 0.068503
0 0.026597 0.177731 0.053193 0.097566
0 0.988476 0.737694 0.023048 0.090300
0 0.835273 0.429428 0.111056 0.100678
0 0.731483 0.420088 0.084074 0.094453
0 0.700863 0.547753 0.070580 0.084072
0 0.268566 0.220803 0.081996 0.067466
0 0.349524 0.516616 0.100679 0.094453
0 0.192276 0.472503 0.072657 0.089263
0 0.532715 0.677494 0.076807 0.079922
0 0.340702 0.772984 0.085112 0.090300
0 0.098341 0.830069 0.086146 0.111059
0 0.247284 0.968228 0.083035 0.063544
0 0.369245 0.939053 0.061236 0.063312
0 0.352118 0.564359 0.076807 0.030100
0 0.117228 0.324482 0.104922 0.073834