0 0.778064 0.983812 0.092299 0.032376
0 0.306931 0.985333 0.101426 0.029334
0 0.228080 0.946706 0.109010 0.100666
0 0.347798 0.897385 0.091969 0.097879
0 0.391113 0.978741 0.099400 0.042518
0 0.791755 0.896119 0.091283 0.092300
0 0.687283 0.876337 0.105487 0.077084
0 0.639829 0.785622 0.085627 0.076425
0 0.471751 0.786575 0.072013 0.063900
0 0.419529 0.718619 0.085173 0.086213
0 0.419515 0.643563 0.085202 0.078100
0 0.655840 0.584225 0.064912 0.056800
0 0.614762 0.543147 0.078100 0.067956
0 0.514859 0.528366 0.070998 0.067094
0 0.804404 0.496997 0.062176 0.083172
0 0.776975 0.324728 0.067811 0.073341
0 0.685258 0.408756 0.075059 0.068972
0 0.682719 0.291606 0.072013 0.076072
0 0.613752 0.282478 0.088243 0.100412
0 0.505219 0.247991 0.082156 0.084184
0 0.506732 0.364634 0.073049 0.080128
0 0.554922 0.310369 0.080130 0.081144
0 0.486679 0.167068 0.084757 0.077659
0 0.592848 0.171829 0.070781 0.074227
0 0.639249 0.038860 0.073834 0.072539
0 0.587435 0.987047 0.084197 0.025906
0 0.610751 0.810233 0.037565 0.053109