0 0.370858 0.983305 0.120701 0.033390
0 0.438023 0.940285 0.111000 0.103368
0 0.277202 0.714778 0.093264 0.097950
0 0.444301 0.630181 0.064767 0.066062
0 0.573187 0.583802 0.099741 0.100246
0 0.776901 0.681826 0.099048 0.089717
0 0.685283 0.673481 0.092299 0.087228
0 0.701425 0.719489 0.073834 0.063613
0 0.755241 0.510708 0.098326 0.086182
0 0.761658 0.394572 0.072539 0.068937
0 0.492751 0.359341 0.112943 0.099972
0 0.483808 0.477332 0.063472 0.081606
0 0.324509 0.449325 0.115230 0.111572
0 0.196906 0.425618 0.103456 0.110304
0 0.113680 0.386658 0.105598 0.099741
0 0.193358 0.468091 0.092299 0.096356
0 0.139783 0.471641 0.041223 0.087228
0 0.834197 0.597403 0.075130 0.073044
0 0.818157 0.078100 0.136930 0.142000
0 0.744621 0.053756 0.095344 0.101428
0 0.899805 0.145044 0.115629 0.107512
0 0.989637 0.230730 0.020725 0.106537
0 0.044689 0.341969 0.071244 0.075130
0 0.601684 0.418394 0.068653 0.062176
0 0.610104 0.493523 0.098446 0.088083
0 0.637953 0.549223 0.034974 0.033679
0 0.863342 0.200777 0.117876 0.103627
0 0.553109 0.102332 0.059585 0.082902