0 0.427672 0.019965 0.081996 0.039930
0 0.088271 0.090787 0.102756 0.097566
0 0.084638 0.231947 0.078885 0.068503
0 0.260568 0.163444 0.077846 0.062275
0 0.206593 0.236619 0.086146 0.081997
0 0.406917 0.332106 0.073691 0.073694
0 0.224759 0.441091 0.074730 0.075769
0 0.158851 0.473784 0.073691 0.080959
0 0.244997 0.558375 0.079919 0.081997
0 0.682487 0.381409 0.076807 0.074731
0 0.980325 0.598856 0.039350 0.084072
0 0.466597 0.904525 0.085112 0.095491
0 0.236175 0.888956 0.101717 0.093413
0 0.159885 0.957972 0.108984 0.084056
0 0.079966 0.948638 0.067464 0.079922
0 0.303639 0.060687 0.068503 0.072656