0 0.144680 0.972956 0.132535 0.054087
0 0.295841 0.982485 0.107414 0.035030
0 0.044838 0.717719 0.089676 0.106422
0 0.221503 0.702928 0.080311 0.111747
0 0.752591 0.977979 0.064767 0.044041
0 0.524428 0.543937 0.095489 0.088292
0 0.518034 0.284097 0.097887 0.109147
0 0.612024 0.260275 0.103950 0.106550
0 0.678290 0.389778 0.110013 0.105681
0 0.450467 0.212197 0.094423 0.090091
0 0.092707 0.223459 0.094423 0.083159
0 0.042671 0.190106 0.085342 0.099619
0 0.696422 0.017487 0.063115 0.034974
0 0.954574 0.354922 0.090851 0.085492
0 0.871762 0.460492 0.095855 0.076425
0 0.719560 0.610751 0.097150 0.097150
0 0.683938 0.678109 0.085492 0.076425
0 0.346503 0.487694 0.086788 0.076425
0 0.505829 0.463083 0.097150 0.068653
0 0.117228 0.738342 0.063472 0.072539
0 0.654145 0.101036 0.111399 0.108808
0 0.802461 0.327073 0.091969 0.076425
0 0.132124 0.312824 0.082902 0.084197
0 0.286917 0.270078 0.076425 0.060881
0 0.492228 0.616580 0.062176 0.069948
0 0.869171 0.295984 0.085492 0.084197