0 0.107992 0.053178 0.094451 0.087188
0 0.165078 0.127391 0.081996 0.059162
0 0.240847 0.170984 0.102756 0.096528
0 0.056330 0.184997 0.112659 0.107944
0 0.517456 0.231703 0.095490 0.080959
0 0.654461 0.302800 0.078885 0.079922
0 0.707397 0.329269 0.076807 0.076806
0 0.763444 0.436175 0.068503 0.068503
0 0.376296 0.313700 0.056047 0.083034
0 0.323360 0.330306 0.087185 0.074731
0 0.191027 0.290866 0.090301 0.070578
0 0.130308 0.352103 0.072657 0.051897
0 0.027786 0.380647 0.055572 0.102756
0 0.079966 0.423200 0.079919 0.079922
0 0.367474 0.463681 0.036326 0.061237
0 0.404317 0.533222 0.091340 0.090300
0 0.694942 0.522841 0.049820 0.073694
0 0.823642 0.703959 0.070580 0.068503
0 0.782644 0.741844 0.059164 0.065391
0 0.305716 0.575256 0.078885 0.083034
0 0.243441 0.585637 0.093413 0.089263
0 0.065151 0.664519 0.130302 0.103794
0 0.185316 0.784400 0.087185 0.079922
0 0.958010 0.903244 0.083979 0.091338
0 0.788355 0.918813 0.078885 0.078881
0 0.251741 0.987430 0.087185 0.025139