0 0.032383 0.970855 0.064766 0.058290
0 0.482556 0.726784 0.078828 0.067569
0 0.476036 0.755024 0.042746 0.044355
0 0.349817 0.720845 0.080159 0.066083
0 0.303756 0.695987 0.063472 0.056212
0 0.440415 0.531536 0.069948 0.068253
0 0.410268 0.477703 0.079603 0.077167
0 0.214252 0.651754 0.068906 0.065167
0 0.102332 0.619819 0.056995 0.060881
0 0.026554 0.685827 0.053108 0.053216
0 0.631477 0.630631 0.084197 0.081428
0 0.608808 0.332902 0.075130 0.080311
0 0.687424 0.339123 0.100486 0.103116
0 0.787675 0.530131 0.077499 0.069272
0 0.723997 0.528847 0.061984 0.068434
0 0.679404 0.420131 0.081606 0.069300
0 0.856775 0.176281 0.075365 0.084025
0 0.810428 0.238653 0.093554 0.075362
0 0.792671 0.168053 0.090954 0.081428
0 0.828622 0.068434 0.083162 0.097019
0 0.892725 0.201403 0.067567 0.063238
0 0.865004 0.260741 0.065833 0.069300
0 0.956391 0.311850 0.080563 0.095287
0 0.413860 0.642487 0.063472 0.064767
0 0.420337 0.707902 0.045337 0.047927
0 0.775907 0.019430 0.067358 0.038860
0 0.155440 0.585492 0.067358 0.046632
0 0.598446 0.559585 0.054404 0.041451