0 0.416321 0.195772 0.110882 0.105681
0 0.425848 0.100484 0.126472 0.093556
0 0.307577 0.114344 0.078885 0.079694
0 0.347020 0.175416 0.091824 0.103084
0 0.245587 0.290803 0.112453 0.086788
0 0.029281 0.414500 0.058557 0.106550
0 0.440573 0.448284 0.100486 0.104816
0 0.315835 0.446119 0.103950 0.091822
0 0.207120 0.452844 0.104815 0.087036
0 0.321466 0.385916 0.099616 0.071900
0 0.548424 0.540106 0.104815 0.096153
0 0.343124 0.580387 0.110013 0.098753
0 0.087113 0.759067 0.090022 0.098446
0 0.438844 0.751906 0.091824 0.090091
0 0.371709 0.775294 0.099616 0.081428
0 0.063323 0.840697 0.099616 0.103084
0 0.768369 0.618477 0.096324 0.091877
0 0.830819 0.688669 0.111747 0.097019
0 0.923075 0.763166 0.088355 0.086625
0 0.888898 0.688092 0.061582 0.080847
0 0.966302 0.810809 0.067395 0.095287
0 0.572676 0.824672 0.064968 0.069300
0 0.485618 0.830734 0.057171 0.071031
0 0.029281 0.930353 0.058557 0.100484
0 0.023316 0.601684 0.046632 0.073834