0 0.431952 0.983161 0.111569 0.033678
0 0.408031 0.850826 0.106218 0.105798
0 0.027320 0.865667 0.054640 0.086256
0 0.308660 0.702215 0.100296 0.098732
0 0.251702 0.708549 0.078533 0.101036
0 0.459197 0.738342 0.094560 0.095855
0 0.412538 0.584845 0.099688 0.102332
0 0.482162 0.469106 0.110558 0.112584
0 0.310233 0.494171 0.068653 0.055699
0 0.012306 0.155411 0.024611 0.100978
0 0.132741 0.078606 0.097370 0.098384
0 0.079714 0.091554 0.081708 0.084662
0 0.205119 0.109358 0.100125 0.105119
0 0.369332 0.048575 0.087760 0.097150
0 0.206606 0.033105 0.076425 0.063620
0 0.472150 0.075130 0.094560 0.106218
0 0.787565 0.592617 0.075130 0.081606
0 0.845275 0.595465 0.080130 0.091453
0 0.905464 0.595855 0.082854 0.093264
0 0.212435 0.203368 0.085492 0.085492
0 0.300518 0.095207 0.075130 0.097150