0 0.113396 0.220559 0.095490 0.075769
0 0.064610 0.040997 0.087185 0.081994
0 0.160099 0.029062 0.110022 0.058124
0 0.174632 0.151537 0.066430 0.074731
0 0.309564 0.102756 0.060198 0.070578
0 0.301259 0.066428 0.097567 0.093412
0 0.340180 0.159841 0.071619 0.083034
0 0.251439 0.152056 0.093413 0.104831
0 0.352635 0.319163 0.057086 0.069541
0 0.380661 0.357047 0.100679 0.105869
0 0.310598 0.278684 0.068503 0.092375
0 0.501578 0.075769 0.072657 0.085109
0 0.587729 0.072137 0.068503 0.081997
0 0.559186 0.216409 0.102756 0.094453
0 0.625094 0.283356 0.114172 0.110022
0 0.644815 0.541800 0.105867 0.099641
0 0.594995 0.591100 0.033215 0.071616
0 0.787009 0.366909 0.095490 0.098603
0 0.729923 0.150500 0.085112 0.089262
0 0.688925 0.110022 0.113134 0.128703
0 0.702940 0.009859 0.072657 0.019718
0 0.895476 0.138562 0.090301 0.092375
0 0.937512 0.308266 0.095490 0.103794
0 0.977577 0.190978 0.044846 0.128703
0 0.951628 0.070059 0.096744 0.117288
0 0.931280 0.971220 0.101717 0.057559
0 0.960971 0.830344 0.078058 0.089263
0 0.955673 0.870303 0.084074 0.075769
0 0.922458 0.891063 0.050859 0.073694