0 0.117527 0.982052 0.121716 0.035896
0 0.479041 0.935233 0.100570 0.088083
0 0.557769 0.912243 0.099488 0.101689
0 0.750995 0.964378 0.096456 0.071243
0 0.200777 0.612121 0.080311 0.079164
0 0.345207 0.562918 0.104922 0.102519
0 0.219460 0.442256 0.088242 0.090272
0 0.856878 0.551166 0.078991 0.047927
0 0.021373 0.493523 0.042746 0.062176
0 0.028497 0.389940 0.056994 0.075217
0 0.027202 0.274391 0.054404 0.097372
0 0.144914 0.287069 0.091283 0.116644
0 0.238980 0.278229 0.058310 0.069411
0 0.179905 0.306847 0.074044 0.081144
0 0.514249 0.508549 0.082902 0.061140
0 0.891839 0.322734 0.068653 0.085883
0 0.698187 0.036917 0.090674 0.073834
0 0.824482 0.033233 0.091283 0.066466
0 0.842617 0.084197 0.084197 0.082902
0 0.086140 0.901554 0.050518 0.075130
0 0.029793 0.973446 0.059585 0.053108
0 0.088731 0.222798 0.066062 0.072539