0 0.027574 0.041406 0.055148 0.070312
0 0.137960 0.068268 0.071877 0.066588
0 0.083276 0.375000 0.106248 0.100000
0 0.091867 0.244531 0.089060 0.076562
0 0.036950 0.775156 0.073899 0.097187
0 0.406711 0.796094 0.087500 0.092188
0 0.467651 0.792969 0.062501 0.085938
0 0.337179 0.799219 0.073437 0.092188
0 0.059837 0.945625 0.068752 0.065625
0 0.131714 0.952656 0.065626 0.070312
0 0.110811 0.858906 0.048047 0.054688
0 0.209837 0.864375 0.056250 0.056250
0 0.278589 0.959688 0.068752 0.068750
0 0.436401 0.983750 0.096876 0.032500
0 0.248119 0.536250 0.101562 0.096875
0 0.378586 0.432344 0.096876 0.079688
0 0.679057 0.989219 0.085939 0.021562
0 0.640816 0.968125 0.071787 0.063750
0 0.686868 0.933125 0.079689 0.059375
0 0.695465 0.821406 0.074998 0.070312
0 0.465776 0.630781 0.103123 0.085938
0 0.531402 0.414375 0.103123 0.087500
0 0.960492 0.569844 0.079016 0.079688
0 0.515774 0.520625 0.084374 0.084375
0 0.879681 0.182344 0.085939 0.079688
0 0.029145 0.579663 0.058290 0.060881