0 0.036334 0.393863 0.072668 0.083034
0 0.093946 0.866122 0.073691 0.083034
0 0.213312 0.693306 0.098601 0.079922
0 0.285964 0.820453 0.077846 0.074731
0 0.923256 0.867678 0.063314 0.067466
0 0.879142 0.762847 0.064352 0.071616
0 0.804929 0.868197 0.050859 0.062275
0 0.749398 0.818378 0.060198 0.085109
0 0.644570 0.945003 0.070580 0.080959
0 0.574511 0.927878 0.040481 0.067466
0 0.567245 0.860931 0.081996 0.080959
0 0.461373 0.844325 0.075769 0.083034
0 0.542335 0.710431 0.079919 0.080959
0 0.437502 0.680850 0.079919 0.086147
0 0.767564 0.531909 0.073691 0.080959
0 0.718261 0.437975 0.074730 0.081997
0 0.595788 0.538656 0.060198 0.073694
0 0.475905 0.441091 0.069541 0.084072
0 0.352911 0.441091 0.080958 0.090300
0 0.370038 0.353903 0.079919 0.057087
0 0.367961 0.095459 0.073691 0.069541
0 0.509637 0.135419 0.072657 0.080959
0 0.502371 0.185241 0.056047 0.049822
0 0.619660 0.180050 0.074730 0.074731
0 0.779502 0.192506 0.078885 0.074731
0 0.925329 0.293703 0.075769 0.081997
0 0.818423 0.105838 0.069541 0.071616