0 0.631097 0.862353 0.116044 0.106550
0 0.936400 0.771828 0.127200 0.133403
0 0.890126 0.650122 0.145531 0.139466
0 0.763654 0.553969 0.105684 0.094422
0 0.742861 0.708159 0.077964 0.078828
0 0.599497 0.612006 0.089225 0.077097
0 0.537565 0.547903 0.072539 0.075363
0 0.364865 0.834197 0.087243 0.082902
0 0.917573 0.249841 0.146719 0.129215
0 0.846811 0.402375 0.145531 0.148128
0 0.810865 0.474706 0.123873 0.097019
0 0.760185 0.292794 0.086626 0.074497
0 0.817358 0.119544 0.113990 0.131669
0 0.769284 0.031619 0.106549 0.063238
0 0.121911 0.282893 0.085193 0.089102
0 0.044041 0.151510 0.088082 0.082991
0 0.433938 0.430052 0.075130 0.090674
0 0.316710 0.338083 0.029793 0.064767
0 0.232513 0.175518 0.058290 0.053109
0 0.943653 0.060881 0.112694 0.121762
0 0.826425 0.042098 0.064767 0.053109
0 0.849741 0.604275 0.067358 0.086788
0 0.284974 0.963083 0.062176 0.042746
0 0.034974 0.012953 0.069948 0.025906
0 0.691710 0.103627 0.098446 0.069948
0 0.751295 0.863342 0.044041 0.050518