0 0.828422 0.030501 0.091753 0.061002
0 0.862154 0.047506 0.078260 0.080959
0 0.993819 0.087312 0.012361 0.106597
0 0.738340 0.108900 0.078901 0.076909
0 0.880371 0.175016 0.087707 0.087706
0 0.937043 0.405129 0.074213 0.075449
0 0.660434 0.336259 0.071515 0.080959
0 0.546417 0.455672 0.078260 0.066116
0 0.418234 0.281612 0.089056 0.082309
0 0.289374 0.956941 0.060719 0.072862
0 0.233378 0.943447 0.064766 0.078259
0 0.167935 0.991962 0.093102 0.016075
0 0.049871 0.047366 0.091753 0.094731
0 0.053946 0.208750 0.107892 0.114691
0 0.129480 0.338956 0.105247 0.097150
0 0.167935 0.572388 0.117392 0.110644
0 0.282625 0.487381 0.109294 0.105247
0 0.116663 0.493453 0.087707 0.085006
0 0.038428 0.520441 0.076856 0.082309
0 0.422281 0.703272 0.048574 0.048575
0 0.552579 0.360045 0.053580 0.074776
0 0.101272 0.178698 0.080075 0.104216
0 0.416569 0.421279 0.033561 0.057113