0 0.160956 0.723059 0.106822 0.098950
0 0.284641 0.814700 0.077588 0.064091
0 0.267214 0.885541 0.053970 0.052847
0 0.237975 0.206388 0.076460 0.077584
0 0.407203 0.199641 0.086579 0.066341
0 0.098549 0.012396 0.047226 0.024792
0 0.894076 0.214822 0.075336 0.067466
0 0.879459 0.354250 0.082081 0.056222
0 0.945072 0.793900 0.109856 0.112444
0 0.648952 0.971162 0.104570 0.057676
0 0.545505 0.960480 0.118064 0.079040
0 0.531452 0.715753 0.092205 0.104572
0 0.672565 0.732056 0.097826 0.060719
0 0.579801 0.843938 0.069715 0.061844
0 0.674252 0.100691 0.085455 0.079834
0 0.332431 0.575200 0.060719 0.046100