0 0.240196 0.920518 0.074012 0.069015
0 0.978412 0.767481 0.043176 0.092688
0 0.039224 0.759684 0.078448 0.087491
0 0.572645 0.569948 0.070166 0.064767
0 0.520002 0.781475 0.058442 0.057769
0 0.921310 0.461694 0.072765 0.068434
0 0.890825 0.317788 0.065501 0.071679
0 0.784541 0.276162 0.063900 0.065278
0 0.637953 0.266456 0.086788 0.095088
0 0.585636 0.021430 0.096153 0.042860
0 0.491650 0.013635 0.084891 0.027270
0 0.548821 0.105666 0.095288 0.082294
0 0.884928 0.175400 0.079693 0.074497
0 0.652850 0.488342 0.059585 0.056995
0 0.887306 0.068005 0.062176 0.058290