0 0.027391 0.104312 0.054782 0.086147
0 0.119132 0.078363 0.087185 0.077844
0 0.160652 0.154131 0.085112 0.088225
0 0.159613 0.018681 0.066430 0.037362
0 0.172585 0.239244 0.086146 0.094453
0 0.002481 0.322278 0.004962 0.088225
0 0.020125 0.277647 0.040250 0.065391
0 0.020644 0.328506 0.041288 0.071616
0 0.063601 0.406350 0.067464 0.088225
0 0.138336 0.375731 0.086146 0.072656
0 0.229671 0.326947 0.061236 0.051897
0 0.301807 0.349263 0.085112 0.071616
0 0.283124 0.410500 0.060198 0.077844
0 0.214622 0.393375 0.087185 0.080959
0 0.322567 0.508066 0.083035 0.081997
0 0.193862 0.586431 0.095490 0.085109
0 0.015975 0.155691 0.031949 0.070578
0 0.087994 0.169703 0.062275 0.063312
0 0.278457 0.859925 0.077846 0.057087
0 0.672350 0.592659 0.060198 0.043594
0 0.768357 0.680881 0.042554 0.058125
0 0.614225 0.689184 0.062275 0.066428
0 0.543645 0.727069 0.060198 0.063312