0 0.017084 0.482178 0.034168 0.097625
0 0.426458 0.424437 0.086912 0.077388
0 0.475869 0.354788 0.090484 0.100006
0 0.433005 0.272044 0.073814 0.084531
0 0.559205 0.489322 0.085719 0.095247
0 0.039109 0.075168 0.078218 0.093188
0 0.693145 0.033931 0.077385 0.067862
0 0.635998 0.079172 0.094056 0.089294
0 0.732433 0.220256 0.084529 0.071434
0 0.896730 0.225612 0.067863 0.070244
0 0.859826 0.250616 0.082151 0.084531
0 0.881850 0.370266 0.095245 0.073816
0 0.954475 0.435153 0.073814 0.086913
0 0.800296 0.402412 0.060719 0.047622
0 0.733029 0.501825 0.095245 0.094056
0 0.796127 0.546469 0.076196 0.095247
0 0.706836 0.568497 0.078579 0.077388
0 0.736601 0.631000 0.076196 0.073816
0 0.956402 0.614331 0.087196 0.080959
0 0.826489 0.722675 0.082151 0.083341
0 0.837205 0.818516 0.079768 0.079769
0 0.615163 0.887569 0.090484 0.089294
0 0.650286 0.970274 0.089291 0.059452
0 0.572303 0.959558 0.088102 0.080884
0 0.457412 0.982774 0.077385 0.034452
0 0.292304 0.988728 0.074245 0.022544