0 0.067716 0.414451 0.077003 0.072652
0 0.372961 0.817187 0.103123 0.090625
0 0.357339 0.717187 0.096876 0.090625
0 0.486245 0.414063 0.095311 0.093750
0 0.502722 0.349741 0.077982 0.072539
0 0.486534 0.488601 0.086517 0.077203
0 0.694996 0.051562 0.076563 0.084375
0 0.920774 0.138281 0.071877 0.076562
0 0.805930 0.203125 0.095311 0.093750
0 0.894298 0.262626 0.068917 0.078375
0 0.804370 0.406250 0.073438 0.090625
0 0.720211 0.404687 0.085499 0.084375
0 0.653589 0.534375 0.093751 0.081250
0 0.696556 0.601562 0.073437 0.075000
0 0.619213 0.788281 0.087500 0.098437
0 0.710619 0.810937 0.095311 0.106250
0 0.884838 0.739062 0.081249 0.087500
0 0.968982 0.658594 0.062035 0.082813
0 0.927025 0.578125 0.074998 0.071875
0 0.671557 0.915726 0.098437 0.090827
0 0.788860 0.303756 0.067358 0.086788