0 0.644042 0.011321 0.046112 0.022642
0 0.286055 0.272700 0.087486 0.087488
0 0.206399 0.313181 0.082264 0.090100
0 0.415977 0.415031 0.075736 0.071819
0 0.475390 0.527981 0.116217 0.099241
0 0.520439 0.591966 0.052231 0.078347
0 0.553738 0.679453 0.063981 0.088794
0 0.660814 0.659866 0.095321 0.086181
0 0.778333 0.621997 0.108382 0.117522
0 0.015386 0.155181 0.030772 0.082266
0 0.099977 0.266172 0.096627 0.087488
0 0.109119 0.501866 0.094014 0.104463
0 0.012123 0.588047 0.024246 0.096628
0 0.137845 0.640278 0.052231 0.057453
0 0.106510 0.794363 0.075736 0.086181
0 0.042808 0.795666 0.085616 0.091406
0 0.283442 0.842675 0.077042 0.088794
0 0.645078 0.040155 0.082902 0.062176