0 0.210774 0.037500 0.112499 0.075000
0 0.246715 0.094531 0.096876 0.117187
0 0.174837 0.136719 0.081249 0.126562
0 0.335775 0.029688 0.100002 0.059375
0 0.206564 0.940625 0.117792 0.118750
0 0.495152 0.133594 0.109374 0.101562
0 0.374837 0.135937 0.118750 0.087500
0 0.386558 0.190625 0.107813 0.100000
0 0.627964 0.291544 0.112499 0.111213
0 0.980387 0.278125 0.039226 0.109375
0 0.793588 0.697656 0.087500 0.095312
0 0.591243 0.767187 0.120311 0.109375
0 0.485775 0.571875 0.093751 0.106250
0 0.397495 0.761719 0.085939 0.092188
0 0.455305 0.897656 0.114064 0.095312
0 0.488901 0.840625 0.093751 0.056250
0 0.531088 0.908602 0.059375 0.076579
0 0.929526 0.867187 0.106248 0.103125