0 0.011485 0.871431 0.022970 0.096153
0 0.527759 0.723214 0.074017 0.066525
0 0.463083 0.678796 0.086788 0.093343
0 0.407588 0.635809 0.105684 0.096153
0 0.548786 0.506741 0.090090 0.078828
0 0.609485 0.556550 0.081548 0.076231
0 0.143782 0.658679 0.080311 0.063472
0 0.253396 0.619353 0.098752 0.096153
0 0.173575 0.517701 0.075130 0.084625
0 0.093264 0.514249 0.067358 0.072539
0 0.020725 0.650907 0.041450 0.086788
0 0.548294 0.309040 0.082169 0.079220
0 0.514896 0.338731 0.068653 0.053109
0 0.509067 0.049870 0.080311 0.076425
0 0.937302 0.973614 0.101351 0.052772
0 0.938349 0.435833 0.099986 0.089475
0 0.923142 0.320301 0.084626 0.101742
0 0.847560 0.364379 0.069128 0.060364
0 0.784406 0.255959 0.103950 0.098753
0 0.711641 0.286713 0.100486 0.090956
0 0.841582 0.219144 0.090090 0.092688
0 0.876295 0.310233 0.045337 0.081606
0 0.941062 0.122409 0.076425 0.055699
0 0.974741 0.031088 0.037565 0.062176
0 0.823187 0.808290 0.079016 0.072539