0 0.679064 0.774784 0.076807 0.064353
0 0.970312 0.508556 0.059376 0.069541
0 0.343813 0.650231 0.097567 0.093413
0 0.199025 0.543325 0.084074 0.072656
0 0.295549 0.439012 0.088224 0.088225
0 0.733039 0.326919 0.076807 0.073694
0 0.452797 0.389194 0.083035 0.086147
0 0.170482 0.299931 0.076807 0.075769
0 0.247806 0.249072 0.059164 0.052934
0 0.166327 0.056019 0.070580 0.061237
0 0.932841 0.177456 0.061236 0.059162
0 0.864338 0.248034 0.071619 0.075769
0 0.935435 0.039409 0.076807 0.071616
0 0.741861 0.139053 0.042554 0.042556
0 0.756910 0.138012 0.064352 0.081997
0 0.702940 0.121406 0.068503 0.067466
0 0.663498 0.036572 0.091340 0.073144
0 0.583574 0.056537 0.089262 0.078881
0 0.541020 0.023080 0.093413 0.046159
0 0.027116 0.488834 0.054232 0.077844
0 0.013623 0.398534 0.027246 0.073694