0 0.191088 0.036719 0.093751 0.073438
0 0.332492 0.032813 0.135938 0.065625
0 0.381710 0.097656 0.109374 0.079687
0 0.477027 0.160938 0.090625 0.084375
0 0.572049 0.035937 0.099425 0.071874
0 0.656712 0.171094 0.084374 0.073438
0 0.765306 0.127344 0.079688 0.082812
0 0.858276 0.303465 0.081249 0.068070
0 0.352076 0.299223 0.078230 0.075130
0 0.362182 0.165625 0.089060 0.090625
0 0.324482 0.349741 0.068653 0.049223
0 0.258836 0.440755 0.073001 0.080991
0 0.345855 0.526563 0.108808 0.106250
0 0.145018 0.739844 0.114110 0.095313
0 0.086088 0.881962 0.109999 0.111075
0 0.179219 0.904793 0.079385 0.097150
0 0.063741 0.963281 0.095311 0.073437
0 0.032383 0.390544 0.064766 0.063472
0 0.149611 0.444301 0.089378 0.064767