0 0.104876 0.093931 0.075769 0.063312
0 0.267829 0.029581 0.055009 0.059162
0 0.230465 0.068503 0.044631 0.047744
0 0.619690 0.319162 0.084074 0.065391
0 0.555855 0.392856 0.031137 0.057088
0 0.531467 0.715134 0.073691 0.076806
0 0.878656 0.647669 0.093412 0.093413
0 0.967617 0.634715 0.064766 0.059585
0 0.868273 0.798687 0.043592 0.036328
0 0.974618 0.420362 0.050764 0.091337
0 0.955458 0.341478 0.066430 0.068503
0 0.944011 0.267080 0.080890 0.067839
0 0.868273 0.255850 0.083035 0.086147
0 0.838175 0.322797 0.051897 0.074731
0 0.936259 0.158803 0.073691 0.074731
0 0.813265 0.972777 0.089262 0.054445