0 0.237962 0.010363 0.090625 0.020725
0 0.356812 0.017487 0.068547 0.034974
0 0.460620 0.016839 0.104688 0.033678
0 0.481713 0.129687 0.087500 0.090625
0 0.418433 0.185938 0.104688 0.109375
0 0.150462 0.918281 0.087500 0.092188
0 0.110853 0.914028 0.079219 0.081943
0 0.211283 0.821244 0.090387 0.095855
0 0.330933 0.759993 0.098437 0.074390
0 0.321556 0.803438 0.107813 0.081250
0 0.687649 0.835469 0.096876 0.089062
0 0.657183 0.714375 0.101562 0.093750
0 0.717339 0.657344 0.093751 0.089062
0 0.802843 0.676755 0.067890 0.081490
0 0.583746 0.748493 0.073437 0.080735
0 0.523586 0.734688 0.068752 0.071875
0 0.463431 0.758906 0.085939 0.110938
0 0.547598 0.660469 0.092605 0.089062
0 0.604203 0.545984 0.120609 0.091969
0 0.589705 0.449482 0.114643 0.103627
0 0.971169 0.247656 0.057662 0.092188
0 0.882182 0.211719 0.085939 0.082812
0 0.281736 0.492876 0.076425 0.081606