0 0.275049 0.939119 0.089799 0.095855
0 0.660620 0.988281 0.067186 0.023438
0 0.513745 0.933594 0.073438 0.070312
0 0.384838 0.793750 0.068752 0.075000
0 0.315306 0.785938 0.082814 0.078125
0 0.491086 0.641406 0.093751 0.101563
0 0.548901 0.659375 0.062501 0.093750
0 0.596554 0.573438 0.070312 0.078125
0 0.601245 0.753125 0.067186 0.068750
0 0.669212 0.873438 0.071877 0.071875
0 0.716870 0.812500 0.067187 0.075000
0 0.971325 0.817187 0.057349 0.121875
0 0.957264 0.979688 0.085472 0.040624
0 0.683274 0.552344 0.071877 0.067188
0 0.708826 0.492188 0.082349 0.084375
0 0.736577 0.403125 0.087143 0.093750
0 0.802024 0.354688 0.103123 0.106250
0 0.850463 0.431444 0.090625 0.087889
0 0.668394 0.242188 0.093264 0.087500
0 0.669554 0.162957 0.077449 0.077210
0 0.866870 0.243750 0.092186 0.096875
0 0.754371 0.193750 0.098437 0.100000
0 0.880148 0.130469 0.106248 0.107813
0 0.782496 0.025781 0.101562 0.051562
0 0.983825 0.146875 0.032350 0.100000
0 0.975389 0.298438 0.049222 0.096875
0 0.960388 0.476563 0.079223 0.112500
0 0.982513 0.566406 0.034974 0.101563
0 0.074482 0.025907 0.050518 0.051813