0 0.058897 0.113972 0.117793 0.111363
0 0.095600 0.138308 0.083411 0.101623
0 0.968160 0.986482 0.063680 0.027036
0 0.984389 0.854294 0.031222 0.099400
0 0.843264 0.855306 0.090674 0.087228
0 0.666451 0.830959 0.097150 0.102332
0 0.551813 0.791451 0.064767 0.064767
0 0.442358 0.131294 0.120466 0.107878
0 0.357513 0.146373 0.098446 0.101036
0 0.979275 0.628238 0.041450 0.059585
0 0.849741 0.270078 0.139896 0.071244
0 0.752591 0.262306 0.075130 0.099741
0 0.638601 0.051166 0.085492 0.068653
0 0.145725 0.158679 0.034974 0.073834
0 0.698834 0.288860 0.050518 0.041451