0 0.076242 0.980625 0.079689 0.038750
0 0.027574 0.973594 0.055148 0.052812
0 0.193432 0.039063 0.101562 0.078125
0 0.330150 0.042098 0.093751 0.084196
0 0.160621 0.209375 0.092186 0.100000
0 0.225462 0.265038 0.084374 0.079299
0 0.204369 0.417188 0.104688 0.134375
0 0.357926 0.977332 0.074304 0.045336
0 0.709055 0.158313 0.092186 0.080874
0 0.638363 0.200379 0.061700 0.071742
0 0.807496 0.222188 0.076563 0.081250
0 0.816088 0.283906 0.071877 0.064062
0 0.757493 0.385469 0.076563 0.073437
0 0.719992 0.469844 0.067186 0.079687
0 0.717651 0.579743 0.065626 0.081765
0 0.792865 0.577710 0.072300 0.082921
0 0.697338 0.977332 0.081249 0.045336
0 0.613743 0.977500 0.060935 0.045000
0 0.260363 0.099093 0.069948 0.076425
0 0.097798 0.235751 0.066062 0.119171