0 0.784936 0.011540 0.064352 0.023080
0 0.751721 0.029704 0.045670 0.059408
0 0.808808 0.056812 0.070580 0.067466
0 0.846689 0.120125 0.069541 0.077844
0 0.422698 0.981721 0.080958 0.036558
0 0.402977 0.935937 0.083035 0.094453
0 0.483417 0.851347 0.090301 0.110022
0 0.527527 0.716416 0.093413 0.099641
0 0.428404 0.596534 0.081996 0.096528
0 0.261300 0.579928 0.096529 0.092375
0 0.336030 0.741325 0.092374 0.085109
0 0.292437 0.700847 0.077846 0.064353
0 0.534276 0.358331 0.088224 0.095491
0 0.983286 0.284638 0.033428 0.089263
0 0.166327 0.161644 0.095490 0.096528
0 0.164771 0.288788 0.071619 0.066428
0 0.075509 0.470947 0.044631 0.065391
0 0.306448 0.355734 0.074730 0.084072
0 0.203175 0.311103 0.055009 0.059162
0 0.394155 0.350547 0.061236 0.059162
0 0.283094 0.470425 0.057086 0.062275
0 0.230679 0.835778 0.078885 0.072656
0 0.227568 0.983278 0.099640 0.033444
0 0.173593 0.984317 0.051897 0.031366