0 0.040522 0.959095 0.081044 0.081809
0 0.875437 0.893945 0.109230 0.109133
0 0.605592 0.744803 0.104879 0.098477
0 0.454678 0.798340 0.090644 0.068183
0 0.563203 0.696957 0.117118 0.101168
0 0.503974 0.629555 0.095679 0.098403
0 0.974093 0.391944 0.051813 0.075363
0 0.799604 0.270234 0.099617 0.095287
0 0.820963 0.187075 0.093826 0.097019
0 0.761658 0.187176 0.059585 0.053109
0 0.235751 0.200934 0.093264 0.090091
0 0.680052 0.680052 0.080311 0.072539
0 0.255829 0.124352 0.089378 0.088083
0 0.151554 0.134973 0.088083 0.083417
0 0.136968 0.044144 0.092589 0.074497
0 0.176813 0.031602 0.058290 0.063203
0 0.084945 0.020773 0.092689 0.041545
0 0.864109 0.028570 0.057233 0.057139
0 0.878238 0.925801 0.106218 0.075859
0 0.677461 0.736399 0.044041 0.040155
0 0.343912 0.150907 0.058290 0.058290
0 0.053756 0.753238 0.079016 0.073834