0 0.878886 0.975389 0.136010 0.049222
0 0.023964 0.788563 0.047927 0.109403
0 0.513601 0.287779 0.086788 0.080739
0 0.678903 0.264597 0.085199 0.078416
0 0.198834 0.128238 0.110104 0.095855
0 0.115285 0.257772 0.077720 0.062176
0 0.197119 0.032724 0.137940 0.065448
0 0.080311 0.029793 0.072539 0.059585
0 0.304404 0.026554 0.041451 0.053108
0 0.358161 0.413860 0.055699 0.050518
0 0.534326 0.534326 0.047927 0.042746
0 0.766192 0.813472 0.060881 0.044041
0 0.619171 0.288860 0.044041 0.056995
0 0.613990 0.738990 0.046632 0.066062