0 0.030858 0.627344 0.061715 0.070312
0 0.054680 0.885156 0.073438 0.070312
0 0.010544 0.884375 0.021088 0.081250
0 0.228119 0.679688 0.079689 0.068750
0 0.449992 0.969688 0.114064 0.060624
0 0.424993 0.894844 0.123436 0.095312
0 0.678901 0.930781 0.093751 0.098438
0 0.522649 0.546406 0.096876 0.079687
0 0.510932 0.622969 0.095311 0.076562
0 0.557805 0.475313 0.079689 0.084375
0 0.632183 0.482187 0.069062 0.079375
0 0.732805 0.382772 0.085940 0.076425
0 0.977731 0.432344 0.044537 0.079687
0 0.647650 0.214844 0.071877 0.073437
0 0.708586 0.196094 0.068752 0.070312
0 0.705620 0.117969 0.056565 0.048437
0 0.712492 0.014844 0.070312 0.029687
0 0.838273 0.035938 0.090625 0.071875
0 0.969139 0.227344 0.061722 0.057812
0 0.665933 0.053125 0.073438 0.056250