0 0.012463 0.582003 0.024926 0.069541
0 0.209679 0.506753 0.072657 0.080959
0 0.062808 0.913622 0.075769 0.085109
0 0.317102 0.852903 0.077846 0.081997
0 0.435946 0.868472 0.074730 0.079922
0 0.362255 0.518172 0.078885 0.072656
0 0.385087 0.446553 0.070580 0.056047
0 0.461895 0.383241 0.074730 0.056047
0 0.512232 0.495856 0.092374 0.086147
0 0.560496 0.679569 0.078885 0.077844
0 0.531436 0.652584 0.041515 0.067466
0 0.631598 0.567472 0.096529 0.092375
0 0.732793 0.489109 0.095490 0.097566
0 0.628998 0.403481 0.097567 0.102756
0 0.646125 0.291903 0.096529 0.103794
0 0.675707 0.167350 0.103795 0.107944
0 0.752514 0.275816 0.095490 0.094453
0 0.569318 0.047866 0.102756 0.095732
0 0.573990 0.110784 0.095490 0.073694
0 0.853193 0.328231 0.083035 0.080959
0 0.905091 0.391025 0.064352 0.071616
0 0.767047 0.619369 0.085112 0.081997
0 0.800257 0.765200 0.101717 0.105869
0 0.881736 0.786475 0.065391 0.071616
0 0.822056 0.829550 0.060198 0.053972
0 0.677784 0.833703 0.101717 0.099641
0 0.972265 0.979127 0.055469 0.041745