0 0.617494 0.050000 0.089060 0.090625
0 0.516712 0.369531 0.090625 0.092188
0 0.445620 0.425000 0.095311 0.100000
0 0.377648 0.373437 0.096876 0.118750
0 0.319058 0.322656 0.073437 0.082812
0 0.273745 0.394531 0.085940 0.104688
0 0.165932 0.693750 0.089060 0.093750
0 0.232338 0.646875 0.093751 0.093750
0 0.235464 0.780469 0.109374 0.101562
0 0.090149 0.853125 0.087500 0.103125
0 0.254212 0.890625 0.106248 0.106250
0 0.383899 0.800000 0.087500 0.112500
0 0.471399 0.830469 0.109374 0.114062
0 0.455776 0.909375 0.090625 0.068750
0 0.587024 0.980625 0.103123 0.038750
0 0.792494 0.968906 0.098437 0.062188
0 0.604275 0.571891 0.079016 0.089378
0 0.159326 0.957902 0.075130 0.060881