0 0.143675 0.980570 0.067572 0.038860
0 0.534326 0.952130 0.086788 0.095739
0 0.353093 0.895653 0.096923 0.102476
0 0.162911 0.889047 0.093866 0.099400
0 0.287900 0.736397 0.110558 0.102444
0 0.223718 0.714081 0.084742 0.092300
0 0.373604 0.702419 0.105487 0.119684
0 0.532402 0.729527 0.126907 0.122266
0 0.766387 0.673755 0.113084 0.103987
0 0.237863 0.432642 0.091631 0.082902
0 0.466918 0.450875 0.107512 0.109544
0 0.413667 0.569041 0.106497 0.092300
0 0.513899 0.404646 0.093963 0.104629
0 0.819876 0.599093 0.111544 0.099741
0 0.516839 0.300286 0.088083 0.090209
0 0.769430 0.191062 0.088083 0.091969
0 0.569301 0.220996 0.063472 0.084479
0 0.674870 0.066642 0.106218 0.097015
0 0.936532 0.041854 0.101426 0.083708
0 0.849258 0.768447 0.070914 0.080936
0 0.915730 0.795864 0.088228 0.061122
0 0.945152 0.982558 0.086212 0.034884
0 0.982465 0.024611 0.035070 0.049222
0 0.683938 0.213083 0.064767 0.050518
0 0.596503 0.299223 0.060881 0.069948
0 0.687824 0.652850 0.080311 0.090674
0 0.736399 0.593264 0.066062 0.067358
0 0.806347 0.961140 0.042746 0.077720
0 0.768135 0.941062 0.059585 0.055699
0 0.298575 0.424223 0.040155 0.045337
0 0.279145 0.465674 0.045337 0.037565
0 0.386658 0.475389 0.066062 0.067358
0 0.987694 0.955959 0.024611 0.067358