0 0.919779 0.855671 0.111218 0.107715
0 0.569212 0.770063 0.103085 0.093556
0 0.413179 0.652202 0.090741 0.066062
0 0.167974 0.811209 0.099285 0.094422
0 0.119171 0.748413 0.088083 0.095271
0 0.676194 0.529678 0.102216 0.092688
0 0.712224 0.380181 0.085915 0.091969
0 0.564767 0.330311 0.085492 0.069948
0 0.459845 0.237694 0.090674 0.091969
0 0.027851 0.362315 0.055697 0.078478
0 0.499915 0.012544 0.080563 0.025088
0 0.541624 0.031088 0.082556 0.062176
0 0.471503 0.706606 0.062176 0.047927
0 0.243523 0.731218 0.080311 0.040155
0 0.018135 0.897668 0.036269 0.051813