0 0.820315 0.969283 0.092530 0.061434
0 0.771014 0.974481 0.097887 0.051037
0 0.252287 0.922972 0.096463 0.100484
0 0.152945 0.934234 0.100486 0.084894
0 0.132772 0.849093 0.066062 0.066062
0 0.164955 0.824736 0.063872 0.076934
0 0.084945 0.797800 0.092689 0.087491
0 0.178338 0.636678 0.094101 0.097888
0 0.066752 0.741059 0.108283 0.100484
0 0.785743 0.455631 0.082292 0.085759
0 0.862813 0.823000 0.059823 0.068279
0 0.427885 0.665483 0.066509 0.065407
0 0.934926 0.301438 0.075744 0.068434
0 0.894430 0.223475 0.066062 0.080563
0 0.641942 0.236038 0.092689 0.077962
0 0.529330 0.238203 0.080563 0.085759
0 0.200638 0.339553 0.057274 0.059772
0 0.680924 0.169334 0.068432 0.060637
0 0.697384 0.223909 0.052842 0.060637
0 0.022333 0.097003 0.044666 0.040713
0 0.344560 0.953368 0.059585 0.041451
0 0.454016 0.805699 0.053109 0.056995
0 0.355570 0.654793 0.063472 0.068653