0 0.141086 0.041406 0.087500 0.082812
0 0.312965 0.511719 0.074998 0.076562
0 0.298117 0.538281 0.082814 0.060938
0 0.199681 0.584375 0.060936 0.075000
0 0.262181 0.600000 0.051564 0.075000
0 0.402805 0.926875 0.098437 0.075000
0 0.253590 0.890938 0.065626 0.059375
0 0.572494 0.014063 0.060936 0.028125
0 0.809214 0.120312 0.087500 0.078125
0 0.891243 0.054687 0.085939 0.078125
0 0.764682 0.491406 0.076563 0.076562
0 0.583431 0.502044 0.082814 0.074037
0 0.459215 0.439844 0.071877 0.064062
0 0.764682 0.731250 0.073437 0.087500
0 0.766242 0.950313 0.076563 0.062500
0 0.973358 0.790937 0.053284 0.065625
0 0.952183 0.871406 0.064061 0.054688
0 0.905306 0.899531 0.067186 0.054688
0 0.944367 0.725313 0.057815 0.040625
0 0.918588 0.177656 0.093751 0.076562