0 0.724524 0.041898 0.086358 0.083796
0 0.667856 0.036502 0.045877 0.073003
0 0.669205 0.126975 0.089056 0.105247
0 0.768379 0.119553 0.103898 0.087706
0 0.847988 0.165431 0.063417 0.060719
0 0.874975 0.196466 0.063417 0.055322
0 0.780519 0.216031 0.079609 0.080959
0 0.750839 0.273375 0.071515 0.066116
0 0.991122 0.242341 0.017756 0.093103
0 0.964134 0.542563 0.071731 0.059369
0 0.946594 0.615425 0.106812 0.105247
0 0.956040 0.400884 0.087920 0.094453
0 0.864851 0.386719 0.102549 0.106597
0 0.797388 0.471050 0.113341 0.110644
0 0.731273 0.406281 0.075562 0.072862
0 0.692817 0.378622 0.063417 0.060719
0 0.695515 0.329372 0.052621 0.051275
0 0.635473 0.469025 0.110643 0.079609
0 0.747464 0.568875 0.083655 0.101197
0 0.704285 0.598559 0.099847 0.058019
0 0.751511 0.645784 0.089056 0.090403
0 0.828422 0.813775 0.091753 0.094453
0 0.862154 0.847506 0.078260 0.080959
0 0.993819 0.887312 0.012361 0.106597
0 0.721154 0.759128 0.079609 0.082309
0 0.737345 0.908900 0.076911 0.076909
0 0.880371 0.965581 0.087707 0.068837
0 0.020453 0.762500 0.040905 0.110644
0 0.049871 0.840759 0.091753 0.107944
0 0.053946 0.975702 0.107892 0.048595
0 0.943111 0.025707 0.086358 0.051414
0 0.111808 0.963253 0.064085 0.073493
0 0.807540 0.323493 0.049768 0.048405