0 0.800283 0.014190 0.102643 0.028380
0 0.702701 0.040212 0.092524 0.080424
0 0.632582 0.015634 0.111319 0.031268
0 0.344890 0.025033 0.088186 0.050066
0 0.229961 0.042380 0.083848 0.084760
0 0.443200 0.089097 0.093972 0.089631
0 0.364409 0.147650 0.095415 0.093969
0 0.010889 0.030091 0.021777 0.060182
0 0.075994 0.313903 0.117101 0.131556
0 0.159123 0.340647 0.072286 0.075175
0 0.927502 0.486662 0.122882 0.115656
0 0.867507 0.604488 0.101200 0.085297
0 0.866783 0.687613 0.108424 0.109872
0 0.591382 0.580631 0.095415 0.069394
0 0.569696 0.650025 0.086743 0.080959
0 0.748240 0.879891 0.096862 0.112762
0 0.851607 0.960907 0.104091 0.078186
0 0.381033 0.974641 0.091077 0.050717
0 0.269714 0.775078 0.085296 0.105534
0 0.057923 0.716528 0.052043 0.098306
0 0.010167 0.628341 0.020334 0.080959
0 0.368523 0.224093 0.089378 0.090674
0 0.678109 0.087435 0.071244 0.086788
0 0.211788 0.854275 0.037565 0.040155
0 0.382124 0.692358 0.067358 0.068653