0 0.278588 0.068823 0.100002 0.093604
0 0.355931 0.125000 0.101562 0.087500
0 0.482696 0.098587 0.101965 0.087800
0 0.548899 0.205469 0.078123 0.092188
0 0.624682 0.215625 0.079689 0.100000
0 0.666666 0.239249 0.044907 0.078497
0 0.455933 0.246875 0.104688 0.115625
0 0.323120 0.325781 0.101562 0.082812
0 0.225464 0.332197 0.100002 0.091856
0 0.319301 0.389552 0.086788 0.044730
0 0.209200 0.393750 0.107520 0.084375
0 0.123333 0.542188 0.088636 0.084375
0 0.404369 0.476684 0.079688 0.090674
0 0.492649 0.482812 0.096876 0.096875
0 0.587180 0.464844 0.107813 0.098437
0 0.720878 0.461027 0.099787 0.090447
0 0.641870 0.555469 0.079688 0.067188
0 0.565307 0.540625 0.082814 0.068750
0 0.448902 0.764844 0.090625 0.082813
0 0.538742 0.730469 0.060936 0.073438
0 0.598117 0.723437 0.070312 0.071875
0 0.046558 0.895312 0.092186 0.090625
0 0.978357 0.189062 0.043286 0.084375
0 0.981481 0.970312 0.037038 0.059375
0 0.027850 0.541451 0.055699 0.062176