0 0.980163 0.357313 0.039674 0.098753
0 0.627678 0.199936 0.086612 0.081994
0 0.591130 0.151641 0.094943 0.096028
0 0.164508 0.401922 0.129534 0.125606
0 0.360104 0.606140 0.082902 0.087927
0 0.544041 0.727634 0.082902 0.104816
0 0.545984 0.867984 0.076425 0.080528
0 0.496000 0.488937 0.083129 0.076320
0 0.495466 0.092597 0.084197 0.078976
0 0.573834 0.074447 0.093264 0.094490
0 0.615559 0.023163 0.107414 0.046325
0 0.790803 0.645056 0.068653 0.082859
0 0.904793 0.224093 0.084197 0.077720
0 0.501943 0.407383 0.104922 0.094560
0 0.841321 0.334845 0.060881 0.071244
0 0.695596 0.481865 0.069948 0.041451
0 0.674223 0.259067 0.081606 0.051813
0 0.651554 0.788860 0.090674 0.072539