0 0.979275 0.974741 0.041450 0.050518
0 0.868814 0.813959 0.094329 0.086212
0 0.823680 0.742453 0.085202 0.071000
0 0.825716 0.827533 0.079137 0.091048
0 0.576192 0.743975 0.097370 0.096356
0 0.458537 0.859603 0.077085 0.086212
0 0.364208 0.830188 0.105487 0.096356
0 0.254624 0.746667 0.135829 0.125457
0 0.184585 0.753285 0.071244 0.110196
0 0.510265 0.594369 0.113599 0.111572
0 0.941710 0.315415 0.103627 0.112694
0 0.326425 0.110751 0.082902 0.066062
0 0.325777 0.615933 0.079016 0.104922
0 0.044689 0.441710 0.089378 0.103627
0 0.151554 0.657383 0.098446 0.086788
0 0.579663 0.632772 0.050518 0.047927
0 0.608161 0.645725 0.029793 0.047927
0 0.604275 0.560233 0.042746 0.040155