0 0.139400 0.878137 0.107522 0.100710
0 0.389233 0.842475 0.121439 0.108787
0 0.344498 0.992709 0.069701 0.014582
0 0.610603 0.965512 0.111319 0.068976
0 0.597463 0.910784 0.107812 0.070837
0 0.640965 0.862716 0.103729 0.103728
0 0.708005 0.836150 0.050600 0.065778
0 0.963425 0.867775 0.073150 0.096137
0 0.972279 0.714712 0.055441 0.101197
0 0.799087 0.728628 0.096138 0.080959
0 0.828814 0.796191 0.074636 0.069350
0 0.549254 0.705225 0.077165 0.079694
0 0.351285 0.735584 0.058191 0.054394
0 0.409921 0.712181 0.036314 0.060719
0 0.470341 0.551531 0.037647 0.060719
0 0.554945 0.250466 0.070838 0.080959
0 0.594157 0.177728 0.053129 0.049334
0 0.615030 0.252997 0.069574 0.073369
0 0.928111 0.020241 0.098667 0.040478
0 0.873718 0.019606 0.070838 0.039212
0 0.964689 0.055659 0.070622 0.106259
0 0.954676 0.163181 0.086019 0.106259
0 0.921790 0.296637 0.103729 0.110053
0 0.812999 0.288416 0.091077 0.093609