0 0.135363 0.595207 0.076425 0.086788
0 0.080797 0.673575 0.063795 0.067358
0 0.261401 0.783594 0.078123 0.070312
0 0.392649 0.848437 0.081249 0.075000
0 0.377026 0.916147 0.090625 0.066670
0 0.204672 0.220920 0.080294 0.091839
0 0.224502 0.109124 0.110582 0.074499
0 0.126295 0.042746 0.071244 0.064767
0 0.989294 0.096875 0.021412 0.093750
0 0.935621 0.162500 0.085939 0.093750
0 0.895725 0.120515 0.079016 0.103530
0 0.977575 0.179687 0.044850 0.096875
0 0.974451 0.310156 0.051097 0.092187
0 0.497336 0.685881 0.071877 0.071244
0 0.416087 0.677344 0.068752 0.067187
0 0.534057 0.848810 0.079689 0.083630
0 0.962732 0.782205 0.074536 0.098089
0 0.917969 0.791406 0.058736 0.085938
0 0.392487 0.050518 0.056995 0.056995