0 0.530353 0.796001 0.094734 0.117910
0 0.458732 0.722150 0.102216 0.089378
0 0.322344 0.707902 0.096245 0.097150
0 0.057642 0.637071 0.115284 0.113520
0 0.020725 0.700034 0.041450 0.112886
0 0.035325 0.912128 0.070650 0.084894
0 0.724672 0.561728 0.103950 0.111747
0 0.862838 0.363979 0.090954 0.113968
0 0.767058 0.352979 0.104064 0.104922
0 0.085492 0.698187 0.080311 0.075130
0 0.037565 0.780440 0.075130 0.104922
0 0.031088 0.852979 0.062176 0.050518
0 0.365285 0.729922 0.072539 0.102332
0 0.244819 0.893782 0.062176 0.075130
0 0.694301 0.377591 0.077720 0.076425
0 0.841969 0.157383 0.080311 0.117876
0 0.808938 0.773316 0.094560 0.098446
0 0.683938 0.139249 0.067358 0.066062