0 0.170337 0.953891 0.107513 0.092217
0 0.042535 0.908288 0.085070 0.118672
0 0.345277 0.806070 0.094419 0.112139
0 0.261658 0.829663 0.093264 0.089378
0 0.533679 0.809058 0.111399 0.128478
0 0.306967 0.736298 0.095800 0.099539
0 0.484696 0.627841 0.099400 0.095344
0 0.470058 0.531017 0.088381 0.098303
0 0.423332 0.547713 0.088242 0.103456
0 0.344217 0.543147 0.096355 0.098384
0 0.305677 0.611613 0.092299 0.081144
0 0.289956 0.509381 0.079115 0.070575
0 0.376675 0.440197 0.080130 0.071000
0 0.410149 0.492941 0.094329 0.077084
0 0.105602 0.331736 0.110039 0.113729
0 0.038212 0.154763 0.076424 0.102273
0 0.091127 0.120375 0.087176 0.080494
0 0.102820 0.044122 0.092299 0.086213
0 0.556709 0.144534 0.109543 0.102444
0 0.591202 0.209631 0.097389 0.098019
0 0.557724 0.083678 0.101426 0.094328
0 0.480639 0.147072 0.091283 0.091284
0 0.371250 0.127304 0.063199 0.082180
0 0.401017 0.027894 0.112584 0.055784
0 0.517717 0.031088 0.086328 0.062176
0 0.031886 0.088244 0.063772 0.062884
0 0.788860 0.979922 0.101036 0.040155
0 0.861504 0.983161 0.116645 0.033678
0 0.091321 0.250000 0.079016 0.067358
0 0.310881 0.400907 0.072539 0.079016
0 0.345207 0.018135 0.042746 0.036269
0 0.518782 0.564767 0.034974 0.080311
0 0.624352 0.595855 0.020725 0.054404