0 0.039638 0.983161 0.079276 0.033678
0 0.307967 0.902441 0.086626 0.086310
0 0.775744 0.788253 0.090090 0.086625
0 0.458696 0.806777 0.091824 0.072103
0 0.741961 0.250217 0.091824 0.078154
0 0.817710 0.245035 0.082197 0.088517
0 0.976684 0.652612 0.046632 0.077245
0 0.922577 0.520150 0.094423 0.082294
0 0.897455 0.377650 0.085761 0.093556
0 0.977530 0.261668 0.044939 0.067377
0 0.050518 0.601036 0.093264 0.093264
0 0.031736 0.663860 0.063472 0.047927
0 0.231218 0.895725 0.068653 0.079016
0 0.276554 0.816062 0.063472 0.072539
0 0.924870 0.250648 0.062176 0.066062
0 0.930699 0.651554 0.058290 0.056995
0 0.674870 0.841321 0.082902 0.084197
0 0.615933 0.082902 0.068653 0.072539
0 0.259067 0.957254 0.046632 0.075130
0 0.134067 0.775259 0.047927 0.060881