0 0.022411 0.670412 0.044821 0.080959
0 0.010363 0.784801 0.020725 0.057340
0 0.194234 0.645409 0.084530 0.095247
0 0.810357 0.153706 0.085719 0.078578
0 0.771662 0.195969 0.079768 0.067863
0 0.985540 0.872806 0.028919 0.066672
0 0.894887 0.755538 0.064291 0.072625
0 0.741300 0.638862 0.064291 0.067863
0 0.687725 0.644813 0.071435 0.086912
0 0.740111 0.779944 0.050003 0.069053
0 0.534740 0.759109 0.086912 0.103578
0 0.472235 0.644813 0.111912 0.125009
0 0.579385 0.374556 0.085719 0.051194
0 0.659751 0.344197 0.048814 0.054766
0 0.384133 0.385269 0.097628 0.094056
0 0.418063 0.129894 0.086912 0.097625