0 0.965927 0.707791 0.068146 0.075006
0 0.705050 0.264900 0.034526 0.025003
0 0.727671 0.308356 0.089291 0.090484
0 0.642545 0.295856 0.076196 0.084531
0 0.678265 0.369075 0.057147 0.059528
0 0.599089 0.367291 0.089291 0.096434
0 0.462173 0.297641 0.101200 0.088103
0 0.505037 0.308356 0.046431 0.035716
0 0.482416 0.423247 0.082151 0.086913
0 0.536584 0.644097 0.083340 0.083341
0 0.434199 0.650644 0.085719 0.084531
0 0.354430 0.685766 0.095245 0.090484
0 0.422289 0.042859 0.080958 0.078578
0 0.387170 0.106556 0.084529 0.091675
0 0.208585 0.014287 0.089291 0.028574
0 0.225848 0.115484 0.085719 0.088103
0 0.080599 0.019644 0.078579 0.039287
0 0.090718 0.171441 0.086912 0.073816
0 0.109767 0.211922 0.084529 0.088103
0 0.160367 0.788156 0.088102 0.085722
0 0.053217 0.511944 0.066669 0.078578
0 0.062147 0.039884 0.051192 0.044050
0 0.039508 0.968264 0.079016 0.063472
0 0.264896 0.413212 0.081606 0.069948
0 0.101036 0.441062 0.067358 0.060881
0 0.792098 0.902202 0.076425 0.073834
0 0.813472 0.729922 0.069948 0.073834
0 0.564119 0.699482 0.066062 0.080311
0 0.945596 0.064119 0.082902 0.084197