0 0.871082 0.432787 0.083035 0.098603
0 0.889765 0.301488 0.056047 0.076806
0 0.653115 0.532947 0.066430 0.066428
0 0.928686 0.211706 0.086146 0.102756
0 0.445530 0.040723 0.089262 0.081446
0 0.168404 0.072625 0.103795 0.104831
0 0.248845 0.094422 0.104829 0.096528
0 0.270122 0.208594 0.128705 0.123512
0 0.018293 0.213784 0.036586 0.088225
0 0.163216 0.285400 0.110022 0.090300
0 0.341740 0.325878 0.091340 0.104831
0 0.386889 0.357019 0.106906 0.106906
0 0.542576 0.405800 0.071619 0.075769
0 0.013622 0.542806 0.027244 0.086147
0 0.017254 0.670991 0.034508 0.103794
0 0.021926 0.850034 0.043852 0.123512
0 0.095230 0.868197 0.123516 0.101716
0 0.239501 0.711991 0.123516 0.123512
0 0.340702 0.500772 0.105867 0.076806
0 0.374951 0.559412 0.107945 0.098603
0 0.412837 0.651791 0.100679 0.102756
0 0.529082 0.766481 0.092374 0.097566
0 0.337068 0.993779 0.113134 0.012442
0 0.134151 0.978210 0.126627 0.043580