0 0.078656 0.647669 0.093412 0.093413
0 0.180373 0.640403 0.072657 0.070578
0 0.201128 0.594216 0.051897 0.061238
0 0.263403 0.754575 0.064352 0.072656
0 0.068273 0.798687 0.043592 0.036328
0 0.176740 0.420362 0.055009 0.091337
0 0.155458 0.341478 0.066430 0.068503
0 0.144564 0.256369 0.081996 0.089262
0 0.068273 0.255850 0.083035 0.086147
0 0.038174 0.322797 0.051897 0.074731
0 0.136259 0.158803 0.073691 0.074731
0 0.241609 0.176966 0.095490 0.098603
0 0.277419 0.229381 0.042554 0.064353
0 0.232787 0.271419 0.084074 0.090300
0 0.359932 0.012456 0.085112 0.024909
0 0.403524 0.034772 0.083035 0.069541
0 0.354743 0.137006 0.085112 0.095491
0 0.449711 0.196169 0.084074 0.087188
0 0.422729 0.265191 0.073691 0.048781
0 0.356820 0.249622 0.053970 0.065391
0 0.376020 0.352378 0.073691 0.040478
0 0.437256 0.321759 0.079919 0.087188
0 0.397297 0.447347 0.080958 0.053972
0 0.633430 0.216409 0.084074 0.063313
0 0.625125 0.269863 0.079919 0.066428
0 0.515102 0.341997 0.063314 0.063312
0 0.430512 0.652859 0.074730 0.062275
0 0.422729 0.734853 0.050859 0.058125
0 0.793267 0.728109 0.069541 0.050859
0 0.724248 0.754056 0.080958 0.069541
0 0.607481 0.791941 0.067464 0.039441
0 0.687400 0.806472 0.069541 0.049822
0 0.721132 0.939328 0.064352 0.070578
0 0.028948 0.972777 0.057896 0.054445
0 0.876302 0.963200 0.061236 0.060200
0 0.932871 0.387666 0.093412 0.100678
0 0.884607 0.526750 0.042554 0.063313
0 0.940137 0.011419 0.066430 0.022834
0 0.884085 0.011938 0.056047 0.023872
0 0.839976 0.011419 0.044631 0.022834