0 0.042783 0.890689 0.059512 0.081897
0 0.139408 0.918020 0.096831 0.083649
0 0.330507 0.893953 0.087491 0.092688
0 0.148599 0.783021 0.118675 0.099721
0 0.048575 0.644041 0.068653 0.079694
0 0.144265 0.392828 0.087491 0.081428
0 0.104381 0.265922 0.094347 0.082294
0 0.347559 0.076823 0.086310 0.091470
0 0.374675 0.166738 0.077075 0.088356
0 0.469543 0.909974 0.119545 0.104922
0 0.424830 0.047710 0.090754 0.085927
0 0.524611 0.982513 0.080311 0.034974
0 0.045984 0.392487 0.068653 0.069948
0 0.045984 0.176166 0.066062 0.064767
0 0.090026 0.229922 0.055699 0.042746