0 0.044860 0.449972 0.089720 0.118647
0 0.336085 0.875703 0.107480 0.113063
0 0.397505 0.863838 0.062811 0.086541
0 0.293512 0.932234 0.083749 0.094916
0 0.213255 0.735422 0.107480 0.106084
0 0.373079 0.532325 0.092125 0.101897
0 0.306776 0.569316 0.079562 0.061416
0 0.102984 0.518369 0.099104 0.087938
0 0.181845 0.228731 0.103292 0.080959
0 0.269787 0.285963 0.103292 0.106084
0 0.172774 0.016657 0.062811 0.033314
0 0.641077 0.008980 0.120043 0.017960
0 0.583150 0.105897 0.073978 0.067000
0 0.906289 0.022938 0.094916 0.045876
0 0.406576 0.764034 0.103292 0.110272
0 0.736538 0.935722 0.107792 0.107478
0 0.933507 0.952472 0.096312 0.076772
0 0.504284 0.287356 0.092125 0.083750
0 0.520339 0.214075 0.087937 0.085147
0 0.823235 0.648181 0.118647 0.129813
0 0.953143 0.484169 0.093713 0.108875
0 0.856037 0.250369 0.092125 0.104687
0 0.988342 0.147313 0.023316 0.057706
0 0.420535 0.375994 0.058623 0.034897
0 0.834197 0.965026 0.106218 0.069948