0 0.106578 0.182328 0.069227 0.072766
0 0.486399 0.294941 0.091969 0.081428
0 0.547105 0.365975 0.087491 0.084894
0 0.441425 0.514534 0.073630 0.070166
0 0.340113 0.415533 0.058117 0.057535
0 0.255779 0.358161 0.066161 0.055699
0 0.279793 0.503706 0.069948 0.071031
0 0.244787 0.541391 0.064968 0.058038
0 0.061528 0.781491 0.071244 0.078527
0 0.018226 0.850209 0.036452 0.084894
0 0.532812 0.836347 0.095288 0.086625
0 0.606267 0.810116 0.082802 0.094794
0 0.566618 0.980570 0.091784 0.038860
0 0.722150 0.770554 0.066062 0.083243
0 0.843364 0.602459 0.094423 0.083159
0 0.774708 0.458549 0.080118 0.072539
0 0.670983 0.502591 0.087491 0.067358
0 0.832902 0.380266 0.080311 0.078828
0 0.762369 0.285847 0.095288 0.078828
0 0.468713 0.572141 0.076229 0.072766
0 0.658273 0.972798 0.062661 0.054404
0 0.270078 0.396373 0.063472 0.038860
0 0.477332 0.443653 0.060881 0.053109
0 0.141839 0.404793 0.058290 0.053109
0 0.741580 0.677461 0.079016 0.075130
0 0.551813 0.681995 0.062176 0.050518