0 0.257809 0.131556 0.085719 0.091675
0 0.526282 0.129175 0.117867 0.108341
0 0.535809 0.203587 0.086912 0.061909
0 0.479254 0.530397 0.090484 0.094056
0 0.525093 0.575044 0.041670 0.071434
0 0.337577 0.725056 0.083340 0.059528
0 0.030682 0.316097 0.061363 0.084531
0 0.778090 0.085722 0.119056 0.111913
0 0.851306 0.113103 0.044053 0.085722
0 0.685819 0.204181 0.115484 0.117866
0 0.829282 0.209541 0.107151 0.116675
0 0.929886 0.239303 0.098818 0.116675
0 0.974766 0.217278 0.050468 0.086913
0 0.847734 0.291687 0.127389 0.092866
0 0.983161 0.453116 0.033678 0.070453
0 0.874524 0.493491 0.097628 0.089294
0 0.805472 0.553613 0.116677 0.083341
0 0.744753 0.475038 0.100007 0.057147
0 0.706058 0.545278 0.094056 0.107150
0 0.887618 0.683981 0.097628 0.055956
0 0.583430 0.989323 0.096435 0.021354
0 0.255181 0.019430 0.085492 0.038860
0 0.857513 0.959197 0.075130 0.068653
0 0.058938 0.886010 0.081606 0.075130