0 0.463493 0.080052 0.088558 0.060104
0 0.374679 0.155258 0.104688 0.048858
0 0.810618 0.043462 0.089060 0.066199
0 0.937960 0.069564 0.071877 0.063998
0 0.484058 0.358594 0.107813 0.092188
0 0.885946 0.375065 0.100908 0.099870
0 0.882865 0.248271 0.071057 0.069081
0 0.388742 0.329688 0.092186 0.084375
0 0.287964 0.503906 0.118750 0.095312
0 0.438745 0.457031 0.110939 0.089062
0 0.309055 0.560695 0.104687 0.065139
0 0.821555 0.778455 0.104688 0.090589
0 0.138744 0.521094 0.110939 0.079688
0 0.022889 0.552344 0.045773 0.079688
0 0.238051 0.604457 0.078303 0.068288
0 0.069212 0.658594 0.056250 0.064062
0 0.246221 0.971502 0.111612 0.056994
0 0.859837 0.942587 0.068752 0.071702
0 0.931714 0.950512 0.065626 0.074600
0 0.913013 0.858906 0.043643 0.054688
0 0.990856 0.864375 0.018288 0.056250
0 0.488698 0.788860 0.079598 0.038860
0 0.806347 0.590026 0.086788 0.068653
0 0.042746 0.283031 0.085492 0.040155