0 0.018809 0.085722 0.037618 0.111913
0 0.051306 0.113103 0.044053 0.085722
0 0.041429 0.209541 0.082857 0.116675
0 0.129886 0.239303 0.098818 0.116675
0 0.184058 0.217278 0.069052 0.086913
0 0.055714 0.291687 0.111428 0.092866
0 0.426338 0.256566 0.077385 0.065481
0 0.469197 0.298238 0.075007 0.067862
0 0.485864 0.250019 0.032143 0.033334
0 0.401334 0.335741 0.089291 0.092866
0 0.239419 0.472059 0.117867 0.108341
0 0.279303 0.511350 0.078579 0.089294
0 0.074524 0.493491 0.097628 0.089294
0 0.031905 0.553613 0.063810 0.083341
0 0.415025 0.852447 0.107151 0.109531
0 0.087618 0.683981 0.097628 0.055956
0 0.842439 0.995275 0.092863 0.009450
0 0.989081 0.941738 0.021837 0.107150
0 0.885895 0.948287 0.079768 0.101197
0 0.868035 0.722675 0.089291 0.092866
0 0.839463 0.677431 0.091673 0.097625
0 0.773983 0.595284 0.077385 0.090484
0 0.725169 0.283356 0.065480 0.064291
0 0.794818 0.294069 0.073813 0.083341
0 0.818628 0.235137 0.076196 0.084531
0 0.754337 0.348838 0.061908 0.052384
0 0.575751 0.224422 0.057147 0.036906
0 0.960305 0.358956 0.040481 0.048812
0 0.986701 0.383959 0.026598 0.046431
0 0.978961 0.429200 0.042078 0.086913
0 0.919824 0.410747 0.092863 0.104769
0 0.865656 0.361337 0.060719 0.063100
0 0.857916 0.439319 0.078579 0.095247
0 0.329663 0.778497 0.071244 0.090674
0 0.247409 0.789508 0.059585 0.076425
0 0.396373 0.591321 0.069948 0.086788
0 0.055699 0.959845 0.080311 0.080310