0 0.025231 0.837813 0.050461 0.096875
0 0.040857 0.754219 0.081714 0.101562
0 0.080151 0.464375 0.084374 0.106250
0 0.134056 0.349531 0.085939 0.098438
0 0.016637 0.056563 0.033274 0.084375
0 0.044210 0.105000 0.074998 0.087500
0 0.286947 0.691062 0.068593 0.068653
0 0.406557 0.551875 0.079689 0.078125
0 0.276870 0.490938 0.092186 0.090625
0 0.651869 0.641719 0.085939 0.079688
0 0.729212 0.555000 0.112499 0.109375
0 0.736243 0.754219 0.092186 0.104688
0 0.612027 0.855781 0.090625 0.095312
0 0.968514 0.768281 0.062972 0.098438
0 0.986482 0.955959 0.027036 0.044041
0 0.826088 0.453438 0.118750 0.109375
0 0.866710 0.308125 0.071877 0.068750
0 0.572960 0.240937 0.093751 0.100000
0 0.513585 0.037500 0.106248 0.075000
0 0.988043 0.196875 0.023914 0.087500
0 0.951089 0.145313 0.081249 0.087500