0 0.012849 0.115853 0.025698 0.108875
0 0.058214 0.229616 0.116427 0.110272
0 0.013548 0.331512 0.027096 0.115853
0 0.047048 0.375481 0.094095 0.080959
0 0.186920 0.157031 0.087937 0.079563
0 0.207854 0.367803 0.101896 0.104687
0 0.070365 0.488544 0.108875 0.120041
0 0.068273 0.561825 0.099104 0.090728
0 0.094095 0.714669 0.092125 0.100500
0 0.252523 0.734209 0.062811 0.080959
0 0.243452 0.803303 0.066999 0.082353
0 0.192504 0.842388 0.093521 0.096312
0 0.306262 0.888450 0.089333 0.090728
0 0.168773 0.761428 0.071186 0.087938
0 0.357211 0.593231 0.096312 0.106084
0 0.420722 0.605097 0.072582 0.071188
0 0.480741 0.644178 0.083749 0.082353
0 0.530293 0.631616 0.060019 0.087937
0 0.516334 0.554147 0.051648 0.069791
0 0.477253 0.515062 0.065603 0.067000
0 0.448640 0.458531 0.072582 0.085147
0 0.385129 0.492731 0.068394 0.053041
0 0.434681 0.734909 0.069790 0.087938
0 0.503775 0.767709 0.082353 0.097709
0 0.499588 0.854253 0.085145 0.083750
0 0.574261 0.862628 0.080958 0.080959
0 0.461198 0.910784 0.072582 0.079563
0 0.468177 0.134844 0.069790 0.082644
0 0.970684 0.797022 0.058631 0.072584
0 0.930202 0.027916 0.075374 0.055831
0 0.974872 0.092125 0.050256 0.092125
0 0.919034 0.087241 0.078166 0.101897
0 0.951140 0.335000 0.080958 0.078166
0 0.930202 0.290334 0.030710 0.044666
0 0.973476 0.268700 0.053048 0.057228
0 0.999299 0.376875 0.001402 0.089334
0 0.277850 0.609456 0.066062 0.076425