0 0.838743 0.144531 0.070312 0.076562
0 0.791870 0.185618 0.079688 0.074360
0 0.684057 0.400259 0.089060 0.085492
0 0.787964 0.430797 0.090625 0.086593
0 0.560773 0.333339 0.083118 0.070823
0 0.362182 0.430469 0.079688 0.073437
0 0.436400 0.405469 0.100002 0.076562
0 0.274739 0.462500 0.070203 0.075000
0 0.335618 0.556250 0.095311 0.096875
0 0.135659 0.603125 0.079608 0.081250
0 0.227804 0.660156 0.085940 0.079687
0 0.307493 0.696094 0.076563 0.089062
0 0.466090 0.584375 0.093751 0.087500
0 0.958043 0.757813 0.083914 0.084375
0 0.883276 0.979688 0.090625 0.040624
0 0.630829 0.792746 0.088083 0.069948
0 0.020078 0.950130 0.040155 0.081606
0 0.762306 0.289508 0.047927 0.058290