0 0.026872 0.840694 0.053743 0.079922
0 0.111349 0.750912 0.061236 0.068503
0 0.454383 0.886881 0.076807 0.078881
0 0.400930 0.929953 0.073691 0.052934
0 0.776140 0.907641 0.099640 0.110022
0 0.909517 0.955377 0.115211 0.089246
0 0.412868 0.565122 0.091340 0.091338
0 0.478776 0.639334 0.048781 0.063312
0 0.611114 0.514781 0.105868 0.115209
0 0.770951 0.458216 0.049820 0.056047
0 0.714387 0.474822 0.038404 0.039441
0 0.858141 0.373106 0.074730 0.074731
0 0.920416 0.448356 0.062275 0.067466
0 0.987711 0.407875 0.024577 0.092375
0 0.249914 0.172784 0.060198 0.066428
0 0.257176 0.265159 0.058125 0.070578
0 0.973701 0.238175 0.052598 0.103794
0 0.447117 0.298894 0.072657 0.040478
0 0.329833 0.321728 0.074730 0.050859