0 0.081980 0.137144 0.106965 0.100712
0 0.043512 0.162500 0.087024 0.100000
0 0.051326 0.239063 0.102651 0.081250
0 0.023981 0.296988 0.047962 0.081023
0 0.035622 0.602332 0.071244 0.085492
0 0.137306 0.623057 0.069948 0.085492
0 0.646869 0.017187 0.095311 0.034374
0 0.726557 0.034375 0.089060 0.068750
0 0.562495 0.213281 0.126562 0.123437
0 0.501554 0.014896 0.079689 0.029792
0 0.733589 0.357031 0.084374 0.089062
0 0.373705 0.652202 0.081606 0.084197
0 0.212435 0.794624 0.077720 0.060751
0 0.351559 0.846503 0.064061 0.071244
0 0.249352 0.911917 0.063472 0.054404
0 0.265619 0.828906 0.079689 0.067188
0 0.871342 0.755635 0.063015 0.061269
0 0.901216 0.690220 0.060263 0.069560
0 0.813179 0.676158 0.049807 0.041435
0 0.783587 0.728906 0.068752 0.076563
0 0.955959 0.011010 0.072539 0.022020