0 0.156444 0.045894 0.107414 0.091787
0 0.311502 0.032901 0.090090 0.065802
0 0.710245 0.151994 0.128733 0.120409
0 0.065488 0.452402 0.091821 0.096514
0 0.653497 0.455850 0.071244 0.082684
0 0.404452 0.529151 0.086107 0.081617
0 0.272219 0.489637 0.066961 0.054404
0 0.281063 0.678223 0.093315 0.076196
0 0.177069 0.672507 0.081096 0.080765
0 0.186568 0.740178 0.098366 0.097887
0 0.643135 0.643135 0.097150 0.091969
0 0.877629 0.663513 0.094484 0.097019
0 0.361934 0.941726 0.092193 0.103658
0 0.102979 0.926166 0.081606 0.090674
0 0.719144 0.968912 0.082437 0.062176
0 0.710492 0.403497 0.091969 0.091969