0 0.968961 0.693356 0.062078 0.089709
0 0.992482 0.605834 0.015036 0.078772
0 0.364101 0.026126 0.084243 0.052252
0 0.463111 0.058269 0.063455 0.064547
0 0.323620 0.027767 0.051418 0.055534
0 0.047927 0.216906 0.082053 0.082053
0 0.440683 0.457594 0.073301 0.071113
0 0.376137 0.470722 0.062360 0.071113
0 0.292440 0.449934 0.067830 0.051419
0 0.121224 0.437353 0.088619 0.091900
0 0.450529 0.754075 0.090804 0.086428
0 0.631047 0.702656 0.088618 0.084241
0 0.245398 0.640297 0.083148 0.075487
0 0.128335 0.739853 0.083148 0.073300
0 0.287519 0.787991 0.092994 0.068925
0 0.245398 0.844881 0.096275 0.092994
0 0.104816 0.954987 0.103931 0.090025
0 0.756311 0.878250 0.039386 0.065641
0 0.132710 0.513388 0.072206 0.079866