0 0.039969 0.757141 0.079937 0.093413
0 0.105367 0.795025 0.075769 0.084072
0 0.224728 0.816300 0.077846 0.080959
0 0.290636 0.959534 0.064352 0.070578
0 0.246005 0.951750 0.045670 0.061237
0 0.387165 0.748316 0.083035 0.090300
0 0.512232 0.742091 0.077846 0.073694
0 0.483689 0.787241 0.058125 0.056047
0 0.496144 0.809034 0.039442 0.033213
0 0.607205 0.720813 0.060198 0.049822
0 0.286486 0.515822 0.060198 0.081997
0 0.444768 0.419294 0.071619 0.090300
0 0.508599 0.448356 0.047743 0.038403
0 0.211751 0.511150 0.076807 0.085109
0 0.158820 0.481050 0.062275 0.080959
0 0.433352 0.300450 0.034254 0.062275
0 0.114189 0.168634 0.066430 0.068503
0 0.934672 0.155141 0.067464 0.072656
0 0.707366 0.126597 0.075769 0.077844
0 0.641975 0.126078 0.042554 0.070578
0 0.857343 0.320691 0.053970 0.042556
0 0.718783 0.403206 0.063314 0.093413
0 0.950988 0.469631 0.098023 0.105869
0 0.929484 0.543325 0.100679 0.078881
0 0.797663 0.714066 0.108984 0.102756
0 0.829322 0.893628 0.101717 0.113134
0 0.796624 0.605081 0.036326 0.055009
0 0.882253 0.594184 0.041515 0.051897