0 0.137337 0.902600 0.115211 0.105681
0 0.026872 0.973822 0.053743 0.052356
0 0.217706 0.882995 0.064589 0.068206
0 0.187143 0.714191 0.091824 0.090956
0 0.087959 0.680515 0.096153 0.089008
0 0.304953 0.668278 0.077964 0.092688
0 0.237819 0.592916 0.101351 0.097887
0 0.206634 0.534009 0.080563 0.080562
0 0.107450 0.479434 0.123008 0.104816
0 0.028497 0.615845 0.056994 0.065888
0 0.295859 0.443053 0.104815 0.110013
0 0.214864 0.203100 0.110882 0.087491
0 0.061103 0.089191 0.096153 0.084894
0 0.141351 0.117761 0.100717 0.083131
0 0.323433 0.097998 0.073342 0.084597
0 0.148599 0.016441 0.118675 0.032881
0 0.434025 0.877044 0.076229 0.077097
0 0.612047 0.786269 0.068653 0.072539
0 0.760641 0.716184 0.074573 0.080037
0 0.446244 0.695131 0.079016 0.080562
0 0.454818 0.602444 0.091824 0.066700
0 0.394611 0.544837 0.021658 0.032919
0 0.703861 0.546138 0.113477 0.110013
0 0.362694 0.777927 0.064767 0.045182
0 0.914794 0.317327 0.095282 0.095916
0 0.836788 0.377591 0.067358 0.071244
0 0.453516 0.395409 0.084027 0.077097
0 0.521921 0.210652 0.085693 0.084516
0 0.518656 0.278031 0.110357 0.093556
0 0.469543 0.111713 0.119545 0.123006
0 0.934585 0.880829 0.081606 0.075130
0 0.891839 0.605570 0.053109 0.053109