0 0.031482 0.968125 0.062963 0.063750
0 0.103585 0.538594 0.096876 0.095312
0 0.244214 0.554219 0.074998 0.089062
0 0.040857 0.328437 0.081714 0.090625
0 0.202027 0.097134 0.090625 0.093232
0 0.269213 0.153906 0.074998 0.092188
0 0.985855 0.472969 0.028289 0.079688
0 0.628745 0.351875 0.101562 0.081250
0 0.576805 0.298750 0.097685 0.093750
0 0.361554 0.187813 0.101562 0.096875
0 0.486556 0.643750 0.082814 0.075000
0 0.924210 0.021250 0.087500 0.042500
0 0.608808 0.250648 0.049223 0.042746
0 0.969560 0.219560 0.060880 0.040155