0 0.733407 0.858030 0.052743 0.052847
0 0.785135 0.913802 0.058830 0.071127
0 0.109883 0.983161 0.075570 0.033678
0 0.080210 0.708475 0.097370 0.108528
0 0.159325 0.686669 0.097370 0.083172
0 0.765544 0.751295 0.077720 0.067358
0 0.638124 0.690307 0.081264 0.070164
0 0.526494 0.679063 0.083171 0.082156
0 0.495507 0.707969 0.084279 0.093313
0 0.552865 0.786921 0.073027 0.068645
0 0.570613 0.688191 0.057815 0.080128
0 0.046632 0.449111 0.093264 0.088825
0 0.914107 0.644310 0.073341 0.071485
0 0.692836 0.472147 0.095344 0.100412
0 0.605609 0.417378 0.107513 0.098384
0 0.715026 0.338731 0.080311 0.084197
0 0.206433 0.274813 0.104576 0.085089
0 0.849406 0.430699 0.075799 0.071244
0 0.942046 0.345855 0.074456 0.077720
0 0.977332 0.172428 0.045336 0.091284
0 0.484401 0.098894 0.090273 0.090272
0 0.403546 0.071506 0.099838 0.098384
0 0.463100 0.032456 0.120701 0.060856
0 0.131254 0.160762 0.096704 0.094328
0 0.064119 0.810233 0.084197 0.066062
0 0.637306 0.746762 0.067358 0.060881
0 0.878886 0.022021 0.058290 0.044041
0 0.816062 0.016839 0.077720 0.033678
0 0.614637 0.515544 0.063472 0.062176
0 0.641192 0.600389 0.082902 0.068653
0 0.697539 0.527850 0.084197 0.060881
0 0.561528 0.558290 0.050518 0.080311
0 0.838731 0.611399 0.068653 0.067358
0 0.639249 0.125648 0.079016 0.082902