0 0.022021 0.378119 0.044041 0.075362
0 0.191944 0.440487 0.099617 0.110013
0 0.237854 0.447419 0.085761 0.078828
0 0.390585 0.435960 0.060963 0.063630
0 0.448439 0.477804 0.061671 0.070299
0 0.012953 0.582143 0.025906 0.081385
0 0.074565 0.628641 0.086622 0.094069
0 0.276836 0.656184 0.087490 0.082294
0 0.362164 0.695166 0.081427 0.077097
0 0.320552 0.754503 0.091882 0.084894
0 0.370281 0.809692 0.087712 0.093050
0 0.071753 0.744109 0.089655 0.084894
0 0.029054 0.710325 0.058107 0.093556
0 0.017794 0.979037 0.035587 0.041926
0 0.460957 0.931653 0.088448 0.077097
0 0.480570 0.871872 0.069948 0.064987
0 0.422592 0.887475 0.067982 0.071900
0 0.406372 0.970207 0.064039 0.059585
0 0.459903 0.976005 0.056879 0.047990
0 0.011010 0.312176 0.022020 0.067358
0 0.299223 0.863342 0.077720 0.068653