0 0.178889 0.062463 0.086579 0.084331
0 0.836677 0.100128 0.079834 0.071963
0 0.778205 0.220444 0.084332 0.085456
0 0.972593 0.049531 0.054814 0.080959
0 0.967112 0.101816 0.064094 0.075338
0 0.747847 0.538656 0.073090 0.080959
0 0.919886 0.330075 0.075336 0.088828
0 0.943499 0.221006 0.093328 0.070837
0 0.065323 0.450388 0.095574 0.088828
0 0.079376 0.519541 0.083209 0.067466
0 0.164831 0.449263 0.069715 0.093328
0 0.219929 0.349191 0.103447 0.100075
0 0.336306 0.796709 0.070838 0.068591
0 0.697247 0.796147 0.068592 0.074213
0 0.445596 0.336140 0.069948 0.079016