0 0.040858 0.117188 0.081715 0.065625
0 0.048900 0.017969 0.078123 0.035937
0 0.202806 0.021373 0.073438 0.042746
0 0.015856 0.586719 0.031712 0.076563
0 0.242648 0.621875 0.062501 0.068750
0 0.174681 0.598437 0.064061 0.053125
0 0.132494 0.642187 0.051564 0.059375
0 0.090307 0.650000 0.067187 0.059375
0 0.131714 0.721094 0.074998 0.057813
0 0.191869 0.737346 0.054689 0.043442
0 0.216868 0.700000 0.079688 0.056250
0 0.525306 0.178125 0.070312 0.068750
0 0.590152 0.165625 0.078123 0.081250
0 0.545253 0.242188 0.072706 0.075000
0 0.576690 0.386456 0.066827 0.070839
0 0.595779 0.461719 0.067509 0.067188
0 0.543198 0.508420 0.056092 0.063472
0 0.499433 0.569948 0.052947 0.069948
0 0.576425 0.240933 0.036269 0.072539