0 0.158298 0.789316 0.111056 0.101716
0 0.228361 0.601969 0.097567 0.108981
0 0.294786 0.729116 0.120400 0.124553
0 0.199818 0.356497 0.063314 0.097566
0 0.370038 0.028268 0.092374 0.056536
0 0.417780 0.048753 0.094451 0.086147
0 0.790918 0.081447 0.089262 0.087188
0 0.832433 0.027750 0.087185 0.055500
0 0.967077 0.512187 0.065846 0.083034
0 0.796107 0.301488 0.083035 0.091338
0 0.878103 0.339372 0.089262 0.067466
0 0.889002 0.975097 0.088224 0.049806
0 0.636786 0.852628 0.050859 0.078881
0 0.584367 0.868716 0.099640 0.102756
0 0.247561 0.948119 0.052936 0.093413
0 0.782383 0.393135 0.082902 0.084197
0 0.766839 0.016839 0.082902 0.033678