0 0.097746 0.957254 0.102435 0.085492
0 0.198187 0.603958 0.119171 0.119834
0 0.377591 0.576425 0.089378 0.088083
0 0.443381 0.407323 0.108056 0.107392
0 0.827720 0.770725 0.082902 0.082902
0 0.872409 0.914508 0.084197 0.082902
0 0.213882 0.309384 0.093314 0.076072
0 0.228627 0.413212 0.071244 0.064767
0 0.435273 0.167384 0.077640 0.086212
0 0.386010 0.108105 0.088083 0.107402
0 0.979183 0.886509 0.041634 0.084184
0 0.955855 0.485869 0.088290 0.108528
0 0.908031 0.427010 0.108808 0.092362
0 0.875519 0.483883 0.100778 0.094410
0 0.959845 0.065768 0.080310 0.092676
0 0.880181 0.642487 0.042746 0.072539
0 0.879534 0.054404 0.054404 0.085492
0 0.253238 0.085492 0.063472 0.051813
0 0.370466 0.758420 0.082902 0.073834
0 0.273316 0.680052 0.046632 0.059585
0 0.654793 0.764896 0.063472 0.053109
0 0.416451 0.965674 0.055699 0.068652