0 0.772135 0.044081 0.102390 0.088162
0 0.935244 0.086378 0.104768 0.101197
0 0.456041 0.013127 0.096435 0.026253
0 0.236382 0.017890 0.083340 0.035780
0 0.251262 0.083400 0.108340 0.095247
0 0.284002 0.206625 0.061908 0.048812
0 0.120301 0.253056 0.127389 0.117866
0 0.038422 0.383425 0.076844 0.104769
0 0.479851 0.176859 0.110723 0.108341
0 0.546521 0.203053 0.060719 0.072625
0 0.482234 0.251272 0.082151 0.047622
0 0.309006 0.305441 0.116677 0.115484
0 0.681650 0.193528 0.111912 0.115484
0 0.437584 0.421522 0.092863 0.104769
0 0.387581 0.506053 0.116678 0.092866
0 0.744156 0.423306 0.103579 0.103578
0 0.630458 0.485813 0.066670 0.054766
0 0.683436 0.683447 0.098818 0.073816
0 0.700700 0.741188 0.100007 0.096434
0 0.652482 0.769166 0.072624 0.090484
0 0.230427 0.789406 0.116677 0.095247
0 0.220905 0.949538 0.107151 0.094056
0 0.273883 0.961971 0.105961 0.076058
0 0.104824 0.980423 0.096435 0.039153
0 0.706654 0.901916 0.076196 0.084531
0 0.951910 0.802503 0.090484 0.085722
0 0.886429 0.827506 0.052386 0.080959
0 0.988457 0.911910 0.023086 0.062162
0 0.108808 0.306347 0.082902 0.055699