0 0.286917 0.598925 0.091969 0.076088
0 0.340161 0.534525 0.080130 0.089256
0 0.374352 0.485271 0.075130 0.074168
0 0.416571 0.537134 0.078776 0.086354
0 0.340026 0.761674 0.079016 0.075162
0 0.370466 0.690919 0.090674 0.078729
0 0.401277 0.660622 0.070503 0.072539
0 0.609452 0.763753 0.164312 0.146056
0 0.816710 0.672280 0.159326 0.160622
0 0.815633 0.915155 0.084634 0.071244
0 0.869819 0.911269 0.058290 0.076425
0 0.909071 0.194087 0.129022 0.129107
0 0.965026 0.241580 0.069948 0.120466
0 0.779145 0.759067 0.112694 0.101036
0 0.454016 0.889896 0.107513 0.064767
0 0.218264 0.842617 0.066062 0.040155
0 0.247409 0.215674 0.077720 0.089378
0 0.266192 0.056347 0.133420 0.112694
0 0.101036 0.109456 0.054404 0.055699
0 0.454016 0.036269 0.110104 0.069948