0 0.597150 0.931995 0.080311 0.099741
0 0.490933 0.886658 0.082902 0.066062
0 0.712660 0.887306 0.092815 0.098446
0 0.485711 0.577900 0.125772 0.118672
0 0.472020 0.492700 0.118670 0.108528
0 0.182498 0.441131 0.111688 0.104785
0 0.110104 0.406964 0.093264 0.101492
0 0.784326 0.421804 0.081606 0.081949
0 0.762116 0.455681 0.076045 0.081144
0 0.416478 0.011798 0.081661 0.023596
0 0.487047 0.020726 0.095855 0.041450
0 0.379635 0.927461 0.070150 0.049223
0 0.866580 0.917098 0.093264 0.080311
0 0.623057 0.788212 0.049223 0.047927
0 0.716969 0.223446 0.060881 0.076425