0 0.748306 0.977550 0.082184 0.044900
0 0.493166 0.957311 0.114078 0.085378
0 0.681453 0.766809 0.098131 0.082184
0 0.708440 0.693825 0.073597 0.073600
0 0.895505 0.728172 0.082184 0.061331
0 0.836013 0.569934 0.071144 0.078506
0 0.589455 0.705478 0.088318 0.077278
0 0.249062 0.796863 0.087091 0.073600
0 0.337380 0.233834 0.099358 0.093225
0 0.458819 0.414150 0.089544 0.080959
0 0.172396 0.179862 0.110398 0.098131
0 0.129466 0.244875 0.083411 0.078506
0 0.042986 0.262659 0.082184 0.104266
0 0.116583 0.339325 0.091998 0.090772
0 0.185890 0.010199 0.076051 0.020398
0 0.142960 0.020625 0.083411 0.041250
0 0.279730 0.016332 0.094451 0.032664
0 0.739719 0.754544 0.047841 0.079731
0 0.726230 0.027371 0.077277 0.054742
0 0.739108 0.104422 0.068690 0.079731
0 0.872198 0.100128 0.067464 0.068691
0 0.444714 0.680947 0.080957 0.069919
0 0.330020 0.049225 0.079731 0.067466