0 0.837205 0.025907 0.079768 0.051813
0 0.615163 0.087569 0.090484 0.089294
0 0.930067 0.490575 0.101200 0.104769
0 0.886611 0.669756 0.066669 0.082150
0 0.650286 0.183409 0.089291 0.085722
0 0.572303 0.164953 0.088102 0.091675
0 0.457412 0.206028 0.077385 0.080959
0 0.391335 0.256034 0.073814 0.088103
0 0.301447 0.204244 0.055958 0.053575
0 0.279423 0.235197 0.064291 0.075006
0 0.300855 0.314966 0.090484 0.091675
0 0.194297 0.315563 0.070241 0.057147
0 0.655644 0.409616 0.090484 0.095247
0 0.026427 0.439381 0.044053 0.085722
0 0.959236 0.749522 0.064291 0.070244
0 0.901496 0.806669 0.048814 0.065481