0 0.022888 0.328898 0.045776 0.051579
0 0.149683 0.204688 0.079689 0.090625
0 0.027850 0.544531 0.055699 0.089062
0 0.016637 0.856563 0.033274 0.084375
0 0.044210 0.905000 0.074998 0.087500
0 0.236243 0.021875 0.064061 0.043750
0 0.316712 0.018750 0.087500 0.037500
0 0.327649 0.075000 0.084374 0.087500
0 0.644057 0.078125 0.082814 0.100000
0 0.714369 0.117969 0.082814 0.101562
0 0.533899 0.289844 0.090625 0.085937
0 0.226867 0.637500 0.107813 0.125000
0 0.669057 0.535156 0.067186 0.070312
0 0.513585 0.819531 0.106248 0.110938
0 0.436242 0.589844 0.085940 0.079687
0 1.000000 0.000000 0.000000 0.000000
0 0.937807 0.029688 0.082814 0.059375
0 0.894840 0.110937 0.096876 0.096875
0 0.992731 0.089844 0.014537 0.076562
0 0.953430 0.232813 0.060935 0.084375
0 0.981012 0.231250 0.037976 0.087500
0 0.929211 0.393750 0.125001 0.112500
0 0.962263 0.477344 0.075474 0.082812
0 0.854213 0.472656 0.100002 0.098437
0 0.843524 0.589063 0.096375 0.078125
0 0.894055 0.526563 0.067186 0.071875
0 0.951089 0.946604 0.081249 0.084918