0 0.149683 0.979688 0.079689 0.040624
0 0.202652 0.676562 0.087500 0.065625
0 0.197962 0.748437 0.084374 0.081250
0 0.236243 0.803906 0.064061 0.079688
0 0.316712 0.793750 0.087500 0.087500
0 0.357339 0.716406 0.093751 0.098437
0 0.327649 0.875000 0.084374 0.087500
0 0.543424 0.569361 0.081546 0.091847
0 0.644057 0.878125 0.082814 0.100000
0 0.714369 0.917969 0.082814 0.101562
0 0.908117 0.041406 0.082814 0.082812
0 0.892495 0.130469 0.092186 0.098437
0 0.991169 0.153125 0.017662 0.090625
0 0.930776 0.483594 0.078123 0.085938
0 0.977105 0.471875 0.045790 0.081250
0 0.997419 0.503125 0.005162 0.087500
0 0.960701 0.661719 0.078598 0.076562
0 0.995856 0.753125 0.008288 0.093750
0 0.973982 0.781250 0.052036 0.090625
0 0.937807 0.820313 0.082814 0.078125
0 0.894840 0.910937 0.096876 0.096875
0 0.992731 0.889844 0.014537 0.076562