0 0.056712 0.914375 0.087500 0.075000
0 0.263743 0.391406 0.082814 0.082812
0 0.321557 0.353125 0.070312 0.068750
0 0.391089 0.356250 0.068752 0.075000
0 0.519371 0.972150 0.104688 0.055699
0 0.728742 0.692500 0.089060 0.087500
0 0.844367 0.728437 0.079689 0.065625
0 0.968667 0.550313 0.062665 0.081250
0 0.976481 0.304219 0.047038 0.076562
0 0.684214 0.482344 0.081249 0.082812
0 0.574836 0.559688 0.087500 0.084375
0 0.892025 0.035312 0.103123 0.070624
0 0.981169 0.028281 0.037661 0.056562
0 0.799054 0.043125 0.079689 0.086250
0 0.751401 0.047188 0.078123 0.093750
0 0.630305 0.028281 0.092186 0.056562
0 0.483430 0.089375 0.079689 0.090625
0 0.410773 0.047969 0.078123 0.073438
0 0.399056 0.104219 0.076563 0.076562