0 0.976684 0.030959 0.046632 0.061918
0 0.323813 0.018782 0.103584 0.037564
0 0.112047 0.065415 0.110104 0.076425
0 0.720855 0.261010 0.084197 0.081606
0 0.610104 0.290803 0.067358 0.053109
0 0.880829 0.300518 0.093264 0.082902
0 0.806347 0.395078 0.094560 0.080311
0 0.999655 0.623250 0.000690 0.088356
0 0.963704 0.651124 0.072591 0.100175
0 0.344560 0.501943 0.098446 0.081606
0 0.329663 0.605921 0.094560 0.084899
0 0.371665 0.644194 0.090867 0.086315
0 0.756547 0.800953 0.087942 0.081181
0 0.971068 0.924706 0.057864 0.128206
0 0.516839 0.369171 0.080311 0.093264
0 0.463731 0.387953 0.036269 0.047927
0 0.969560 0.380829 0.060880 0.056995