0 0.577654 0.134138 0.080958 0.078881
0 0.403284 0.158009 0.072657 0.070578
0 0.350347 0.488072 0.083035 0.074731
0 0.317132 0.523881 0.087185 0.071616
0 0.885400 0.608991 0.081996 0.086147
0 0.129269 0.826438 0.076807 0.078881
0 0.013259 0.807753 0.026513 0.076806
0 0.239808 0.884041 0.104829 0.088225
0 0.592703 0.898053 0.090301 0.095491
0 0.453103 0.969153 0.083035 0.040478
0 0.680927 0.931788 0.086146 0.075769
0 0.766556 0.927634 0.083035 0.071616
0 0.732307 0.972899 0.076807 0.054202
0 0.362802 0.848753 0.076807 0.077844