0 0.051167 0.063714 0.102329 0.092779
0 0.537595 0.245150 0.117810 0.112612
0 0.495150 0.336537 0.117810 0.101350
0 0.050328 0.277850 0.094423 0.102332
0 0.191557 0.332254 0.080617 0.071244
0 0.719785 0.448284 0.094110 0.089225
0 0.660878 0.479037 0.065280 0.086625
0 0.499046 0.525381 0.113477 0.106550
0 0.414155 0.540106 0.089225 0.078828
0 0.364344 0.432259 0.110882 0.098753
0 0.079547 0.538984 0.087020 0.085245
0 0.044265 0.592516 0.085761 0.079694
0 0.651581 0.122849 0.064820 0.043626
0 0.665803 0.159957 0.054404 0.063505
0 0.988342 0.506132 0.023316 0.068048
0 0.976684 0.498133 0.044041 0.065910
0 0.670035 0.664416 0.115889 0.102219
0 0.774703 0.828074 0.098262 0.089966
0 0.689441 0.817910 0.091316 0.092160
0 0.649230 0.767447 0.098978 0.081527
0 0.275259 0.683290 0.042746 0.063472
0 0.139896 0.148964 0.054404 0.062176
0 0.114637 0.083549 0.045337 0.076425
0 0.329663 0.054404 0.073834 0.059585