0 0.749115 0.740285 0.086313 0.084197
0 0.124299 0.942481 0.093371 0.103950
0 0.380533 0.783543 0.086085 0.075401
0 0.120926 0.602478 0.103950 0.118675
0 0.119249 0.711749 0.083057 0.084274
0 0.129272 0.662891 0.096379 0.073182
0 0.544041 0.522339 0.080311 0.079675
0 0.708033 0.660950 0.087050 0.086625
0 0.767146 0.525816 0.084878 0.074497
0 0.697419 0.422731 0.080563 0.098753
0 0.616856 0.382884 0.108283 0.091822
0 0.498181 0.436591 0.096153 0.079694
0 0.281619 0.415800 0.092689 0.086625
0 0.046431 0.416405 0.074500 0.058382
0 0.470461 0.265937 0.106549 0.103950
0 0.575275 0.317916 0.103085 0.090091
0 0.398560 0.284131 0.089225 0.102219
0 0.348754 0.266026 0.079693 0.086455
0 0.451671 0.149692 0.086295 0.081768
0 0.241336 0.287162 0.091824 0.116944
0 0.215349 0.202703 0.114346 0.100484
0 0.082902 0.194906 0.098446 0.093556
0 0.053359 0.108281 0.093553 0.090091
0 0.024948 0.172384 0.049895 0.064103
0 0.324065 0.802147 0.063238 0.074497
0 0.326425 0.555052 0.069948 0.079016
0 0.235104 0.477979 0.081606 0.077720
0 0.134067 0.422927 0.091969 0.073834
0 0.277850 0.698187 0.060881 0.049223
0 0.016192 0.662565 0.032383 0.076425
0 0.044041 0.582902 0.056995 0.056995
0 0.812176 0.824482 0.064767 0.071244
0 0.875648 0.799223 0.056995 0.064767
0 0.801813 0.755829 0.036269 0.045337
0 0.564119 0.431347 0.053109 0.067358
0 0.721503 0.345207 0.088083 0.047927