0 0.012575 0.845312 0.025150 0.084375
0 0.118119 0.853906 0.079689 0.079688
0 0.144683 0.750000 0.085940 0.081250
0 0.372027 0.896098 0.084374 0.095304
0 0.227493 0.669531 0.085940 0.089062
0 0.268900 0.750000 0.078123 0.075000
0 0.336871 0.717969 0.067186 0.064062
0 0.325929 0.669531 0.054689 0.045312
0 0.260308 0.602344 0.079689 0.079688
0 0.018045 0.711719 0.036090 0.098438
0 0.010363 0.539508 0.020725 0.042746
0 0.141558 0.470312 0.073437 0.078125
0 0.067336 0.331250 0.071877 0.078125
0 0.100931 0.253906 0.082814 0.082812
0 0.029763 0.144531 0.059526 0.082812
0 0.026638 0.203125 0.053275 0.056250
0 0.497183 0.909688 0.092186 0.093750
0 0.579993 0.967344 0.064061 0.065312
0 0.413589 0.126562 0.081249 0.062500
0 0.253886 0.194301 0.049223 0.062176
0 0.941062 0.854922 0.050518 0.067358
0 0.863990 0.872409 0.054404 0.047927