0 0.142804 0.143750 0.107813 0.100000
0 0.191746 0.041406 0.093192 0.082812
0 0.281745 0.184375 0.104940 0.106250
0 0.446014 0.111674 0.107973 0.110848
0 0.393425 0.146875 0.100321 0.093750
0 0.188902 0.317264 0.093751 0.106404
0 0.011636 0.668750 0.023272 0.068750
0 0.139679 0.666406 0.114064 0.104687
0 0.152961 0.517188 0.112499 0.112500
0 0.274837 0.490625 0.103123 0.096875
0 0.255308 0.645312 0.092186 0.103125
0 0.224838 0.791431 0.106248 0.098486
0 0.134213 0.749219 0.090625 0.073438
0 0.142804 0.789063 0.079689 0.071875
0 0.472181 0.241406 0.107813 0.092187
0 0.477651 0.183594 0.109374 0.064062
0 0.910688 0.486719 0.087950 0.064063
0 0.916711 0.588083 0.100002 0.082902
0 0.534110 0.704016 0.053542 0.076425
0 0.429284 0.713083 0.068893 0.071244
0 0.277202 0.834197 0.056995 0.059585
0 0.295337 0.393782 0.098446 0.098446