0 0.056399 0.908906 0.096876 0.082812
0 0.544682 0.974375 0.076563 0.051250
0 0.645464 0.959687 0.071877 0.059375
0 0.629836 0.894844 0.068752 0.057812
0 0.031736 0.633240 0.063472 0.074770
0 0.067468 0.414429 0.093485 0.090517
0 0.089994 0.186528 0.095311 0.090674
0 0.266554 0.237812 0.082814 0.078125
0 0.336717 0.421094 0.085633 0.079688
0 0.320463 0.291406 0.062501 0.073437
0 0.423586 0.280469 0.084374 0.089062
0 0.514211 0.179655 0.074998 0.065560
0 0.473589 0.092188 0.100002 0.071875
0 0.491266 0.036719 0.082235 0.073438
0 0.611088 0.278906 0.078123 0.079687
0 0.702305 0.129356 0.082436 0.096211
0 0.744681 0.051562 0.089060 0.090625
0 0.623585 0.557031 0.090625 0.079688
0 0.731399 0.371875 0.084374 0.090625
0 0.806871 0.979844 0.082814 0.040312
0 0.789683 0.869063 0.060935 0.059375
0 0.719367 0.827656 0.064061 0.054687
0 0.726402 0.738594 0.053124 0.045312
0 0.776401 0.718281 0.046873 0.060938
0 0.938980 0.621406 0.122039 0.120312
0 0.634212 0.654219 0.065626 0.064063
0 0.770150 0.233594 0.084374 0.079687
0 0.874058 0.129688 0.079689 0.071875
0 0.835314 0.052254 0.054047 0.063885
0 0.900617 0.040625 0.117190 0.081250
0 0.982732 0.052344 0.034536 0.104688
0 0.783679 0.110104 0.054404 0.049223