0 0.000250 0.216928 0.000500 0.049822
0 0.041248 0.207066 0.082496 0.079922
0 0.033984 0.136487 0.067968 0.111059
0 0.055781 0.053972 0.111561 0.107944
0 0.184738 0.076806 0.084074 0.076806
0 0.167089 0.157247 0.086146 0.073694
0 0.235597 0.157766 0.069541 0.083034
0 0.339908 0.261041 0.085112 0.073694
0 0.272962 0.326428 0.073691 0.094453
0 0.067966 0.593697 0.085112 0.093412
0 0.384018 0.448384 0.081996 0.085109
0 0.642983 0.524156 0.053970 0.076806
0 0.926337 0.031138 0.105867 0.062275
0 0.918554 0.208106 0.111056 0.104831
0 0.851085 0.266747 0.104829 0.103794
0 0.955383 0.344075 0.089234 0.094453
0 0.943464 0.439044 0.106906 0.103794
0 0.916476 0.575531 0.090301 0.094453
0 0.894682 0.677769 0.086146 0.066428
0 0.945523 0.759766 0.108953 0.103794
0 0.814242 0.728628 0.074730 0.070578