0 0.924781 0.291628 0.098601 0.090300
0 0.730168 0.213784 0.074730 0.069541
0 0.549049 0.242844 0.067464 0.075769
0 0.610285 0.273984 0.038404 0.032175
0 0.708891 0.335741 0.069541 0.076806
0 0.154117 0.236619 0.087185 0.067466
0 0.387651 0.234541 0.078885 0.079922
0 0.177472 0.324322 0.079919 0.072656
0 0.101181 0.497138 0.087185 0.090300
0 0.028794 0.687597 0.057588 0.080959
0 0.412044 0.608716 0.077846 0.051897
0 0.210682 0.775303 0.079919 0.057087
0 0.544377 0.427078 0.087185 0.078881
0 0.905060 0.573944 0.073691 0.071616
0 0.870806 0.606641 0.057086 0.070578
0 0.726535 0.961094 0.067464 0.071616
0 0.161917 0.884715 0.090674 0.077720
0 0.263601 0.845855 0.063472 0.080311
0 0.086140 0.303756 0.066062 0.066062