0 0.120050 0.103031 0.097613 0.091584
0 0.209742 0.061328 0.085042 0.086678
0 0.266166 0.094037 0.109576 0.093219
0 0.293148 0.034344 0.111211 0.068687
0 0.366746 0.063781 0.075228 0.052334
0 0.470597 0.112028 0.089949 0.089950
0 0.372470 0.147191 0.112847 0.085044
0 0.277615 0.173356 0.096491 0.078500
0 0.133696 0.343444 0.109576 0.101397
0 0.032092 0.360616 0.064183 0.093219
0 0.151683 0.437481 0.106305 0.086678
0 0.030461 0.439934 0.060917 0.075231
0 0.155772 0.521706 0.104669 0.094856
0 0.267801 0.501262 0.093220 0.093219
0 0.317682 0.539697 0.052335 0.068688
0 0.359386 0.457106 0.086677 0.086678
0 0.450100 0.480003 0.081666 0.086678
0 0.544189 0.334447 0.086677 0.086678
0 0.360203 0.347531 0.101398 0.093219
0 0.625142 0.411312 0.071962 0.053969
0 0.693015 0.370428 0.073593 0.060512
0 0.863916 0.292744 0.081771 0.071959
0 0.930153 0.336084 0.073593 0.076866
0 0.722451 0.804637 0.063784 0.058875
0 0.675841 0.818538 0.075228 0.063781
0 0.412538 0.671347 0.091584 0.083406
0 0.289877 0.675438 0.101398 0.075231
0 0.235907 0.697516 0.081771 0.076866
0 0.344665 0.741672 0.086677 0.083406
0 0.333216 0.821809 0.106305 0.080137
0 0.232636 0.879050 0.094855 0.070325
0 0.969573 0.893868 0.060853 0.070120
0 0.018135 0.826425 0.036269 0.049223