0 0.861742 0.980770 0.125772 0.038460
0 0.284615 0.953384 0.115629 0.093232
0 0.214125 0.985841 0.122726 0.028318
0 0.322653 0.872281 0.124757 0.107513
0 0.125375 0.824609 0.091283 0.093313
0 0.295371 0.761904 0.106286 0.087590
0 0.218181 0.744991 0.102441 0.110556
0 0.746621 0.800269 0.076069 0.071000
0 0.729275 0.738296 0.054404 0.085399
0 0.643782 0.874819 0.051813 0.078100
0 0.028201 0.512719 0.056402 0.112584
0 0.198911 0.607553 0.104472 0.115628
0 0.271432 0.617697 0.111569 0.113600
0 0.379789 0.582732 0.103116 0.106557
0 0.369819 0.487047 0.091969 0.101036
0 0.261008 0.396155 0.110100 0.108372
0 0.412565 0.430699 0.097150 0.115285
0 0.518915 0.362606 0.103456 0.134900
0 0.709599 0.635953 0.081141 0.081144
0 0.778064 0.607553 0.098385 0.101428
0 0.822937 0.659096 0.083698 0.080771
0 0.723797 0.559884 0.085202 0.087228
0 0.804435 0.527425 0.088242 0.083172
0 0.950453 0.528947 0.086141 0.090272
0 0.840442 0.291599 0.127798 0.108513
0 0.700049 0.267372 0.084357 0.083968
0 0.724722 0.170875 0.097188 0.108590
0 0.637585 0.135912 0.123742 0.113600
0 0.575716 0.141192 0.089255 0.108808
0 0.625432 0.057812 0.113559 0.113600
0 0.458059 0.040066 0.107512 0.080128
0 0.504545 0.062408 0.068630 0.072075
0 0.707902 0.023964 0.058290 0.047927
0 0.830311 0.891839 0.075130 0.034974
0 0.764896 0.924223 0.045337 0.047927
0 0.375000 0.748057 0.071244 0.094560
0 0.209197 0.909974 0.040155 0.084197
0 0.185233 0.946891 0.059585 0.067358
0 0.103627 0.955311 0.080311 0.073834
0 0.273316 0.506477 0.069948 0.088083
0 0.428756 0.591321 0.038860 0.084197