0 0.727604 0.085872 0.072657 0.077844
0 0.664808 0.095734 0.063314 0.060200
0 0.792474 0.284637 0.094451 0.097566
0 0.424530 0.123756 0.078885 0.085109
0 0.352911 0.011539 0.089262 0.023078
0 0.533513 0.208350 0.072657 0.050859
0 0.611355 0.371303 0.087185 0.094453
0 0.357583 0.211981 0.065391 0.068503
0 0.307763 0.206272 0.034254 0.036328
0 0.308797 0.156972 0.075769 0.074731
0 0.254827 0.147113 0.048781 0.044631
0 0.207601 0.104556 0.062275 0.067466
0 0.207601 0.148150 0.047743 0.040478
0 0.101212 0.094178 0.079919 0.081997
0 0.032704 0.074456 0.065407 0.094453
0 0.012983 0.887156 0.025965 0.075769
0 0.027513 0.769869 0.055025 0.065391
0 0.109000 0.813462 0.078885 0.073694
0 0.115744 0.685278 0.065391 0.064353
0 0.167642 0.654659 0.050859 0.040478
0 0.329040 0.524400 0.076807 0.085109
0 0.346167 0.421644 0.040481 0.056047
0 0.680379 0.634937 0.050859 0.067466
0 0.699061 0.753781 0.098601 0.085109
0 0.534030 0.893384 0.088224 0.086147
0 0.719821 0.840450 0.094451 0.088225
0 0.762375 0.873144 0.090301 0.087188
0 0.851637 0.924522 0.059164 0.048781
0 0.971228 0.934381 0.057544 0.072656
0 0.974860 0.678013 0.050280 0.085109