0 0.007107 0.191716 0.014214 0.097825
0 0.978805 0.144487 0.042389 0.079834
0 0.940742 0.176534 0.071962 0.074212
0 0.887896 0.139991 0.058468 0.055097
0 0.574180 0.350259 0.074213 0.084331
0 0.500531 0.369372 0.084332 0.091078
0 0.991735 0.683087 0.016530 0.046100
0 0.979930 0.789909 0.040140 0.079834
0 0.845168 0.794406 0.062966 0.059594
0 0.446556 0.509366 0.061843 0.069716
0 0.406639 0.546469 0.078711 0.065216
0 0.228984 0.434028 0.101200 0.110194
0 0.241913 0.357566 0.095574 0.071962
0 0.262716 0.604941 0.098949 0.098950
0 0.225045 0.680278 0.064094 0.092203
0 0.348171 0.695456 0.058468 0.046100
0 0.340863 0.738747 0.068592 0.065216
0 0.308813 0.750553 0.056221 0.066341
0 0.086179 0.346322 0.044979 0.074212
0 0.025099 0.456516 0.050198 0.062969
0 0.011043 0.396359 0.022085 0.055097
0 0.160392 0.765172 0.098949 0.093328
0 0.149150 0.848941 0.071962 0.069716
0 0.316686 0.984065 0.062966 0.031870
0 0.571929 0.797778 0.058468 0.046100