0 0.753589 0.425000 0.115625 0.121875
0 0.761400 0.329688 0.121876 0.115625
0 0.619171 0.249352 0.082902 0.055699
0 0.859837 0.267969 0.093751 0.098437
0 0.926243 0.251684 0.101562 0.096632
0 0.940629 0.650919 0.092835 0.107537
0 0.801242 0.693750 0.085940 0.075000
0 0.729370 0.595313 0.104688 0.096875
0 0.632822 0.550340 0.094659 0.061820
0 0.722338 0.736925 0.093751 0.067600
0 0.710616 0.676563 0.114064 0.078125
0 0.483808 0.753586 0.076425 0.061577
0 0.737047 0.015544 0.098446 0.031088
0 0.429404 0.110751 0.094560 0.091969