0 0.694144 0.866641 0.076807 0.075769
0 0.637580 0.844844 0.079919 0.092375
0 0.921455 0.962642 0.070580 0.074716
0 0.207356 0.465481 0.107945 0.083034
0 0.282086 0.494544 0.056048 0.078881
0 0.370831 0.448356 0.052936 0.079922
0 0.467877 0.404244 0.080958 0.091338
0 0.939616 0.568756 0.092374 0.092375
0 0.676500 0.331588 0.101717 0.101716
0 0.773546 0.226756 0.104829 0.091338
0 0.579455 0.157216 0.075769 0.076806
0 0.383803 0.128153 0.097567 0.091338
0 0.503686 0.066916 0.040481 0.035291
0 0.969030 0.237137 0.061940 0.068503