0 0.011976 0.414912 0.023951 0.076909
0 0.033566 0.732000 0.067132 0.103897
0 0.078600 0.883797 0.063417 0.067466
0 0.188571 0.904712 0.086358 0.093103
0 0.100187 0.273909 0.066115 0.075563
0 0.159558 0.300897 0.079609 0.059369
0 0.149439 0.352844 0.086358 0.082309
0 0.081975 0.350147 0.067464 0.085006
0 0.216903 0.363637 0.059370 0.071513
0 0.270201 0.396022 0.082306 0.087706
0 0.337669 0.412887 0.060719 0.080959
0 0.363980 0.601119 0.083655 0.098500
0 0.291115 0.622706 0.080958 0.090403
0 0.205435 0.593022 0.055324 0.071512
0 0.312030 0.726603 0.036430 0.044528
0 0.263456 0.309666 0.068813 0.071512
0 0.335643 0.286728 0.075562 0.082309
0 0.409179 0.320459 0.090404 0.090403
0 0.401758 0.377131 0.075562 0.049925
0 0.602805 0.033059 0.099847 0.066116
0 0.555580 0.091753 0.080958 0.080959
0 0.508354 0.135606 0.056673 0.079609
0 0.533993 0.228034 0.080958 0.086356
0 0.590661 0.167316 0.099847 0.099850
0 0.682414 0.156519 0.080958 0.105247
0 0.955653 0.350147 0.087707 0.093103
0 0.846355 0.440550 0.068813 0.082309
0 0.822070 0.483053 0.079609 0.064766
0 0.714797 0.308991 0.064766 0.064766
0 0.717499 0.608537 0.083655 0.086356
0 0.747857 0.684100 0.093102 0.094453
0 0.915172 0.557941 0.076911 0.074212
0 0.982886 0.784622 0.034228 0.076909
0 0.929338 0.974283 0.051272 0.051434
0 0.380843 0.877050 0.087707 0.091753
0 0.588640 0.739422 0.079609 0.083656
0 0.474622 0.750891 0.094451 0.079609
0 0.046889 0.388600 0.064766 0.067466
0 0.948904 0.868281 0.079609 0.076909
0 0.044041 0.464378 0.054404 0.071244