0 0.152833 0.100403 0.080958 0.073694
0 0.230162 0.173059 0.086146 0.084072
0 0.279982 0.279966 0.067464 0.069541
0 0.685813 0.015691 0.057086 0.031382
0 0.769365 0.029704 0.072657 0.059408
0 0.830601 0.029703 0.066430 0.059406
0 0.924536 0.140884 0.079919 0.075769
0 0.858110 0.250903 0.069541 0.061237
0 0.825934 0.351066 0.065391 0.078881
0 0.885093 0.415934 0.084074 0.084072
0 0.228602 0.390506 0.085112 0.083034
0 0.362495 0.433581 0.076807 0.075769
0 0.498466 0.490666 0.068503 0.052934
0 0.461101 0.510387 0.070580 0.071616
0 0.020368 0.416972 0.040736 0.088225
0 0.031787 0.470425 0.063573 0.043594
0 0.025559 0.594459 0.051118 0.088225
0 0.141939 0.612622 0.084074 0.076806
0 0.201097 0.618331 0.069541 0.079922
0 0.563853 0.638572 0.060198 0.064353
0 0.615233 0.671784 0.059164 0.064353
0 0.620939 0.545675 0.049820 0.063312