0 0.023964 0.172284 0.047927 0.041443
0 0.118432 0.242188 0.089060 0.093750
0 0.190136 0.309513 0.073096 0.075275
0 0.282495 0.336958 0.082814 0.057335
0 0.285620 0.403125 0.089060 0.096875
0 0.433275 0.431250 0.112499 0.093750
0 0.441087 0.367345 0.093751 0.055934
0 0.217649 0.555359 0.084374 0.073219
0 0.095773 0.585156 0.096876 0.101563
0 0.011949 0.620313 0.023898 0.096875
0 0.042419 0.902866 0.084838 0.093232
0 0.206712 0.987500 0.103123 0.025000
0 0.238742 0.930529 0.095311 0.092309
0 0.668430 0.406563 0.098437 0.090625
0 0.689524 0.315156 0.081249 0.085938
0 0.887182 0.259687 0.089060 0.090625
0 0.890308 0.458216 0.070312 0.093931
0 0.960387 0.516000 0.079226 0.100125