0 0.801369 0.979677 0.118675 0.040645
0 0.600397 0.950659 0.097887 0.098681
0 0.460501 0.848909 0.107414 0.111747
0 0.922211 0.859303 0.114346 0.099619
0 0.338083 0.712906 0.121762 0.110012
0 0.180699 0.746691 0.091969 0.094422
0 0.747662 0.548319 0.080563 0.084025
0 0.695252 0.599428 0.093554 0.085759
0 0.623558 0.553825 0.102624 0.102469
0 0.549289 0.545810 0.106549 0.083848
0 0.788373 0.606359 0.066702 0.087491
0 0.843469 0.587435 0.090264 0.094560
0 0.525259 0.725389 0.094560 0.108808
0 0.014896 0.196244 0.029792 0.042746