0 0.481254 0.999602 0.083162 0.000795
0 0.584872 0.941710 0.058236 0.054404
0 0.000243 0.782641 0.000486 0.107416
0 0.045288 0.602459 0.090576 0.083159
0 0.683870 0.597697 0.098581 0.103084
0 0.735764 0.495466 0.098419 0.094560
0 0.669041 0.431375 0.073834 0.090956
0 0.924774 0.236903 0.105684 0.098753
0 0.920231 0.306541 0.063683 0.073445
0 0.974083 0.267653 0.051834 0.063238
0 0.270725 0.472091 0.090674 0.082294
0 0.035622 0.380266 0.071244 0.078828
0 0.400259 0.248057 0.077720 0.073834
0 0.355570 0.303756 0.073834 0.068653
0 0.454040 0.219560 0.078967 0.066062
0 0.484313 0.037565 0.075415 0.075130
0 0.849093 0.069301 0.097150 0.102332
0 0.955959 0.020565 0.088082 0.041130
0 0.998769 0.548753 0.002462 0.086625
0 0.988342 0.777202 0.023316 0.067358
0 0.887306 0.840026 0.062176 0.063472
0 0.944948 0.845855 0.047927 0.080311
0 0.972798 0.395078 0.054404 0.069948
0 0.391839 0.213083 0.045337 0.032383
0 0.606865 0.178756 0.066062 0.051813
0 0.715026 0.127591 0.056995 0.050518
0 0.718264 0.979275 0.086788 0.041450