0 0.017775 0.053179 0.035549 0.106358
0 0.402455 0.935137 0.138044 0.129726
0 0.302815 0.975616 0.067464 0.048767
0 0.468368 0.574463 0.130777 0.128703
0 0.381700 0.569275 0.038404 0.045669
0 0.199542 0.337816 0.095490 0.076806
0 0.179304 0.412028 0.059164 0.071616
0 0.679586 0.199253 0.096529 0.096528
0 0.570080 0.158253 0.087185 0.095491
0 0.512477 0.359094 0.044631 0.057087
0 0.415949 0.349753 0.055009 0.086147
0 0.717468 0.023079 0.085112 0.046158
0 0.630800 0.021002 0.094451 0.042004
0 0.317864 0.255300 0.051897 0.090300
0 0.245729 0.030863 0.061236 0.061726