0 0.435620 0.018750 0.114064 0.037500
0 0.344214 0.046094 0.112499 0.092187
0 0.220773 0.097134 0.112499 0.093232
0 0.048159 0.098437 0.095392 0.100000
0 0.223899 0.384375 0.081249 0.075000
0 0.065234 0.299158 0.048288 0.051684
0 0.582495 0.010156 0.098437 0.020312
0 0.669214 0.048438 0.084374 0.096875
0 0.715307 0.090625 0.057815 0.062500
0 0.820775 0.056250 0.093751 0.103125
0 0.906715 0.281250 0.090625 0.100000
0 0.770776 0.222656 0.090625 0.079687
0 0.741087 0.624219 0.068752 0.076562
0 0.796637 0.621094 0.067348 0.070312
0 0.510334 0.557723 0.080254 0.052947
0 0.538998 0.520580 0.048946 0.046341
0 0.151246 0.795713 0.114064 0.099199
0 0.018983 0.881250 0.037962 0.100000