0 0.017262 0.849531 0.034524 0.085937
0 0.076003 0.614530 0.063923 0.068439
0 0.169682 0.621406 0.073437 0.095313
0 0.264213 0.604219 0.074998 0.073438
0 0.293355 0.475763 0.073911 0.082152
0 0.388274 0.825970 0.078123 0.076811
0 0.449214 0.816883 0.074998 0.079361
0 0.424995 0.434478 0.076563 0.071458
0 0.488207 0.411215 0.077990 0.084305
0 0.531723 0.335492 0.071270 0.059585
0 0.360149 0.229687 0.084374 0.071875
0 0.386713 0.153906 0.106248 0.067187
0 0.408587 0.121094 0.106248 0.070313
0 0.375777 0.046094 0.084374 0.067187
0 0.646868 0.036719 0.101562 0.073438
0 0.560148 0.021875 0.078123 0.043750
0 0.768135 0.083339 0.062176 0.070823
0 0.265618 0.368750 0.095311 0.081250
0 0.829054 0.239844 0.079689 0.092188
0 0.933742 0.212500 0.085940 0.090625
0 0.957105 0.262500 0.085789 0.065625
0 0.931401 0.317188 0.084374 0.065625
0 0.982107 0.358594 0.035786 0.092187
0 0.925150 0.388281 0.096876 0.089063
0 0.966480 0.446094 0.067040 0.082813
0 0.941611 0.747555 0.082703 0.082610
0 0.988356 0.760929 0.023288 0.084359
0 0.860304 0.305469 0.076563 0.082812
0 0.779055 0.302344 0.070312 0.092188
0 0.318653 0.020725 0.054404 0.041450
0 0.664508 0.299223 0.044041 0.064767