0 0.252591 0.053756 0.077720 0.081606
0 0.303987 0.157667 0.107051 0.096584
0 0.053356 0.499360 0.106712 0.107529
0 0.071357 0.380181 0.067585 0.066062
0 0.166870 0.565451 0.104688 0.097223
0 0.106191 0.720207 0.111452 0.101036
0 0.205932 0.748826 0.095311 0.096098
0 0.331713 0.800154 0.100002 0.118442
0 0.365695 0.977979 0.107037 0.044041
0 0.090026 0.953906 0.104922 0.092187
0 0.031481 0.744543 0.062962 0.101587
0 0.728804 0.641854 0.120820 0.107542
0 0.804078 0.406908 0.117233 0.100691
0 0.916674 0.261082 0.117428 0.112837