0 0.399526 0.025000 0.059375 0.050000
0 0.342496 0.023438 0.051564 0.046875
0 0.376865 0.193944 0.067201 0.062889
0 0.497182 0.130469 0.073438 0.070313
0 0.497963 0.337500 0.087500 0.096875
0 0.421294 0.307642 0.078339 0.053109
0 0.460461 0.482031 0.081249 0.098437
0 0.956795 0.975000 0.086409 0.050000
0 0.742764 0.853125 0.089601 0.093750
0 0.981012 0.257246 0.037976 0.079258
0 0.684801 0.545312 0.079446 0.087500
0 0.760381 0.672656 0.075166 0.079688
0 0.761242 0.509375 0.076563 0.093750
0 0.835465 0.348438 0.087500 0.078125
0 0.841740 0.255614 0.078177 0.076854
0 0.776090 0.172656 0.081249 0.082813
0 0.764249 0.238107 0.054404 0.057464
0 0.977332 0.757132 0.045336 0.091985
0 0.850307 0.430469 0.082814 0.085938
0 0.910463 0.868750 0.074998 0.096875
0 0.842496 0.168750 0.076563 0.081250
0 0.259715 0.019430 0.060881 0.038860
0 0.386010 0.295337 0.049223 0.059585
0 0.755181 0.572539 0.077720 0.069948