0 0.040462 0.153612 0.059164 0.068503
0 0.102737 0.294253 0.065391 0.061238
0 0.204454 0.035809 0.057086 0.052934
0 0.243380 0.064353 0.053970 0.051897
0 0.302022 0.101197 0.065391 0.065391
0 0.421905 0.171259 0.062275 0.043594
0 0.409450 0.392338 0.064352 0.066428
0 0.671526 0.270900 0.071619 0.068503
0 0.688131 0.404794 0.071619 0.064353
0 0.667893 0.509625 0.076807 0.076806
0 0.778433 0.554253 0.092374 0.089262
0 0.691765 0.661162 0.080958 0.066428
0 0.792965 0.714097 0.071619 0.078881
0 0.761823 0.124553 0.071619 0.080959
0 0.975104 0.019203 0.049792 0.038403
0 0.983926 0.080959 0.032148 0.049822
0 0.926337 0.896772 0.085112 0.078881
0 0.817353 0.934656 0.093413 0.094453
0 0.840708 0.979523 0.096529 0.040953
0 0.638828 0.944516 0.070580 0.058125
0 0.473797 0.866672 0.072657 0.064353
0 0.204454 0.800763 0.065391 0.055009
0 0.210165 0.935694 0.080958 0.088225
0 0.173839 0.979005 0.068503 0.041989