0 0.629988 0.023964 0.087175 0.047927
0 0.488744 0.188281 0.089060 0.082812
0 0.431714 0.217188 0.087500 0.065625
0 0.448117 0.281869 0.085939 0.060614
0 0.542399 0.291406 0.069254 0.070312
0 0.694994 0.266406 0.076563 0.060938
0 0.725464 0.344531 0.087500 0.082812
0 0.619211 0.542969 0.087500 0.079688
0 0.507772 0.967187 0.106218 0.065625
0 0.717617 0.862095 0.095855 0.086690
0 0.889590 0.805052 0.093877 0.086788
0 0.145775 0.967344 0.115625 0.065312
0 0.397625 0.772740 0.093177 0.089521
0 0.508683 0.805852 0.091442 0.085797
0 0.982513 0.918394 0.034974 0.056995