0 0.855076 0.041547 0.073630 0.060637
0 0.721239 0.090056 0.081427 0.069300
0 0.585735 0.070315 0.082415 0.075863
0 0.514297 0.034633 0.088179 0.069266
0 0.273964 0.030440 0.099741 0.060880
0 0.341822 0.255944 0.110882 0.101350
0 0.436245 0.324375 0.098752 0.089225
0 0.349619 0.450416 0.093554 0.086625
0 0.621762 0.570896 0.088083 0.100340
0 0.651690 0.472488 0.072267 0.066737
0 0.786820 0.438635 0.089573 0.089051
0 0.768882 0.266772 0.077964 0.079694
0 0.855139 0.227979 0.098013 0.080311
0 0.964569 0.327409 0.070862 0.076231
0 0.887145 0.643135 0.090995 0.091969
0 0.981865 0.672062 0.036269 0.064332
0 0.963083 0.797912 0.071244 0.072508
0 0.857242 0.825503 0.072765 0.060638
0 0.839256 0.871762 0.051568 0.054404
0 0.706387 0.935435 0.084635 0.078124
0 0.529366 0.807744 0.101351 0.087491
0 0.524308 0.715832 0.106825 0.094242
0 0.702626 0.673373 0.084009 0.082498
0 0.774719 0.701267 0.077506 0.083881
0 0.496762 0.936197 0.063472 0.055068
0 0.248700 0.411434 0.089225 0.083159
0 0.111898 0.066710 0.083899 0.086788
0 0.912565 0.293394 0.060881 0.063472
0 0.488990 0.892487 0.050518 0.054404
0 0.531736 0.897668 0.045337 0.059585
0 0.645725 0.884715 0.058290 0.059585
0 0.844560 0.929404 0.033679 0.053109
0 0.885363 0.704663 0.073834 0.062176
0 0.855570 0.762306 0.066062 0.053109