0 0.039607 0.743750 0.079214 0.112500
0 0.399682 0.116001 0.076563 0.078878
0 0.344487 0.066406 0.077575 0.082812
0 0.433938 0.093989 0.067358 0.071397
0 0.623120 0.038281 0.060935 0.064062
0 0.583273 0.063281 0.068752 0.073438
0 0.612183 0.101563 0.060935 0.071875
0 0.570908 0.202834 0.078392 0.081833
0 0.502024 0.242969 0.084374 0.089062
0 0.454371 0.334051 0.079689 0.080602
0 0.320774 0.364888 0.087500 0.063973
0 0.330959 0.428125 0.079016 0.081250
0 0.242876 0.531829 0.086788 0.091783
0 0.205929 0.806210 0.070312 0.081331
0 0.275069 0.811791 0.074215 0.079541
0 0.137182 0.940625 0.076563 0.081250
0 0.730308 0.958594 0.095311 0.082812
0 0.674839 0.987500 0.087500 0.025000
0 0.645078 0.010363 0.056995 0.020725