0 0.009919 0.689997 0.019838 0.101871
0 0.204213 0.540625 0.100002 0.112500
0 0.177009 0.285735 0.079407 0.083971
0 0.247180 0.255457 0.089060 0.101587
0 0.372961 0.031250 0.103123 0.062500
0 0.137578 0.866763 0.082357 0.092899
0 0.304214 0.799757 0.087500 0.087014
0 0.500308 0.518750 0.079689 0.081250
0 0.345617 0.616406 0.098437 0.104687
0 0.254211 0.578906 0.087500 0.085937
0 0.013824 0.944531 0.027648 0.092188
0 0.027106 0.985937 0.054212 0.028125
0 0.619213 0.018750 0.087500 0.037500
0 0.710619 0.032031 0.095311 0.064062
0 0.671557 0.110156 0.098437 0.079687
0 0.601245 0.528125 0.110939 0.106250
0 0.502514 0.349741 0.041604 0.054404
0 0.489526 0.436719 0.100002 0.085937
0 0.736398 0.634533 0.087500 0.090309
0 0.821443 0.655813 0.066958 0.075874
0 0.982263 0.767969 0.035473 0.085938
0 0.569995 0.895312 0.082814 0.084375
0 0.545776 0.957812 0.100002 0.084375
0 0.334840 0.964063 0.093751 0.071874
0 0.733808 0.356533 0.055699 0.069317
0 0.832233 0.345313 0.042705 0.084375
0 0.204016 0.628886 0.071244 0.047927