0 0.275151 0.830000 0.093751 0.100000
0 0.302819 0.874173 0.113411 0.092905
0 0.611088 0.863594 0.093751 0.095312
0 0.648140 0.733556 0.089731 0.082111
0 0.492338 0.575313 0.106248 0.078125
0 0.581398 0.481563 0.084374 0.081250
0 0.246246 0.484688 0.110939 0.109375
0 0.143899 0.500313 0.100002 0.087500
0 0.026639 0.597187 0.053278 0.081250
0 0.117339 0.769844 0.081249 0.079688
0 0.064767 0.276875 0.098446 0.093750
0 0.098412 0.160029 0.119103 0.102442
0 0.196416 0.083941 0.117531 0.086005
0 0.397026 0.088628 0.084374 0.076631
0 0.523316 0.043125 0.069948 0.086250
0 0.674369 0.282095 0.092186 0.092687
0 0.429057 0.365933 0.095311 0.086788
0 0.728379 0.570987 0.045833 0.060099
0 0.132124 0.917746 0.067358 0.063472
0 0.318653 0.930699 0.082902 0.068653