0 0.147668 0.740285 0.088083 0.079016
0 0.065799 0.571244 0.101426 0.085492
0 0.175826 0.519430 0.086171 0.088083
0 0.340674 0.537909 0.075130 0.084805
0 0.676166 0.537597 0.085492 0.090272
0 0.568882 0.469641 0.073029 0.069984
0 0.689258 0.694813 0.054126 0.063900
0 0.651038 0.609103 0.070998 0.089256
0 0.401017 0.113122 0.090273 0.091284
0 0.594245 0.199421 0.091302 0.093142
0 0.838083 0.313361 0.077720 0.077941
0 0.946726 0.310397 0.106548 0.094328
0 0.422927 0.455959 0.058290 0.056995
0 0.857976 0.374738 0.069023 0.076948
0 0.905623 0.334741 0.081141 0.100413
0 0.683986 0.237139 0.098349 0.108993
0 0.338638 0.126812 0.087227 0.084184
0 0.978676 0.828188 0.042648 0.068972
0 0.967519 0.757697 0.064962 0.076072
0 0.783031 0.272668 0.040155 0.034974
0 0.174223 0.050518 0.066062 0.072539
0 0.184585 0.325130 0.040155 0.036269
0 0.776554 0.658679 0.055699 0.071244
0 0.568653 0.573187 0.046632 0.068653