0 0.901554 0.836781 0.101036 0.093313
0 0.838731 0.731312 0.091969 0.097339
0 0.874352 0.618523 0.088083 0.066062
0 0.047710 0.467584 0.095419 0.109544
0 0.105570 0.477332 0.079016 0.071244
0 0.518135 0.413672 0.101036 0.091593
0 0.431347 0.260363 0.111399 0.108808
0 0.349741 0.266839 0.069948 0.059585
0 0.158805 0.234456 0.094308 0.072539
0 0.752591 0.173356 0.113990 0.123915
0 0.768782 0.240933 0.117876 0.082902
0 0.050518 0.212435 0.101036 0.088083
0 0.472798 0.306995 0.103627 0.080311
0 0.526554 0.335492 0.084197 0.064767
0 0.485104 0.016839 0.053109 0.033678
0 0.087435 0.381477 0.099741 0.102332
0 0.472150 0.527202 0.053109 0.062176
0 0.977332 0.220855 0.045336 0.094560
0 0.573834 0.489637 0.054404 0.051813