0 0.932850 0.383100 0.074824 0.079731
0 0.939594 0.527844 0.071144 0.069919
0 0.583255 0.188675 0.062557 0.053972
0 0.697944 0.235900 0.039254 0.060106
0 0.654398 0.262275 0.069917 0.068691
0 0.677706 0.295394 0.062557 0.061331
0 0.639678 0.349978 0.087091 0.079731
0 0.666665 0.403953 0.079731 0.082184
0 0.577732 0.395978 0.068691 0.061331
0 0.420108 0.857809 0.104265 0.094453
0 0.176620 0.592856 0.090771 0.089544
0 0.097505 0.613709 0.057650 0.060106
0 0.039858 0.581816 0.079715 0.116531
0 0.020845 0.689147 0.041690 0.100584
0 0.029431 0.889091 0.058861 0.120212
0 0.072971 0.874369 0.052743 0.093225
0 0.098732 0.749866 0.104265 0.096906
0 0.012871 0.307047 0.025742 0.094453
0 0.145957 0.025646 0.061330 0.051292
0 0.150248 0.190516 0.101811 0.106719
0 0.095662 0.214434 0.093225 0.098131
0 0.158219 0.259959 0.078504 0.037077