0 0.024399 0.025552 0.048798 0.051103
0 0.094984 0.039045 0.092374 0.078089
0 0.935711 0.108709 0.092374 0.098603
0 0.739021 0.067709 0.070580 0.074731
0 0.819461 0.092100 0.104829 0.102756
0 0.495110 0.132063 0.080958 0.097566
0 0.600455 0.172541 0.069541 0.066428
0 0.431274 0.109747 0.121439 0.121438
0 0.375227 0.072900 0.094451 0.097566
0 0.303091 0.085872 0.068503 0.088225
0 0.311396 0.356772 0.058125 0.088225
0 0.390276 0.388950 0.114172 0.119363
0 0.210713 0.349506 0.128705 0.121438
0 0.632632 0.478213 0.090301 0.084072
0 0.495110 0.535297 0.074730 0.067466
0 0.229917 0.518172 0.073691 0.099641
0 0.388601 0.564767 0.082902 0.082902
0 0.709845 0.471503 0.069948 0.080311