0 0.618431 0.018750 0.098437 0.037500
0 0.573898 0.101562 0.087500 0.081250
0 0.148029 0.086597 0.095133 0.079930
0 0.328452 0.201563 0.068484 0.087500
0 0.106714 0.164844 0.078123 0.073437
0 0.057495 0.276562 0.079688 0.081250
0 0.126242 0.338281 0.085940 0.085937
0 0.296952 0.440220 0.075770 0.069560
0 0.149681 0.435938 0.082814 0.075000
0 0.077024 0.503125 0.090625 0.068750
0 0.035386 0.438281 0.070772 0.073437
0 0.353586 0.440625 0.068752 0.050000
0 0.535617 0.689063 0.082814 0.071875
0 0.042648 0.883594 0.074998 0.067188
0 0.151246 0.988281 0.101562 0.023437
0 0.567358 0.973437 0.093264 0.053125
0 0.528585 0.563281 0.096876 0.079687
0 0.785619 0.314063 0.073437 0.071875
0 0.822204 0.971875 0.080981 0.056250
0 0.959845 0.875984 0.080310 0.092592
0 0.970543 0.757031 0.058914 0.076563
0 0.928588 0.615625 0.093751 0.093750
0 0.960387 0.487500 0.079225 0.087500
0 0.922337 0.049219 0.087500 0.079687
0 0.351684 0.468912 0.076425 0.033678
0 0.519430 0.408679 0.038860 0.058290