0 0.838906 0.967313 0.078885 0.065374
0 0.254034 0.852109 0.075769 0.061237
0 0.255589 0.926322 0.087185 0.085109
0 0.179821 0.947081 0.058125 0.062275
0 0.489645 0.737419 0.075769 0.070578
0 0.371317 0.750912 0.075769 0.083034
0 0.323053 0.718216 0.068502 0.077844
0 0.984324 0.609753 0.031352 0.093413
0 0.210441 0.511669 0.084074 0.077844
0 0.098341 0.586400 0.065391 0.069541
0 0.072397 0.785163 0.069541 0.074731
0 0.124290 0.860413 0.065391 0.073694
0 0.098341 0.042799 0.086146 0.085598
0 0.247284 0.172784 0.083035 0.072656
0 0.369245 0.139053 0.061236 0.063312
0 0.965122 0.905044 0.069756 0.079922
0 0.203692 0.763884 0.064352 0.048781
0 0.125851 0.761809 0.064352 0.050859
0 0.103627 0.176166 0.124352 0.069948