0 0.785306 0.442653 0.119545 0.114344
0 0.735464 0.478225 0.071964 0.085000
0 0.398529 0.441356 0.078828 0.080563
0 0.463497 0.411903 0.080563 0.077097
0 0.519331 0.394578 0.088281 0.087491
0 0.396363 0.364691 0.086626 0.071031
0 0.436209 0.472541 0.072765 0.059772
0 0.076283 0.304053 0.110013 0.109147
0 0.601663 0.220894 0.081428 0.081428
0 0.536695 0.200969 0.086626 0.083159
0 0.505943 0.231287 0.082292 0.071031
0 0.968885 0.429659 0.062230 0.067569
0 0.939767 0.334845 0.066062 0.066062
0 0.640544 0.174870 0.063472 0.064767
0 0.070596 0.505829 0.079016 0.086788
0 0.117876 0.378886 0.088083 0.066062
0 0.397668 0.920984 0.069948 0.082902
0 0.289508 0.846503 0.063472 0.073834
0 0.967617 0.858808 0.064766 0.049223
0 0.936528 0.599741 0.067358 0.072539
0 0.804404 0.542746 0.088083 0.054404