0 0.785135 0.179220 0.093314 0.060513
0 0.363805 0.080311 0.088452 0.077720
0 0.453973 0.080311 0.094329 0.085492
0 0.947539 0.281382 0.071244 0.054992
0 0.929404 0.369715 0.071244 0.071036
0 0.507224 0.409291 0.101426 0.077084
0 0.233161 0.491850 0.108808 0.092508
0 0.439767 0.559913 0.094560 0.096356
0 0.594451 0.463083 0.105487 0.081606
0 0.792098 0.409797 0.076425 0.080128
0 0.590674 0.707254 0.098446 0.077720
0 0.397069 0.738540 0.102236 0.100641
0 0.499112 0.959230 0.133900 0.081539
0 0.091969 0.938523 0.103627 0.099843
0 0.987909 0.865719 0.024181 0.075056
0 0.849716 0.676166 0.062226 0.054404
0 0.816710 0.753149 0.055699 0.042568
0 0.899611 0.019430 0.032383 0.038860
0 0.857513 0.024611 0.062176 0.049222
0 0.562176 0.054404 0.038860 0.054404
0 0.378238 0.494819 0.069948 0.090674
0 0.411269 0.246762 0.063472 0.079016
0 0.146373 0.780440 0.054404 0.045337