0 0.360464 0.250781 0.084374 0.076562
0 0.401871 0.191406 0.082814 0.085938
0 0.540150 0.303906 0.084374 0.079687
0 0.694836 0.085937 0.093751 0.093750
0 0.768274 0.131250 0.084374 0.090625
0 0.812806 0.037500 0.114064 0.075000
0 0.946399 0.290625 0.078123 0.093750
0 0.986482 0.335156 0.027036 0.104688
0 0.871401 0.325000 0.087500 0.075000
0 0.823743 0.276562 0.076563 0.084375
0 0.826088 0.368750 0.081249 0.087500
0 0.748745 0.415625 0.073438 0.090625
0 0.893275 0.459375 0.074998 0.081250
0 0.949524 0.410938 0.071877 0.093750
0 0.994293 0.483594 0.011414 0.089063