0 0.766396 0.066364 0.076041 0.080915
0 0.816188 0.038022 0.074232 0.076044
0 0.967617 0.286972 0.064766 0.103200
0 0.694881 0.079662 0.088717 0.090528
0 0.678586 0.127644 0.063370 0.074231
0 0.707552 0.161137 0.092336 0.090528
0 0.734293 0.177086 0.080638 0.068107
0 0.598014 0.204591 0.108631 0.094147
0 0.692164 0.226319 0.094150 0.068800
0 0.655951 0.290594 0.079665 0.085097
0 0.598921 0.329519 0.092336 0.079662
0 0.492190 0.164759 0.095779 0.097769
0 0.333325 0.102297 0.089828 0.088716
0 0.309119 0.205311 0.081244 0.066062
0 0.194320 0.167098 0.090636 0.062176
0 0.133996 0.067897 0.071386 0.070612
0 0.270306 0.484322 0.090527 0.099581
0 0.339110 0.542259 0.101388 0.106822
0 0.580817 0.451731 0.085093 0.077853
0 0.660260 0.443584 0.081035 0.090528
0 0.583533 0.676237 0.123116 0.103200
0 0.709366 0.726028 0.056127 0.061559
0 0.643280 0.737797 0.076041 0.070613
0 0.564522 0.789397 0.103203 0.061559
0 0.378938 0.766766 0.090527 0.074231
0 0.463129 0.768575 0.085093 0.088716
0 0.721130 0.870872 0.112255 0.097769
0 0.929345 0.909800 0.090527 0.074231
0 0.262953 0.025259 0.046632 0.050518
0 0.750000 0.205959 0.075130 0.062176