0 0.320249 0.108056 0.107945 0.151763
0 0.370069 0.390262 0.070580 0.105869
0 0.315060 0.386109 0.093413 0.095491
0 0.211265 0.404275 0.132855 0.117288
0 0.295856 0.502359 0.100679 0.091337
0 0.253819 0.559962 0.091340 0.092375
0 0.201404 0.495094 0.067464 0.068503
0 0.401206 0.622759 0.095490 0.087187
0 0.322321 0.735375 0.101717 0.088225
0 0.203482 0.705794 0.100679 0.093412
0 0.029864 0.808028 0.059728 0.063313
0 0.172344 0.859925 0.061236 0.104831
0 0.398090 0.867191 0.103795 0.088225
0 0.455698 0.920644 0.032176 0.056047
0 0.337371 0.948669 0.096529 0.099641