0 0.059632 0.067666 0.087998 0.112637
0 0.026297 0.093184 0.052594 0.107359
0 0.165232 0.077344 0.105600 0.117919
0 0.069314 0.233981 0.089761 0.139037
0 0.151151 0.211103 0.077437 0.082719
0 0.241790 0.335178 0.131999 0.087997
0 0.233871 0.401178 0.133757 0.096797
0 0.122114 0.468938 0.075679 0.084478
0 0.188111 0.589494 0.119676 0.124956
0 0.250588 0.550775 0.107357 0.135519
0 0.324510 0.628216 0.089761 0.107359
0 0.686180 0.021512 0.080958 0.043023
0 0.384346 0.660775 0.061598 0.080959
0 0.417786 0.598294 0.114398 0.114397
0 0.460904 0.575416 0.066881 0.093278
0 0.722262 0.513816 0.086240 0.082719
0 0.716984 0.600056 0.082720 0.075678
0 0.920259 0.618534 0.105600 0.105597