0 0.020370 0.588231 0.040740 0.052934
0 0.017255 0.310584 0.034510 0.058125
0 0.232235 0.156972 0.061236 0.076806
0 0.237946 0.251941 0.078885 0.081997
0 0.490162 0.402441 0.047743 0.061237
0 0.201097 0.534259 0.088224 0.088225
0 0.369762 0.538931 0.072657 0.068503
0 0.134151 0.685278 0.089262 0.093413
0 0.889765 0.694619 0.089262 0.083034
0 0.963048 0.863803 0.073904 0.083034
0 0.182937 0.966672 0.091340 0.066656
0 0.065648 0.943203 0.049820 0.071616
0 0.971349 0.981203 0.057301 0.037594
0 0.793758 0.984316 0.063314 0.031367
0 0.736150 0.981722 0.053970 0.036556
0 0.769365 0.016210 0.058125 0.032420
0 0.758987 0.087431 0.047743 0.056047