0 0.194948 0.587532 0.112694 0.099935
0 0.218912 0.393260 0.108808 0.110355
0 0.349527 0.380513 0.103123 0.095223
0 0.430776 0.619531 0.081249 0.082812
0 0.463806 0.679635 0.087933 0.081145
0 0.366165 0.674474 0.070778 0.055198
0 0.466144 0.887544 0.113635 0.109285
0 0.033357 0.267969 0.066714 0.082812
0 0.036481 0.047656 0.072962 0.095312
0 0.788587 0.379219 0.078123 0.073438
0 0.767591 0.277656 0.073627 0.082812
0 0.733118 0.378437 0.054689 0.065625
0 0.867495 0.511250 0.095311 0.087500
0 0.786242 0.637031 0.067186 0.073438
0 0.919054 0.029793 0.095311 0.059585
0 0.636796 0.943546 0.083920 0.089592
0 0.307642 0.064119 0.084197 0.089378
0 0.513601 0.185233 0.060881 0.046632
0 0.443005 0.320596 0.044041 0.040155
0 0.124352 0.797280 0.062176 0.047927