0 0.676255 0.019324 0.068503 0.038648
0 0.475419 0.152300 0.077846 0.073694
0 0.126674 0.053697 0.071619 0.057087
0 0.174939 0.071863 0.051897 0.058125
0 0.046234 0.179806 0.047743 0.068503
0 0.659133 0.218728 0.067464 0.067466
0 0.395496 0.326672 0.073691 0.071616
0 0.315577 0.330306 0.084074 0.076806
0 0.027786 0.315256 0.055572 0.081997
0 0.701687 0.834222 0.075769 0.075769
0 0.404839 0.943722 0.081996 0.091338
0 0.966832 0.197450 0.066336 0.066428
0 0.916021 0.087950 0.068503 0.079922
0 0.856340 0.116494 0.079919 0.076806
0 0.790427 0.054216 0.110022 0.099641
0 0.550518 0.913212 0.072539 0.075130
0 0.376943 0.117228 0.088083 0.071244