0 0.051638 0.124522 0.059164 0.048781
0 0.128962 0.305641 0.053970 0.056047
0 0.219263 0.273463 0.074730 0.072656
0 0.177226 0.134381 0.069541 0.072656
0 0.338107 0.240769 0.073691 0.061237
0 0.507805 0.075219 0.068503 0.058125
0 0.582018 0.050309 0.077846 0.064353
0 0.393633 0.216378 0.066430 0.062275
0 0.840984 0.244922 0.091340 0.086147
0 0.811402 0.436937 0.086146 0.075769
0 0.048521 0.634662 0.075769 0.072656
0 0.457468 0.794506 0.090301 0.080959
0 0.259739 0.942928 0.083035 0.076806
0 0.942358 0.179404 0.045337 0.076425
0 0.857513 0.145725 0.111399 0.071244