0 0.961140 0.846794 0.077720 0.092552
0 0.779243 0.890034 0.088355 0.085767
0 0.725520 0.827975 0.072802 0.083412
0 0.623057 0.988990 0.049223 0.022020
0 0.223972 0.866475 0.083144 0.098235
0 0.026662 0.750572 0.053324 0.087491
0 0.101817 0.487666 0.065797 0.064103
0 0.022332 0.370288 0.044664 0.077097
0 0.061121 0.393347 0.071031 0.063896
0 0.325331 0.226650 0.084891 0.080243
0 0.935603 0.331741 0.084027 0.072766
0 0.916544 0.570825 0.078828 0.090091
0 0.886662 0.628431 0.083162 0.071900
0 0.247368 0.125000 0.088355 0.076425
0 0.185881 0.200777 0.068653 0.064767
0 0.974093 0.410622 0.051813 0.064767
0 0.105570 0.357513 0.053109 0.049223
0 0.772668 0.096503 0.050518 0.068653
0 0.786917 0.729275 0.063472 0.049223