0 0.185233 0.905498 0.075130 0.069833
0 0.020825 0.932953 0.041650 0.058906
0 0.241708 0.874047 0.086532 0.079694
0 0.112684 0.414069 0.097022 0.102219
0 0.116523 0.307969 0.075245 0.082259
0 0.233958 0.369022 0.084891 0.095288
0 0.050310 0.340869 0.095288 0.089225
0 0.457502 0.492632 0.084996 0.088890
0 0.376457 0.469068 0.110013 0.096167
0 0.337475 0.554400 0.108283 0.095288
0 0.268174 0.574325 0.096153 0.084894
0 0.379056 0.639725 0.092689 0.089225
0 0.483814 0.652503 0.104933 0.083594
0 0.576560 0.630631 0.099616 0.079694
0 0.651492 0.783091 0.093553 0.081428
0 0.741581 0.714225 0.100486 0.103084
0 0.676613 0.667447 0.088355 0.103084
0 0.039015 0.093491 0.078030 0.104080
0 0.210368 0.078007 0.068901 0.064194
0 0.042746 0.023964 0.085492 0.047927
0 0.143545 0.174550 0.080786 0.084025
0 0.916130 0.793919 0.094423 0.092688
0 0.840765 0.816441 0.084027 0.085759
0 0.853627 0.915864 0.082902 0.085370
0 0.788873 0.875347 0.059610 0.061503
0 0.813636 0.609272 0.069619 0.066431
0 0.862711 0.458463 0.082868 0.082728
0 0.757124 0.843912 0.079016 0.055699
0 0.790155 0.749352 0.069948 0.060881
0 0.242876 0.799223 0.066062 0.067358
0 0.044689 0.146373 0.076425 0.031088
0 0.248705 0.108161 0.041451 0.050518
0 0.277202 0.107513 0.028497 0.036269
0 0.174870 0.349741 0.046632 0.051813
0 0.151554 0.266192 0.041451 0.037565
0 0.113342 0.248705 0.060881 0.054404
0 0.510363 0.739637 0.080311 0.072539
0 0.233808 0.546632 0.071244 0.072539
0 0.944301 0.982513 0.059585 0.034974