0 0.326171 0.356519 0.118670 0.094328
0 0.248881 0.273372 0.098799 0.088194
0 0.273133 0.210492 0.092898 0.076425
0 0.341273 0.253288 0.092066 0.081706
0 0.440812 0.407421 0.104422 0.104848
0 0.340026 0.412298 0.068653 0.082140
0 0.524807 0.413212 0.098055 0.072539
0 0.865879 0.135363 0.112801 0.071244
0 0.530409 0.638491 0.099678 0.110556
0 0.620407 0.669234 0.116461 0.107128
0 0.978627 0.813453 0.042746 0.064913
0 0.120807 0.522541 0.105536 0.089633
0 0.724741 0.966969 0.060881 0.066062
0 0.874352 0.735104 0.067358 0.068653
0 0.825777 0.711140 0.045337 0.059585
0 0.069948 0.386010 0.051813 0.072539
0 0.055699 0.694948 0.077720 0.081606
0 0.092617 0.694301 0.063472 0.077720
0 0.183938 0.414508 0.044041 0.075130
0 0.206606 0.214378 0.068653 0.063472
0 0.790155 0.303109 0.103627 0.090674
0 0.751295 0.014249 0.095855 0.028497
0 0.952720 0.580959 0.042746 0.081606