0 0.222339 0.066406 0.084374 0.095312
0 0.159058 0.050781 0.079688 0.089062
0 0.106715 0.987656 0.090625 0.024688
0 0.162179 0.936250 0.073437 0.062500
0 0.252025 0.871406 0.087500 0.079688
0 0.250464 0.770625 0.062501 0.068750
0 0.314525 0.765938 0.056250 0.062500
0 0.259836 0.664375 0.103123 0.096875
0 0.156713 0.708125 0.087500 0.075000
0 0.079370 0.708906 0.067187 0.070312
0 0.156713 0.783125 0.074998 0.065625
0 0.114526 0.867500 0.081249 0.078125
0 0.798432 0.952656 0.064061 0.076562
0 0.883587 0.768281 0.068752 0.085938
0 0.946088 0.596406 0.084374 0.082812
0 0.672651 0.671406 0.096876 0.089062
0 0.796867 0.771406 0.095311 0.095312
0 0.658589 0.880000 0.081249 0.100000
0 0.589837 0.890156 0.081249 0.095312
0 0.517965 0.787813 0.096876 0.096875
0 0.405461 0.802656 0.084374 0.073438
0 0.386712 0.738594 0.074998 0.054687
0 0.424214 0.847969 0.100002 0.064062
0 0.502337 0.634688 0.090625 0.078125
0 0.465621 0.576875 0.092186 0.093750
0 0.372650 0.567500 0.078123 0.081250
0 0.422649 0.444063 0.087500 0.096875
0 0.505463 0.442500 0.074998 0.090625
0 0.267182 0.234688 0.095311 0.071875