0 0.347722 0.119881 0.093412 0.113134
0 0.664808 0.025947 0.073691 0.051894
0 0.644570 0.086666 0.068503 0.073694
0 0.584367 0.045669 0.101717 0.091338
0 0.550118 0.104831 0.103795 0.107944
0 0.522614 0.180600 0.108984 0.095491
0 0.561018 0.330063 0.081996 0.101716
0 0.678301 0.449944 0.088224 0.100678
0 0.598900 0.542837 0.043593 0.064353
0 0.900941 0.186828 0.095490 0.105869
0 0.908724 0.116766 0.088224 0.061238
0 0.777941 0.315013 0.059164 0.050859
0 0.792474 0.333175 0.052936 0.060200
0 0.839700 0.291141 0.062275 0.050859
0 0.814790 0.533497 0.101717 0.095491
0 0.795590 0.401678 0.042554 0.053972
0 0.799740 0.435931 0.048781 0.041519
0 0.812712 0.654934 0.076807 0.080959
0 0.786768 0.724994 0.076807 0.069541
0 0.760298 0.692819 0.057086 0.042556