0 0.969560 0.838731 0.060880 0.099741
0 0.735997 0.751863 0.100544 0.081446
0 0.661982 0.770446 0.090803 0.066799
0 0.764547 0.960492 0.090077 0.055699
0 0.371709 0.648353 0.104815 0.110013
0 0.356984 0.542238 0.129071 0.116078
0 0.120494 0.517487 0.146396 0.107513
0 0.348322 0.414034 0.123873 0.098753
0 0.476036 0.320596 0.102332 0.086788
0 0.595207 0.221716 0.125648 0.129960
0 0.954176 0.119044 0.091647 0.101291
0 0.248057 0.535622 0.125648 0.123057
0 0.465674 0.167098 0.079016 0.056995
0 0.687176 0.062824 0.117876 0.123057