0 0.057686 0.207450 0.075059 0.099400
0 0.036269 0.782383 0.072538 0.111399
0 0.228627 0.865428 0.133420 0.129247
0 0.944948 0.861399 0.079016 0.059585
0 0.414567 0.626943 0.111281 0.119171
0 0.512306 0.606218 0.125648 0.124352
0 0.608161 0.555052 0.120466 0.138601
0 0.210492 0.584382 0.099741 0.100666
0 0.175518 0.486216 0.099741 0.091602
0 0.170984 0.343912 0.054404 0.055699
0 0.311256 0.463047 0.111569 0.099400
0 0.950130 0.432789 0.099740 0.077427
0 0.763622 0.411917 0.131858 0.119171
0 0.840937 0.420984 0.069422 0.098446
0 0.483161 0.443005 0.072539 0.093264
0 0.316710 0.344560 0.097150 0.085492
0 0.282383 0.264249 0.088083 0.080311
0 0.573834 0.275907 0.126943 0.113990
0 0.531736 0.178756 0.128238 0.108808
0 0.245466 0.177461 0.112694 0.095855
0 0.583090 0.027202 0.113613 0.054404
0 0.016192 0.966969 0.032383 0.066062
0 0.413860 0.544041 0.073834 0.067358