0 0.042027 0.192969 0.078123 0.079688
0 0.120931 0.193653 0.076563 0.086788
0 0.015544 0.822656 0.031088 0.073438
0 0.031736 0.774239 0.063471 0.064022
0 0.604523 0.934375 0.109374 0.103125
0 0.621762 0.986719 0.062176 0.026562
0 0.569033 0.735342 0.082141 0.086310
0 0.623312 0.667098 0.087572 0.059585
0 0.634213 0.507031 0.087500 0.085938
0 0.380305 0.323438 0.073438 0.065625
0 0.433429 0.307031 0.064061 0.060938
0 0.844524 0.562813 0.074998 0.071875
0 0.904679 0.297969 0.098437 0.095312
0 0.746087 0.201875 0.046873 0.053125
0 0.725774 0.172969 0.062501 0.060938
0 0.948619 0.021373 0.061311 0.042746
0 0.387306 0.590674 0.077720 0.064767