0 0.061476 0.093801 0.086683 0.096929
0 0.174804 0.049943 0.085202 0.079160
0 0.689767 0.074195 0.071244 0.073260
0 0.207769 0.072281 0.086212 0.093313
0 0.150907 0.123801 0.091969 0.096957
0 0.687824 0.284974 0.075130 0.075130
0 0.140878 0.298235 0.071911 0.065381
0 0.210460 0.320242 0.071308 0.071952
0 0.158072 0.343603 0.069988 0.063900
0 0.043282 0.311474 0.086563 0.081498
0 0.205805 0.225437 0.080003 0.091284
0 0.311606 0.187824 0.078861 0.062176
0 0.388925 0.205482 0.087435 0.084539
0 0.495763 0.200014 0.057696 0.052878
0 0.740773 0.563700 0.097370 0.084184
0 0.787516 0.622839 0.075228 0.080746
0 0.611296 0.691500 0.072332 0.059844
0 0.662673 0.716350 0.085202 0.089256
0 0.051813 0.737104 0.059585 0.070063
0 0.125106 0.764528 0.091283 0.076072
0 0.169307 0.774144 0.068122 0.069013
0 0.972798 0.444199 0.054404 0.087879
0 0.267107 0.925291 0.048687 0.054772
0 0.331511 0.860378 0.061871 0.064913
0 0.673323 0.819806 0.053759 0.048684
0 0.625651 0.819300 0.059840 0.053756
0 0.334557 0.637744 0.045642 0.055784
0 0.461339 0.581450 0.063901 0.060856
0 0.593198 0.572828 0.059840 0.051728
0 0.486188 0.489659 0.066942 0.049700
0 0.373097 0.523637 0.067957 0.056800
0 0.230593 0.857844 0.060856 0.061872
0 0.262306 0.031736 0.053109 0.063472
0 0.093264 0.351036 0.049223 0.080311
0 0.057642 0.816710 0.058290 0.071244
0 0.268782 0.274611 0.076425 0.056995