0 0.081867 0.035937 0.076563 0.071874
0 0.242804 0.226745 0.079689 0.093386
0 0.315374 0.448191 0.099822 0.093256
0 0.266811 0.523438 0.093321 0.090625
0 0.197838 0.472656 0.097749 0.098437
0 0.210774 0.811852 0.112499 0.126295
0 0.246715 0.894531 0.096876 0.117188
0 0.174837 0.927004 0.081249 0.107132
0 0.068589 0.757031 0.131252 0.126563
0 0.044370 0.692924 0.082814 0.051652
0 0.335775 0.807926 0.100002 0.102898
0 0.447494 0.071094 0.104688 0.098438
0 0.370931 0.060156 0.089060 0.079688
0 0.371711 0.137500 0.100002 0.100000
0 0.477964 0.138281 0.087500 0.076562
0 0.562515 0.116406 0.100359 0.098437
0 0.563119 0.278125 0.089060 0.100000
0 0.951482 0.286719 0.097036 0.110937
0 0.709141 0.474919 0.099853 0.112338
0 0.616409 0.579688 0.098104 0.103125
0 0.490310 0.933594 0.099690 0.101562
0 0.374837 0.935937 0.118750 0.087500
0 0.386558 0.970312 0.107813 0.059375