0 0.791681 0.358606 0.048781 0.044631
0 0.737711 0.361719 0.069541 0.077844
0 0.693079 0.378844 0.032176 0.047744
0 0.726290 0.284394 0.061236 0.085109
0 0.792198 0.301000 0.074730 0.068503
0 0.673875 0.249103 0.068502 0.078881
0 0.150760 0.556331 0.056047 0.072656
0 0.245212 0.628984 0.068503 0.103794
0 0.107168 0.663756 0.068503 0.061237
0 0.024522 0.545431 0.049043 0.092375
0 0.028153 0.680362 0.056306 0.092375
0 0.140900 0.802319 0.077846 0.083034
0 0.211997 0.808547 0.076807 0.078881
0 0.046317 0.942959 0.092633 0.100678