0 0.030222 0.251666 0.060444 0.086906
0 0.080358 0.338572 0.083284 0.083284
0 0.232445 0.272487 0.086908 0.088716
0 0.201665 0.308697 0.061561 0.085097
0 0.416823 0.296928 0.069397 0.072422
0 0.481016 0.258561 0.078613 0.094841
0 0.510139 0.364380 0.074681 0.095073
0 0.628956 0.388362 0.094150 0.095959
0 0.720385 0.290594 0.085094 0.099581
0 0.803674 0.335856 0.085094 0.106822
0 0.767460 0.143034 0.095960 0.094147
0 0.790091 0.062462 0.090527 0.092338
0 0.595815 0.023964 0.088002 0.047927
0 0.657020 0.542259 0.088717 0.095959
0 0.771987 0.661753 0.083284 0.085097
0 0.861611 0.600197 0.081475 0.103200
0 0.756599 0.520531 0.070613 0.074231
0 0.728535 0.424049 0.072422 0.094907
0 0.724009 0.654512 0.063370 0.081475
0 0.690512 0.658134 0.057937 0.074231
0 0.653420 0.715166 0.063317 0.079663
0 0.715859 0.727838 0.079665 0.068800
0 0.588217 0.929011 0.088717 0.075638
0 0.364457 0.981218 0.061242 0.037564
0 0.922443 0.967120 0.066989 0.065759
0 0.925160 0.882641 0.086908 0.074231
0 0.888951 0.974363 0.072422 0.051274
0 0.964389 0.732366 0.071221 0.099581
0 0.954130 0.486131 0.086908 0.085097
0 0.917917 0.088716 0.094150 0.086906
0 0.813812 0.224506 0.077855 0.072422