0 0.096603 0.096138 0.110882 0.099619
0 0.050518 0.038860 0.046632 0.077720
0 0.162113 0.018135 0.082510 0.036269
0 0.183662 0.148544 0.101351 0.109147
0 0.273964 0.154145 0.107513 0.101036
0 0.264951 0.405822 0.084307 0.083159
0 0.568653 0.485751 0.098446 0.093264
0 0.680052 0.500648 0.101036 0.097150
0 0.623057 0.723446 0.090674 0.081606
0 0.460938 0.766243 0.080714 0.065960
0 0.483808 0.862572 0.084197 0.072294
0 0.624106 0.871762 0.090182 0.095855
0 0.337422 0.956756 0.090090 0.077962
0 0.099635 0.830670 0.085761 0.077002
0 0.030440 0.741580 0.060880 0.097150
0 0.832050 0.917775 0.090090 0.090091
0 0.806347 0.738466 0.073834 0.083149
0 0.443226 0.416216 0.059144 0.091822
0 0.698834 0.560233 0.060881 0.053109