0 0.358246 0.966909 0.107414 0.066182
0 0.647141 0.825538 0.092689 0.105681
0 0.733117 0.786712 0.111312 0.107102
0 0.968018 0.800416 0.063964 0.069300
0 0.944698 0.689534 0.095288 0.084894
0 0.960655 0.626300 0.078690 0.079694
0 0.943400 0.561331 0.087491 0.076231
0 0.907450 0.552669 0.076229 0.084894
0 0.755879 0.590026 0.091869 0.097150
0 0.645725 0.547218 0.053109 0.063595
0 0.366595 0.698043 0.085522 0.085205
0 0.723807 0.439622 0.090090 0.104816
0 0.966719 0.472972 0.066561 0.107416
0 0.306273 0.394578 0.114346 0.084025
0 0.594772 0.073834 0.116155 0.108808
0 0.517740 0.107416 0.089884 0.110881
0 0.751523 0.178881 0.119545 0.118675
0 0.955959 0.302857 0.088082 0.096358
0 0.960223 0.132103 0.079554 0.082294
0 0.804797 0.042012 0.120409 0.084024
0 0.665334 0.022956 0.106549 0.045912
0 0.676813 0.073187 0.066062 0.068653
0 0.258420 0.105570 0.086788 0.099741
0 0.011010 0.465026 0.022020 0.075130
0 0.595855 0.262953 0.077720 0.108808
0 0.886658 0.801813 0.047927 0.062176
0 0.600389 0.982513 0.050518 0.034974
0 0.652202 0.593264 0.068653 0.041451