0 0.023316 0.888196 0.046632 0.088892
0 0.276087 0.646406 0.093751 0.082812
0 0.229214 0.557344 0.087500 0.082812
0 0.170619 0.492500 0.079689 0.075000
0 0.744837 0.028594 0.109374 0.057187
0 0.902649 0.300156 0.078123 0.082812
0 0.537807 0.558973 0.092186 0.050447
0 0.854996 0.533750 0.085940 0.075000
0 0.926088 0.728125 0.062501 0.059375
0 0.873744 0.796875 0.070312 0.065625
0 0.921402 0.864062 0.065626 0.062500
0 0.801867 0.887500 0.082814 0.075000
0 0.668971 0.844531 0.089237 0.076562
0 0.604993 0.690625 0.048438 0.062500
0 0.051731 0.261719 0.085658 0.085938
0 0.944301 0.982513 0.064767 0.034974