0 0.024002 0.395972 0.048004 0.079922
0 0.025559 0.462397 0.051118 0.081997
0 0.145050 0.320200 0.073691 0.079922
0 0.181376 0.348225 0.057086 0.067466
0 0.260261 0.318125 0.052936 0.073694
0 0.339141 0.212256 0.079919 0.079922
0 0.371317 0.284394 0.077846 0.076806
0 0.429964 0.038403 0.087185 0.076806
0 0.503138 0.031656 0.067464 0.063312
0 0.610561 0.027506 0.053970 0.055009
0 0.459541 0.203953 0.081996 0.081997
0 0.561780 0.274531 0.076807 0.067466
0 0.569046 0.337847 0.080958 0.086147
0 0.564375 0.411541 0.063314 0.063312
0 0.536870 0.474334 0.076807 0.076806
0 0.606411 0.506509 0.053970 0.045669
0 0.615750 0.460322 0.076807 0.081997
0 0.656748 0.433856 0.063314 0.068503
0 0.657270 0.375212 0.101717 0.079922
0 0.701380 0.314494 0.040481 0.056047
0 0.720584 0.409981 0.049820 0.068503
0 0.867966 0.395972 0.070580 0.081997
0 0.867966 0.070578 0.068502 0.078881
0 0.811402 0.546991 0.081996 0.070578
0 0.744455 0.585394 0.072657 0.074731
0 0.931280 0.760803 0.060198 0.058125
0 0.784936 0.788309 0.064352 0.069541
0 0.751721 0.827231 0.045670 0.064353
0 0.808808 0.856812 0.070580 0.067466
0 0.846689 0.920125 0.069541 0.077844
0 0.044888 0.771700 0.080958 0.073694
0 0.166327 0.956690 0.095490 0.086620
0 0.356790 0.635731 0.040481 0.063312
0 0.318386 0.606669 0.042554 0.044631
0 0.306970 0.757169 0.052936 0.073694
0 0.299223 0.499352 0.033679 0.063472
0 0.216969 0.513601 0.037565 0.068653
0 0.453368 0.010363 0.062176 0.020725