0 0.252402 0.120369 0.095532 0.102006
0 0.226495 0.058841 0.076102 0.089053
0 0.419176 0.035492 0.095532 0.070984
0 0.428891 0.118750 0.082579 0.079341
0 0.188444 0.691937 0.077719 0.082578
0 0.980395 0.979145 0.039210 0.041709
0 0.904118 0.720272 0.097149 0.100388
0 0.984456 0.501684 0.031088 0.103628
0 0.952870 0.571309 0.094260 0.139250
0 0.767301 0.606122 0.079341 0.082578
0 0.577045 0.523544 0.113340 0.111722
0 0.579475 0.578594 0.114962 0.092294
0 0.567330 0.422344 0.119817 0.116581
0 0.593236 0.170562 0.080958 0.085816
0 0.658815 0.264475 0.095532 0.092294
0 0.679862 0.336528 0.095532 0.074481
0 0.547900 0.131703 0.064766 0.092294
0 0.962583 0.013634 0.074833 0.027267
0 0.984444 0.135750 0.031112 0.080959
0 0.834497 0.248284 0.068004 0.056672
0 0.758420 0.829663 0.060881 0.058290
0 0.717617 0.880181 0.067358 0.068653
0 0.808938 0.158679 0.081606 0.066062
0 0.383420 0.930052 0.077720 0.067358
0 0.378238 0.584845 0.038860 0.060881