0 0.118118 0.868076 0.114064 0.098847
0 0.099131 0.951719 0.073910 0.096562
0 0.042099 0.593281 0.084196 0.089062
0 0.048443 0.185469 0.055964 0.070312
0 0.267209 0.197539 0.066618 0.089378
0 0.363069 0.214492 0.044790 0.058517
0 0.544836 0.212500 0.143749 0.137500
0 0.522962 0.347118 0.125001 0.119236
0 0.668276 0.964844 0.071877 0.070312
0 0.701087 0.946875 0.068752 0.081250
0 0.581557 0.871875 0.092186 0.093750
0 0.847182 0.189063 0.089060 0.100000
0 0.916714 0.132031 0.100002 0.110938
0 0.795994 0.018135 0.102313 0.036269
0 0.189767 0.218912 0.084197 0.075130
0 0.323187 0.726036 0.076425 0.107513
0 0.322539 0.789508 0.062176 0.060881
0 0.294689 0.439767 0.060881 0.076425
0 0.738342 0.020078 0.051813 0.040155