0 0.056851 0.050341 0.113698 0.100678
0 0.088788 0.144272 0.105867 0.105869
0 0.156256 0.130259 0.074730 0.081997
0 0.273540 0.141159 0.122477 0.091338
0 0.243958 0.082516 0.092374 0.059162
0 0.331665 0.104831 0.078885 0.047744
0 0.379929 0.089781 0.050859 0.063312
0 0.513301 0.051378 0.076807 0.086147
0 0.035570 0.235091 0.071139 0.115209
0 0.055573 0.296847 0.070580 0.085109
0 0.132902 0.303594 0.104829 0.106906
0 0.285995 0.512219 0.114172 0.098603
0 0.298972 0.584353 0.092374 0.068503
0 0.026231 0.639884 0.052461 0.098603
0 0.089826 0.660125 0.083035 0.095491
0 0.035856 0.720844 0.066430 0.077844
0 0.102803 0.742119 0.086146 0.074731
0 0.398612 0.685553 0.094451 0.086147
0 0.479569 0.703716 0.075769 0.087187
0 0.417294 0.941922 0.079919 0.071616
0 0.663283 0.564116 0.081996 0.081997
0 0.694942 0.681919 0.066430 0.070578
0 0.617613 0.703716 0.057086 0.056047
0 0.620729 0.762359 0.052936 0.059163
0 0.759811 0.806991 0.065391 0.071616
0 0.653422 0.887950 0.091340 0.088225
0 0.715180 0.931022 0.079919 0.078881
0 0.775378 0.243394 0.075769 0.063312
0 0.827797 0.196687 0.078885 0.088225
0 0.862567 0.262597 0.069541 0.070578
0 0.969945 0.499244 0.060110 0.062275
0 0.941969 0.536609 0.056048 0.056047
0 0.541844 0.230422 0.059164 0.058125
0 0.446354 0.175409 0.090301 0.085109
0 0.157290 0.188903 0.070580 0.041519
0 0.770725 0.347798 0.067358 0.040155