0 0.407383 0.954769 0.081606 0.085281
0 0.502011 0.747541 0.103950 0.084894
0 0.424480 0.770063 0.116945 0.102219
0 0.601705 0.712435 0.076383 0.080311
0 0.690420 0.772228 0.078828 0.085759
0 0.430111 0.553931 0.103950 0.103084
0 0.246900 0.502825 0.075365 0.073631
0 0.117126 0.319948 0.099945 0.090674
0 0.039508 0.371762 0.079016 0.064767
0 0.517169 0.323509 0.108283 0.097887
0 0.521065 0.394975 0.102216 0.100484
0 0.527133 0.504122 0.124738 0.110881
0 0.922280 0.629534 0.041451 0.062176
0 0.778776 0.197472 0.064968 0.053706
0 0.131477 0.878238 0.079016 0.077720
0 0.089378 0.599741 0.064767 0.051813
0 0.156736 0.657383 0.036269 0.040155
0 0.654145 0.042098 0.049223 0.053109
0 0.204663 0.405440 0.031088 0.046632
0 0.104922 0.373705 0.054404 0.045337
0 0.501295 0.571891 0.075130 0.058290