0 0.487719 0.935119 0.073630 0.080563
0 0.354746 0.788722 0.084891 0.071900
0 0.356913 0.638428 0.094423 0.095287
0 0.398494 0.701662 0.092689 0.076231
0 0.729720 0.929936 0.063875 0.064998
0 0.547439 0.878356 0.068334 0.062412
0 0.880126 0.965026 0.084027 0.069948
0 0.770148 0.849791 0.073694 0.065834
0 0.777279 0.683989 0.077566 0.085594
0 0.829735 0.636644 0.089522 0.097122
0 0.906351 0.604714 0.096624 0.088500
0 0.442669 0.519319 0.099617 0.099619
0 0.381602 0.524081 0.091824 0.112613
0 0.301472 0.545306 0.087491 0.094422
0 0.301472 0.595116 0.103085 0.097019
0 0.207902 0.502591 0.071244 0.093264
0 0.294870 0.428845 0.091607 0.088260
0 0.583557 0.444388 0.055683 0.064103
0 0.518888 0.467433 0.078804 0.059953
0 0.467791 0.434425 0.064968 0.073631
0 0.562251 0.367725 0.070097 0.080563
0 0.587335 0.304176 0.073635 0.067814
0 0.032383 0.361659 0.064766 0.097888
0 0.034008 0.177147 0.068016 0.089225
0 0.834217 0.136000 0.096153 0.095287
0 0.835439 0.036381 0.083008 0.072762
0 0.801405 0.111200 0.082084 0.077322
0 0.490933 0.741580 0.059585 0.073834
0 0.416451 0.768782 0.050518 0.058290
0 0.336140 0.727979 0.060881 0.059585
0 0.235104 0.345207 0.073834 0.060881
0 0.143782 0.357513 0.093264 0.088083
0 0.136010 0.305699 0.038860 0.036269
0 0.764896 0.536917 0.071244 0.079016
0 0.678109 0.916451 0.060881 0.063472
0 0.772668 0.615285 0.047927 0.054404
0 0.880181 0.707902 0.053109 0.058290
0 0.946891 0.687176 0.041451 0.055699
0 0.974093 0.963083 0.051813 0.045337
0 0.700777 0.386658 0.025907 0.060881
0 0.353627 0.144430 0.082902 0.079016