0 0.971349 0.091337 0.057301 0.080959
0 0.924536 0.116766 0.077846 0.071616
0 0.878349 0.234572 0.087185 0.080959
0 0.809846 0.044631 0.085112 0.089262
0 0.742899 0.089262 0.090301 0.093413
0 0.616272 0.192016 0.081996 0.085109
0 0.633916 0.289581 0.044631 0.026987
0 0.670764 0.247028 0.083035 0.089263
0 0.582540 0.266747 0.087185 0.083034
0 0.521299 0.317087 0.074730 0.086147
0 0.472518 0.335772 0.060198 0.084072
0 0.491200 0.409462 0.072657 0.079922
0 0.531160 0.445272 0.055009 0.064353
0 0.747567 0.393894 0.085112 0.092375
0 0.852400 0.430222 0.080958 0.090300
0 0.644293 0.514294 0.086146 0.096528
0 0.591879 0.660644 0.045670 0.069541
0 0.914158 0.582797 0.092374 0.102756
0 0.821262 0.609266 0.089262 0.089262
0 0.830084 0.682438 0.052936 0.065391
0 0.740822 0.619125 0.071619 0.063312
0 0.783376 0.769625 0.057086 0.088225
0 0.830601 0.780525 0.080958 0.095491
0 0.948407 0.824634 0.065391 0.077844
0 0.879904 0.831900 0.075769 0.092375
0 0.767809 0.894697 0.079919 0.076806
0 0.834756 0.975371 0.068503 0.049258
0 0.772481 0.990941 0.066430 0.018118
0 0.616789 0.987827 0.076807 0.024345
0 0.098863 0.756131 0.060198 0.081997
0 0.069281 0.729666 0.071619 0.076806
0 0.017775 0.731222 0.035549 0.081997
0 0.345369 0.504953 0.077846 0.086147
0 0.248845 0.172816 0.065391 0.081997
0 0.186048 0.109503 0.085112 0.071616
0 0.166327 0.181638 0.078885 0.080959
0 0.119101 0.244431 0.071619 0.075769
0 0.028672 0.226787 0.057343 0.067466
0 0.065131 0.283356 0.065391 0.068503
0 0.026077 0.397009 0.052154 0.079922
0 0.031785 0.474853 0.063570 0.079922
0 0.048521 0.499762 0.055009 0.055009