0 0.123294 0.868750 0.121287 0.112500
0 0.166556 0.728125 0.107813 0.106250
0 0.384523 0.294689 0.140624 0.120466
0 0.960544 0.764062 0.078912 0.103125
0 0.971480 0.837471 0.057039 0.053181
0 0.969920 0.896094 0.060160 0.067187
0 0.597620 0.903360 0.131184 0.112970
0 0.463731 0.858663 0.142487 0.129825
0 0.496867 0.601975 0.120311 0.121049
0 0.654965 0.487500 0.125992 0.137500
0 0.721086 0.302344 0.115625 0.135937
0 0.632806 0.283594 0.104688 0.123438
0 0.813276 0.232691 0.106248 0.127883
0 0.846867 0.312500 0.120311 0.106250
0 0.823433 0.563148 0.101562 0.123705
0 0.931448 0.545984 0.116782 0.123057
0 0.896870 0.628906 0.098437 0.082813
0 0.773279 0.058594 0.126868 0.117188
0 0.970387 0.184375 0.059226 0.121875
0 0.645078 0.191062 0.080311 0.063472