0 0.352200 0.788253 0.096153 0.090091
0 0.444457 0.889606 0.084891 0.065834
0 0.482569 0.770063 0.084891 0.079694
0 0.668026 0.772844 0.089939 0.089729
0 0.417263 0.559705 0.113661 0.111160
0 0.016192 0.557903 0.032383 0.074354
0 0.331845 0.596813 0.128207 0.103950
0 0.707383 0.125683 0.096113 0.093334
0 0.705959 0.969560 0.054404 0.060880
0 0.798575 0.750572 0.086788 0.087491
0 0.902076 0.487666 0.066315 0.064103
0 0.809581 0.370288 0.070166 0.077097
0 0.861121 0.394642 0.071031 0.061306
0 0.290155 0.643782 0.101036 0.090674
0 0.334845 0.456606 0.091969 0.071244
0 0.036269 0.111399 0.072538 0.075130
0 0.061528 0.983808 0.071244 0.032383
0 0.020078 0.941062 0.040155 0.032383
0 0.906736 0.358161 0.046632 0.053109
0 0.709845 0.731865 0.067358 0.077720
0 0.494819 0.915803 0.038860 0.046632
0 0.886658 0.636658 0.055699 0.066062
0 0.604275 0.323834 0.055699 0.049223
0 0.620466 0.931995 0.038860 0.058290