0 0.796135 0.985534 0.097887 0.028932
0 0.552120 0.901377 0.088695 0.085847
0 0.605189 0.832753 0.069415 0.087787
0 0.538860 0.773964 0.090674 0.084197
0 0.488990 0.710150 0.076425 0.083512
0 0.408679 0.810233 0.073834 0.066062
0 0.879264 0.775907 0.082363 0.075130
0 0.913860 0.650549 0.084197 0.095276
0 0.976036 0.548769 0.047927 0.075362
0 0.914598 0.539202 0.080130 0.082217
0 0.516839 0.506257 0.088083 0.092824
0 0.685194 0.290126 0.064845 0.062236
0 0.801766 0.435291 0.076229 0.071900
0 0.781410 0.378984 0.084027 0.080563
0 0.905440 0.398008 0.093264 0.082222
0 0.876698 0.226956 0.099617 0.095287
0 0.998769 0.473841 0.002462 0.090091
0 0.972350 0.060375 0.055300 0.061165
0 0.976246 0.122141 0.047508 0.088356
0 0.729275 0.081355 0.064767 0.069446
0 0.513601 0.352332 0.060881 0.062176
0 0.909828 0.295634 0.094851 0.070544
0 0.430052 0.718264 0.046632 0.053109
0 0.911917 0.124352 0.067358 0.059585
0 0.650259 0.283679 0.028497 0.036269