0 0.009510 0.575850 0.019019 0.073125
0 0.014734 0.117522 0.029468 0.083569
0 0.110425 0.191297 0.075736 0.079653
0 0.165923 0.284009 0.087486 0.087487
0 0.178979 0.332322 0.056151 0.056150
0 0.084961 0.287925 0.087486 0.095322
0 0.188121 0.077041 0.069208 0.065291
0 0.263203 0.073778 0.073123 0.056150
0 0.254715 0.163875 0.071816 0.090100
0 0.350036 0.255281 0.066594 0.066594
0 0.395085 0.356478 0.080958 0.073125
0 0.404880 0.450494 0.077042 0.070513
0 0.175059 0.615025 0.077042 0.075734
0 0.124135 0.581075 0.079651 0.091406
0 0.199871 0.681619 0.084877 0.080959
0 0.389210 0.633956 0.082264 0.092709
0 0.641224 0.469428 0.100547 0.087487
0 0.666689 0.574544 0.062679 0.065291
0 0.582465 0.553653 0.048316 0.070512
0 0.518484 0.641794 0.058759 0.045703
0 0.498241 0.711000 0.078349 0.090100
0 0.570715 0.685538 0.095321 0.099241
0 0.659507 0.673784 0.071816 0.075734
0 0.737856 0.674438 0.095321 0.103156
0 0.660161 0.782163 0.078349 0.080959
0 0.797922 0.030034 0.074429 0.060066
0 0.838399 0.015016 0.074429 0.030031
0 0.878226 0.029381 0.062679 0.058759
0 0.015386 0.955181 0.030772 0.082266
0 0.077779 0.019588 0.078349 0.039175
0 0.220660 0.012405 0.074224 0.024810