0 0.125930 0.054688 0.101562 0.090625
0 0.066555 0.039844 0.120311 0.079687
0 0.036793 0.147656 0.073586 0.082812
0 0.129056 0.146875 0.082814 0.084375
0 0.224367 0.162710 0.079689 0.087079
0 0.213430 0.335938 0.085940 0.087500
0 0.326714 0.053906 0.081249 0.079687
0 0.513901 0.422045 0.075623 0.074660
0 0.400953 0.368928 0.076517 0.074644
0 0.204839 0.559375 0.090625 0.081250
0 0.274371 0.460492 0.082814 0.042746
0 0.329055 0.507812 0.070312 0.071875
0 0.273586 0.603125 0.087500 0.093750
0 0.160306 0.539062 0.057815 0.084375
0 0.030543 0.711719 0.061086 0.114062
0 0.082183 0.754687 0.082814 0.084375
0 0.165777 0.760156 0.096876 0.092188
0 0.176714 0.842981 0.087500 0.095288
0 0.226036 0.784974 0.050518 0.069948
0 0.206399 0.971875 0.115625 0.056250
0 0.105617 0.912500 0.104688 0.100000
0 0.423586 0.827344 0.093751 0.085938
0 0.318898 0.869531 0.109374 0.085938
0 0.381399 0.727344 0.074998 0.095312
0 0.397807 0.521875 0.067186 0.081250
0 0.333746 0.754687 0.073437 0.096875
0 0.491558 0.717969 0.117190 0.107812
0 0.512814 0.800959 0.090952 0.061294
0 0.744836 0.626563 0.106248 0.112500
0 0.646399 0.661719 0.093751 0.073438
0 0.640704 0.735156 0.076105 0.079688
0 0.571401 0.741406 0.071877 0.129688