0 0.203418 0.788924 0.087982 0.095727
0 0.233161 0.722988 0.064767 0.079931
0 0.121458 0.239642 0.099052 0.093275
0 0.119972 0.307837 0.063165 0.076036
0 0.200777 0.267629 0.054404 0.063188
0 0.045984 0.074458 0.091968 0.110056
0 0.151198 0.020565 0.113477 0.041130
0 0.238990 0.546632 0.071244 0.077720
0 0.390237 0.796639 0.087401 0.093278
0 0.432642 0.841969 0.051813 0.056995
0 0.329663 0.884067 0.063472 0.053109
0 0.092617 0.838731 0.063472 0.084197
0 0.893782 0.693005 0.067358 0.067358
0 0.564119 0.696244 0.053109 0.066062
0 0.179404 0.418394 0.063472 0.080311