0 0.038489 0.128394 0.076978 0.087284
0 0.066227 0.175831 0.092346 0.080959
0 0.133273 0.160019 0.061984 0.069575
0 0.862530 0.323203 0.080958 0.079694
0 0.741091 0.276397 0.075900 0.077162
0 0.938430 0.566078 0.068310 0.061984
0 0.642424 0.521172 0.065776 0.068309
0 0.591194 0.442450 0.072103 0.084752
0 0.562096 0.512316 0.069574 0.078428
0 0.493791 0.527497 0.051864 0.068309
0 0.488729 0.620472 0.074636 0.082225
0 0.481773 0.686881 0.063248 0.078428
0 0.534902 0.720403 0.070838 0.074634
0 0.607639 0.691944 0.072103 0.075900
0 0.355273 0.452862 0.083491 0.075900
0 0.265460 0.802628 0.131558 0.122703
0 0.104175 0.872834 0.102465 0.091078
0 0.214230 0.300431 0.067045 0.072103
0 0.218023 0.224759 0.034155 0.056476
0 0.183239 0.254259 0.080958 0.070837
0 0.119356 0.310553 0.084755 0.082225
0 0.018882 0.292209 0.037764 0.037950
0 0.030267 0.313081 0.060533 0.036684
0 0.009394 0.364313 0.018788 0.083487
0 0.038490 0.385184 0.076980 0.087284
0 0.017618 0.502828 0.035236 0.067044
0 0.207274 0.599600 0.050600 0.055659
0 0.585307 0.589008 0.068468 0.084752
0 0.020725 0.453368 0.041450 0.055514
0 0.631014 0.812176 0.055514 0.061066