0 0.032383 0.197118 0.064766 0.080764
0 0.396554 0.517969 0.070312 0.073438
0 0.444992 0.500781 0.060935 0.064062
0 0.350461 0.474219 0.071877 0.067188
0 0.428589 0.202344 0.093751 0.095312
0 0.218429 0.125000 0.085939 0.096875
0 0.162179 0.064844 0.110939 0.070312
0 0.464526 0.912813 0.074998 0.068750
0 0.694215 0.956406 0.078123 0.087187
0 0.737182 0.962656 0.051564 0.074687
0 0.575464 0.758906 0.081249 0.079688
0 0.765307 0.876875 0.073438 0.056250
0 0.958824 0.760469 0.082352 0.085938
0 0.878586 0.749531 0.093751 0.089062
0 0.592652 0.099219 0.103123 0.089062
0 0.696555 0.092187 0.095311 0.109375
0 0.794992 0.082031 0.098437 0.089062
0 0.796557 0.018750 0.095311 0.037500
0 0.976793 0.143750 0.046414 0.096875
0 0.986950 0.440938 0.026100 0.084375
0 0.792098 0.945596 0.091969 0.095855
0 0.871762 0.896373 0.054404 0.036269