0 0.019294 0.753125 0.038588 0.081250
0 0.020857 0.810156 0.041714 0.057812
0 0.027105 0.539844 0.054210 0.079688
0 0.064368 0.482812 0.082814 0.100000
0 0.133899 0.501563 0.081249 0.106250
0 0.376086 0.366406 0.081249 0.070313
0 0.369055 0.413281 0.051564 0.060937
0 0.424524 0.425781 0.074998 0.085938
0 0.504993 0.409375 0.070312 0.084375
0 0.406556 0.610156 0.082814 0.079688
0 0.247184 0.586719 0.076563 0.076563
0 0.261246 0.662500 0.079688 0.087500
0 0.205776 0.786719 0.081249 0.085937
0 0.278429 0.816406 0.076563 0.092187
0 0.152648 0.872656 0.071877 0.079687
0 0.060462 0.853906 0.074998 0.092187
0 0.179992 0.984375 0.079688 0.031250
0 0.465151 0.882812 0.096876 0.084375
0 0.504993 0.814844 0.085939 0.067187
0 0.591712 0.113906 0.087500 0.067188
0 0.617492 0.026875 0.070312 0.053750
0 0.544839 0.026875 0.081249 0.053750
0 0.744058 0.025312 0.079689 0.050624
0 0.727650 0.070938 0.078123 0.056250
0 0.792492 0.053750 0.073438 0.075000
0 0.862023 0.040469 0.071877 0.076563
0 0.926869 0.018281 0.067186 0.036562
0 0.972418 0.240469 0.055164 0.076562
0 0.915152 0.278750 0.090625 0.084375
0 0.631554 0.534219 0.085939 0.085938
0 0.736242 0.620937 0.085940 0.087500
0 0.729211 0.734219 0.078123 0.082813
0 0.654213 0.750625 0.071877 0.081250
0 0.685463 0.788125 0.062501 0.046875
0 0.568273 0.610000 0.078123 0.075000
0 0.558902 0.830313 0.062501 0.071875
0 0.592493 0.813906 0.051564 0.054687
0 0.959764 0.649219 0.080472 0.089063
0 0.330311 0.845855 0.054404 0.036269