0 0.384018 0.956170 0.084074 0.087659
0 0.565137 0.929984 0.091340 0.074731
0 0.024124 0.572938 0.048248 0.080959
0 0.110003 0.701122 0.042554 0.071616
0 0.109486 0.576569 0.070580 0.086147
0 0.136991 0.480563 0.084074 0.080959
0 0.217948 0.600444 0.059164 0.071616
0 0.150484 0.618087 0.084074 0.077844
0 0.465497 0.675694 0.066430 0.070578
0 0.450965 0.549584 0.078885 0.092375
0 0.004404 0.072137 0.008808 0.090300
0 0.046690 0.064872 0.081996 0.084072
0 0.155156 0.015050 0.074730 0.030100
0 0.212759 0.035809 0.059164 0.071616
0 0.160345 0.073694 0.087185 0.083034
0 0.190965 0.118844 0.050859 0.069541
0 0.621706 0.047225 0.071619 0.069541
0 0.678793 0.108981 0.081996 0.083034
0 0.596796 0.128703 0.075769 0.083034
0 0.534517 0.165550 0.069541 0.036328
0 0.651283 0.203953 0.056047 0.055009
0 0.931526 0.502359 0.089262 0.097566
0 0.844341 0.579684 0.103795 0.100678
0 0.838113 0.718247 0.093413 0.091337
0 0.811647 0.804916 0.098601 0.100678
0 0.851085 0.863559 0.059164 0.074731
0 0.819948 0.918569 0.084074 0.112097