0 0.345921 0.814225 0.063314 0.064353
0 0.173107 0.946562 0.080957 0.071616
0 0.148197 0.983401 0.078885 0.033198
0 0.055301 0.987552 0.075769 0.024895
0 0.087477 0.865603 0.063314 0.055009
0 0.290912 0.982363 0.075769 0.035274
0 0.862808 0.113622 0.075769 0.085109
0 0.978891 0.727041 0.042218 0.060200
0 0.926644 0.755062 0.056047 0.068503
0 0.824405 0.859375 0.048781 0.055009
0 0.839976 0.676181 0.059164 0.064353
0 0.785484 0.688634 0.051897 0.051897
0 0.756424 0.768038 0.062275 0.067466
0 0.612148 0.640372 0.068503 0.065391
0 0.749675 0.543844 0.063314 0.065391
0 0.818177 0.544881 0.065391 0.063312
0 0.986674 0.237656 0.026652 0.071616
0 0.489637 0.147668 0.069948 0.067358