0 0.081767 0.702678 0.078885 0.080959
0 0.187634 0.868747 0.035288 0.062275
0 0.558695 0.989384 0.084074 0.021231
0 0.560255 0.939328 0.060198 0.051897
0 0.630313 0.926872 0.050859 0.053972
0 0.987713 0.964756 0.024574 0.065391
0 0.804683 0.823078 0.067464 0.070578
0 0.745003 0.847469 0.056047 0.061237
0 0.688438 0.831900 0.067464 0.059162
0 0.474626 0.634175 0.061236 0.068503
0 0.522886 0.666350 0.056047 0.047744
0 0.455422 0.687109 0.066430 0.041519
0 0.262369 0.339922 0.064352 0.052934
0 0.260809 0.404794 0.067464 0.064353
0 0.183484 0.507028 0.060198 0.063312
0 0.571150 0.480562 0.069541 0.062275
0 0.629796 0.527269 0.064352 0.066428
0 0.631352 0.578128 0.059164 0.049822
0 0.579455 0.544394 0.048781 0.063312
0 0.672867 0.329544 0.071619 0.073694
0 0.719054 0.284913 0.070580 0.077844
0 0.962453 0.010897 0.050859 0.021794
0 0.956743 0.047225 0.058125 0.059163
0 0.964526 0.107425 0.059164 0.055009
0 0.963487 0.273494 0.063314 0.061238
0 0.954148 0.368984 0.069541 0.069541
0 0.958298 0.435412 0.065391 0.055009
0 0.826999 0.445791 0.051897 0.044631
0 0.810911 0.492497 0.036326 0.034253
0 0.887718 0.458247 0.055009 0.050859
0 0.937543 0.622759 0.067464 0.076806
0 0.974739 0.672578 0.050521 0.066428
0 0.841531 0.746272 0.072657 0.072656
0 0.899139 0.791941 0.073691 0.058125
0 0.850875 0.932063 0.064352 0.062275