0 0.959845 0.936790 0.080310 0.086014
0 0.664196 0.773391 0.088242 0.084184
0 0.801368 0.658871 0.089783 0.086404
0 0.856910 0.652691 0.090273 0.094328
0 0.925375 0.526412 0.113599 0.103456
0 0.849300 0.529551 0.099400 0.085010
0 0.527773 0.648631 0.095344 0.098384
0 0.511544 0.515763 0.091283 0.084184
0 0.434967 0.545175 0.094329 0.092300
0 0.357375 0.571547 0.093314 0.104472
0 0.305357 0.596706 0.060271 0.083790
0 0.187484 0.469613 0.102441 0.099400
0 0.269075 0.489046 0.081021 0.086901
0 0.240933 0.575290 0.046632 0.062498
0 0.972829 0.324495 0.054342 0.089404
0 0.889030 0.333142 0.079454 0.078201
0 0.947539 0.363342 0.042746 0.055699