0 0.215674 0.771401 0.094560 0.107456
0 0.114846 0.641009 0.085761 0.082294
0 0.260809 0.585569 0.093554 0.087491
0 0.207534 0.642741 0.099617 0.082294
0 0.066710 0.643187 0.066062 0.097046
0 0.054687 0.452048 0.069383 0.090722
0 0.014760 0.383731 0.029519 0.116944
0 0.276403 0.375934 0.081427 0.077097
0 0.272939 0.669163 0.088355 0.102219
0 0.714725 0.977332 0.102216 0.045336
0 0.936485 0.972150 0.109148 0.055699
0 0.746114 0.888322 0.098446 0.109147
0 0.801351 0.786106 0.098752 0.090091
0 0.958549 0.795344 0.082902 0.095869
0 0.720207 0.725389 0.080311 0.062176