0 0.472825 0.104313 0.089262 0.065391
0 0.531984 0.194613 0.114172 0.125591
0 0.639412 0.224712 0.102756 0.111059
0 0.698570 0.153612 0.090301 0.091337
0 0.745801 0.295291 0.087185 0.081997
0 0.769672 0.348225 0.085112 0.061238
0 0.402762 0.303594 0.121439 0.119363
0 0.185833 0.447866 0.133894 0.119362
0 0.303122 0.629503 0.125589 0.127666
0 0.398090 0.685034 0.095490 0.037366
0 0.200887 0.581241 0.122477 0.097566
0 0.050384 0.669984 0.089262 0.088225
0 0.826758 0.630025 0.095490 0.089262
0 0.898372 0.675694 0.066430 0.095491
0 0.989637 0.090674 0.020725 0.069948
0 0.597798 0.271373 0.076425 0.060881
0 0.856218 0.952720 0.080311 0.071244