0 0.367945 0.976684 0.100897 0.046632
0 0.562646 0.387197 0.098752 0.089225
0 0.648839 0.344750 0.092689 0.090956
0 0.662267 0.530563 0.064103 0.069300
0 0.721172 0.545584 0.062369 0.070442
0 0.675871 0.619430 0.075720 0.061658
0 0.734600 0.351247 0.077094 0.081428
0 0.831606 0.287634 0.082902 0.080448
0 0.487719 0.129673 0.073630 0.069670
0 0.354746 0.012336 0.084891 0.024672
0 0.730368 0.128382 0.065171 0.061889
0 0.543553 0.074859 0.060562 0.069407
0 0.880126 0.163212 0.084027 0.075130
0 0.767557 0.049791 0.068513 0.065834
0 0.334197 0.286269 0.054404 0.059585
0 0.282383 0.345207 0.082902 0.071244
0 0.305699 0.381477 0.062176 0.050518
0 0.371114 0.437176 0.066062 0.066062
0 0.416451 0.431347 0.045337 0.046632
0 0.440415 0.470855 0.054404 0.060881
0 0.492228 0.443005 0.054404 0.062176
0 0.100389 0.966321 0.071244 0.046632
0 0.672280 0.113990 0.059585 0.069948
0 0.978627 0.158679 0.042746 0.047927
0 0.279793 0.920337 0.051813 0.097150