0 0.644990 0.022465 0.099358 0.044930
0 0.254919 0.033505 0.095678 0.067009
0 0.178558 0.079891 0.097520 0.073600
0 0.278837 0.113009 0.103038 0.088319
0 0.230996 0.150728 0.066237 0.057037
0 0.090240 0.194887 0.119596 0.101197
0 0.240198 0.242728 0.084638 0.086478
0 0.014302 0.307125 0.028599 0.090159
0 0.022579 0.441444 0.045158 0.053359
0 0.049261 0.498481 0.098521 0.108559
0 0.038719 0.671441 0.071760 0.086478
0 0.409473 0.325525 0.077277 0.082800
0 0.484913 0.355884 0.077277 0.073600
0 0.655109 0.334725 0.075440 0.071759
0 0.641310 0.462603 0.077277 0.073600
0 0.573231 0.487444 0.062557 0.071759
0 0.930186 0.228928 0.069917 0.069919
0 0.819788 0.626359 0.051521 0.062559
0 0.683629 0.607959 0.062557 0.058878
0 0.931103 0.717438 0.090160 0.079119
0 0.165680 0.844397 0.097520 0.068078
0 0.249396 0.940075 0.106718 0.082800
0 0.206156 0.967738 0.079120 0.064524
0 0.856218 0.954663 0.028497 0.044041