0 0.098131 0.068472 0.097567 0.106906
0 0.353459 0.051866 0.074730 0.059162
0 0.435977 0.065878 0.088224 0.076806
0 0.492024 0.190428 0.044631 0.066428
0 0.387195 0.134900 0.065391 0.069541
0 0.439610 0.186797 0.058125 0.063312
0 0.459848 0.256337 0.071619 0.067466
0 0.424039 0.504403 0.097567 0.069541
0 0.610868 0.381409 0.087185 0.085109
0 0.688193 0.375181 0.059164 0.074731
0 0.016887 0.715622 0.033774 0.087188
0 0.146396 0.754544 0.102756 0.086147
0 0.469709 0.752987 0.099640 0.105869
0 0.734901 0.691231 0.079919 0.088225
0 0.854780 0.725481 0.070580 0.065391
0 0.916021 0.774784 0.110022 0.112097
0 0.850113 0.961605 0.084074 0.076790
0 0.652905 0.979249 0.084074 0.041502
0 0.715674 0.016192 0.060881 0.032383