0 0.448834 0.908785 0.068653 0.065850
0 0.864011 0.954466 0.080130 0.072013
0 0.752438 0.887019 0.082156 0.075056
0 0.353627 0.807883 0.072539 0.087268
0 0.753961 0.758203 0.079115 0.073028
0 0.680699 0.734456 0.066062 0.059585
0 0.734686 0.645619 0.083171 0.097372
0 0.645433 0.628881 0.107512 0.106500
0 0.066062 0.582254 0.064767 0.076425
0 0.078368 0.489925 0.071244 0.059844
0 0.217896 0.467795 0.071981 0.085850
0 0.434585 0.408031 0.097150 0.082902
0 0.604275 0.265544 0.081606 0.075130
0 0.679410 0.182435 0.086212 0.082486
0 0.382224 0.119819 0.084186 0.066062
0 0.464887 0.025118 0.085202 0.050236
0 0.402006 0.017511 0.087227 0.035022
0 0.637824 0.007875 0.061871 0.015750
0 0.260232 0.057642 0.057257 0.058290
0 0.322891 0.261713 0.068972 0.059844
0 0.886010 0.568653 0.085492 0.077720
0 0.255829 0.899611 0.081606 0.104922
0 0.171632 0.843912 0.071244 0.058290
0 0.310881 0.744819 0.085492 0.080311
0 0.517487 0.873057 0.050518 0.044041