0 0.421934 0.986816 0.100486 0.026367
0 0.484103 0.963083 0.075835 0.073834
0 0.352633 0.943747 0.086626 0.070166
0 0.013601 0.742775 0.027202 0.078828
0 0.062441 0.825934 0.081427 0.077097
0 0.327944 0.753172 0.068432 0.068434
0 0.606879 0.721119 0.063238 0.070166
0 0.555334 0.690369 0.084891 0.086625
0 0.462213 0.639691 0.122144 0.101350
0 0.410241 0.527512 0.097887 0.095287
0 0.335309 0.522316 0.112612 0.103950
0 0.487530 0.459983 0.120795 0.114267
0 0.437824 0.392723 0.088083 0.096326
0 0.202341 0.294780 0.110013 0.105105
0 0.022668 0.372043 0.045336 0.082339
0 0.882124 0.884715 0.059585 0.056995
0 0.960448 0.813472 0.079104 0.088083
0 0.818653 0.749899 0.067358 0.059383
0 0.884549 0.700616 0.083234 0.079988
0 0.862694 0.588266 0.080311 0.085126
0 0.308938 0.359456 0.091969 0.097150
0 0.162565 0.597150 0.073834 0.049223
0 0.279793 0.679404 0.064767 0.066062