0 0.367961 0.895459 0.073691 0.069541
0 0.509637 0.935419 0.072657 0.080959
0 0.502371 0.980165 0.056047 0.039670
0 0.619660 0.971342 0.074730 0.057316
0 0.779502 0.977570 0.078885 0.044859
0 0.818423 0.905838 0.069541 0.071616
0 0.733832 0.738731 0.076807 0.079922
0 0.675190 0.652584 0.067464 0.071616
0 0.675190 0.456934 0.086146 0.087188
0 0.736426 0.400884 0.084074 0.085109
0 0.732793 0.135694 0.068503 0.088225
0 0.691795 0.181881 0.065391 0.062275
0 0.691278 0.031780 0.041515 0.063559
0 0.828283 0.040602 0.080958 0.081203
0 0.930518 0.176172 0.079919 0.084072
0 0.861498 0.463681 0.062275 0.067466
0 0.874992 0.536334 0.060198 0.067466
0 0.978493 0.569031 0.043014 0.060200
0 0.824133 0.539450 0.039442 0.065391
0 0.810118 0.688909 0.055009 0.077844
0 0.887447 0.734059 0.053970 0.072656
0 0.929484 0.759491 0.077846 0.073694