0 0.109961 0.644310 0.065051 0.071485
0 0.047852 0.428756 0.072690 0.077720
0 0.270148 0.423969 0.085202 0.093312
0 0.351289 0.614147 0.083171 0.086213
0 0.455760 0.678047 0.087227 0.090272
0 0.507488 0.668919 0.077085 0.080128
0 0.645941 0.684131 0.100415 0.108528
0 0.641947 0.536254 0.076209 0.077689
0 0.581532 0.483161 0.089258 0.090674
0 0.674197 0.448574 0.092021 0.106993
0 0.542373 0.358041 0.092517 0.097372
0 0.652023 0.329641 0.076070 0.085200
0 0.685466 0.230113 0.090208 0.088997
0 0.590152 0.218072 0.104472 0.099400
0 0.139844 0.349741 0.070052 0.082902
0 0.194948 0.169689 0.079016 0.082902
0 0.925375 0.824609 0.091283 0.093313
0 0.983480 0.744991 0.033040 0.110556
0 0.804166 0.512719 0.104472 0.112584
0 0.760048 0.581691 0.125772 0.114613
0 0.973338 0.607553 0.053324 0.115628
0 0.675353 0.076578 0.102441 0.096356
0 0.577720 0.095855 0.088083 0.085492
0 0.599284 0.034994 0.114614 0.069984
0 0.904145 0.960492 0.082902 0.079016
0 0.974093 0.954663 0.051813 0.077720
0 0.300518 0.327073 0.072539 0.073834
0 0.024611 0.016192 0.049222 0.032383
0 0.079663 0.023964 0.071244 0.047927
0 0.040155 0.610751 0.067358 0.076425