0 0.817851 0.959086 0.068344 0.076204
0 0.721558 0.781563 0.095311 0.075000
0 0.791085 0.704219 0.093751 0.082812
0 0.982262 0.660770 0.035475 0.072835
0 0.705931 0.576094 0.107813 0.095313
0 0.616085 0.683906 0.081249 0.092188
0 0.619891 0.752172 0.060736 0.047469
0 0.481712 0.749942 0.078123 0.064883
0 0.072338 0.476094 0.084374 0.064062
0 0.741867 0.433125 0.101562 0.093750
0 0.833277 0.340156 0.090625 0.095312
0 0.916086 0.315156 0.081249 0.082812
0 0.896558 0.382344 0.067187 0.057812
0 0.096557 0.219560 0.070312 0.063472
0 0.030440 0.176166 0.060880 0.056995