0 0.271163 0.136658 0.082027 0.086788
0 0.012731 0.633906 0.025462 0.070312
0 0.073900 0.663594 0.087500 0.079687
0 0.141192 0.595639 0.077720 0.078153
0 0.140307 0.704152 0.092186 0.076697
0 0.876242 0.980625 0.079689 0.038750
0 0.823898 0.978627 0.062501 0.042746
0 0.246555 0.955781 0.070312 0.073438
0 0.143432 0.940938 0.060936 0.068750
0 0.129789 0.902957 0.060097 0.057210
0 0.143782 0.791719 0.054404 0.079688
0 0.367650 0.740938 0.071877 0.065625
0 0.420199 0.519062 0.076149 0.075000
0 0.498118 0.465156 0.073437 0.064062
0 0.509839 0.582344 0.043752 0.051562
0 0.476244 0.602656 0.051564 0.073437
0 0.590308 0.355781 0.070312 0.076562
0 0.332494 0.847656 0.082814 0.067188
0 0.660620 0.210156 0.067186 0.067187
0 0.605931 0.255469 0.076563 0.064062
0 0.556712 0.213281 0.074998 0.076562
0 0.513745 0.133594 0.073438 0.070312
0 0.384838 0.015625 0.068752 0.031250
0 0.316958 0.015544 0.079511 0.031088
0 0.667025 0.073154 0.067504 0.071308
0 0.710162 0.023316 0.053770 0.046632
0 0.975389 0.039063 0.049222 0.078125
0 0.957264 0.213884 0.085472 0.090981
0 0.976012 0.417188 0.047975 0.134375
0 0.240933 0.698834 0.051813 0.060881
0 0.907383 0.238990 0.063472 0.115285