0 0.289054 0.038281 0.048438 0.073438
0 0.649231 0.106865 0.069413 0.047927
0 0.784825 0.026562 0.062474 0.053124
0 0.148737 0.417105 0.049676 0.049210
0 0.071244 0.316052 0.067358 0.059605
0 0.076243 0.469844 0.064061 0.070312
0 0.573898 0.498750 0.068752 0.075000
0 0.590306 0.794063 0.082814 0.084375
0 0.754465 0.714375 0.060743 0.084375
0 0.801242 0.756563 0.089060 0.090625
0 0.852025 0.697969 0.087500 0.092188
0 0.902809 0.710469 0.054689 0.079688
0 0.975231 0.905989 0.049538 0.091771
0 0.655596 0.970207 0.069636 0.059585
0 0.582494 0.983161 0.079689 0.033678
0 0.965387 0.195129 0.069226 0.070882
0 0.929283 0.135049 0.068896 0.068026
0 0.432642 0.707254 0.056995 0.064767
0 0.244819 0.715674 0.049223 0.053109
0 0.270078 0.746762 0.050518 0.055699