0 0.133941 0.230422 0.084074 0.089263
0 0.218531 0.240281 0.085112 0.077844
0 0.295856 0.266747 0.069541 0.072656
0 0.389790 0.246509 0.062275 0.063312
0 0.483202 0.252737 0.031137 0.044631
0 0.497735 0.034253 0.080957 0.068503
0 0.361764 0.022834 0.076807 0.045668
0 0.780571 0.347706 0.065391 0.070578
0 0.707914 0.335772 0.069541 0.073694
0 0.587514 0.360681 0.044631 0.050859
0 0.631628 0.423994 0.072657 0.079922
0 0.495657 0.503916 0.070580 0.071616
0 0.453103 0.514813 0.058125 0.066428
0 0.187911 0.474853 0.090301 0.086147
0 0.176494 0.646112 0.106906 0.081997
0 0.243958 0.709425 0.086146 0.075769
0 0.104359 0.747309 0.080958 0.072656
0 0.733863 0.502878 0.050859 0.036328
0 0.718292 0.539206 0.084074 0.067466
0 0.799771 0.535572 0.078885 0.083034
0 0.891111 0.642997 0.078885 0.075769
0 0.832986 0.762878 0.080957 0.070578
0 0.676255 0.805953 0.068503 0.065391
0 0.475419 0.952300 0.077846 0.073694
0 0.126674 0.853697 0.071619 0.057087
0 0.174939 0.871862 0.051897 0.058125
0 0.046234 0.972777 0.047743 0.054445
0 0.916021 0.887950 0.068503 0.079922
0 0.856340 0.916494 0.079919 0.076806
0 0.790427 0.854216 0.110022 0.099641
0 0.042098 0.334197 0.084196 0.056995