0 0.029145 0.287175 0.058290 0.095075
0 0.091783 0.357398 0.091046 0.096086
0 0.174870 0.340674 0.090674 0.103627
0 0.745619 0.518711 0.122753 0.122915
0 0.518135 0.479275 0.088083 0.101036
0 0.283093 0.319500 0.104472 0.093312
0 0.311821 0.245883 0.117292 0.114453
0 0.371843 0.150622 0.107512 0.118672
0 0.285431 0.122222 0.120085 0.126784
0 0.900651 0.567323 0.096638 0.090604
0 0.961300 0.525719 0.077400 0.082527
0 0.981865 0.406102 0.036269 0.073807
0 0.964378 0.360459 0.071244 0.049934
0 0.481865 0.494171 0.041451 0.076425