0 0.828615 0.359450 0.125231 0.113847
0 0.421294 0.124166 0.104993 0.098669
0 0.518697 0.190575 0.072103 0.051866
0 0.099358 0.074197 0.116377 0.102463
0 0.047780 0.201959 0.095560 0.122703
0 0.044617 0.302525 0.089234 0.096138
0 0.235973 0.358184 0.129029 0.113847
0 0.332023 0.572600 0.106434 0.099934
0 0.728049 0.500494 0.131558 0.120172
0 0.779284 0.624463 0.120174 0.130294
0 0.564235 0.840775 0.120174 0.120172
0 0.394730 0.826225 0.115112 0.118909
0 0.323257 0.835081 0.080958 0.108788
0 0.153751 0.964345 0.113848 0.071310
0 0.983564 0.857850 0.032872 0.068309
0 0.944351 0.670003 0.111298 0.097403
0 0.987993 0.528956 0.024014 0.101197
0 0.031969 0.588409 0.063938 0.101197
0 0.280247 0.733250 0.083491 0.061984
0 0.348557 0.313278 0.098667 0.092344