0 0.385604 0.611859 0.111056 0.108981
0 0.666368 0.741081 0.072657 0.085109
0 0.735909 0.744716 0.087185 0.102756
0 0.771197 0.960841 0.078885 0.078318
0 0.731238 0.927391 0.106906 0.121437
0 0.665846 0.956170 0.094451 0.087660
0 0.197741 0.385072 0.111056 0.110022
0 0.036854 0.093931 0.073708 0.113134
0 0.575545 0.427109 0.090301 0.102756
0 0.827766 0.353416 0.069541 0.094453
0 0.934151 0.380400 0.051897 0.088225
0 0.796624 0.591619 0.100679 0.091337
0 0.813751 0.673097 0.107945 0.111059
0 0.947127 0.650781 0.081996 0.085109
0 0.913913 0.749903 0.113134 0.106906
0 0.986797 0.480044 0.026406 0.117287
0 0.956698 0.906631 0.086604 0.102756