0 0.144995 0.346875 0.120311 0.115625
0 0.377805 0.259375 0.123436 0.118750
0 0.437180 0.121875 0.132813 0.118750
0 0.596689 0.080469 0.133793 0.135937
0 0.612024 0.196094 0.109374 0.126563
0 0.742076 0.135946 0.119475 0.121891
0 0.797266 0.260156 0.076397 0.070312
0 0.863040 0.355619 0.077029 0.073737
0 0.433057 0.444240 0.063937 0.064645
0 0.343322 0.566406 0.059471 0.070313
0 0.316714 0.639844 0.074998 0.079688
0 0.944602 0.533728 0.074526 0.070046
0 0.898743 0.585156 0.067186 0.067188
0 0.729994 0.979688 0.076563 0.040624