0 0.144564 0.456659 0.079919 0.069541
0 0.018049 0.892069 0.036097 0.089263
0 0.032383 0.711919 0.064766 0.083934
0 0.206839 0.848478 0.067464 0.076806
0 0.246798 0.896222 0.053970 0.062275
0 0.224483 0.976655 0.071619 0.046690
0 0.263925 0.789316 0.055009 0.078881
0 0.347999 0.781531 0.092374 0.090300
0 0.438817 0.783088 0.083035 0.087188
0 0.412346 0.850553 0.088224 0.058125
0 0.357337 0.863009 0.061236 0.083034
0 0.507836 0.940853 0.073691 0.076806
0 0.425840 0.300969 0.075769 0.071616
0 0.445561 0.511150 0.042554 0.037366
0 0.610075 0.535541 0.074730 0.069541
0 0.644324 0.590031 0.095490 0.091338
0 0.720615 0.960053 0.069541 0.071616
0 0.788078 0.582247 0.079919 0.075769
0 0.855542 0.546441 0.063314 0.058125
0 0.946882 0.460809 0.086146 0.077844
0 0.545201 0.989627 0.050859 0.020745