0 0.759840 0.163245 0.106248 0.098510
0 0.577515 0.206250 0.108397 0.109375
0 0.178586 0.100000 0.096876 0.090625
0 0.399683 0.621094 0.126562 0.126563
0 0.474522 0.298442 0.094998 0.100008
0 0.350460 0.304404 0.071877 0.041451
0 0.122770 0.467588 0.044615 0.057052
0 0.593431 0.781250 0.089060 0.100000
0 0.644210 0.807813 0.074998 0.071875
0 0.680931 0.810156 0.045313 0.067188
0 0.984606 0.345313 0.030787 0.103125
0 0.970855 0.846221 0.058290 0.070681
0 0.269430 0.372409 0.059585 0.055699
0 0.200130 0.352979 0.073834 0.040155