0 0.914451 0.969531 0.106248 0.060937
0 0.640229 0.160937 0.089060 0.081250
0 0.616795 0.671875 0.076563 0.075000
0 0.541580 0.732238 0.067616 0.076975
0 0.453512 0.410937 0.087500 0.081250
0 0.403513 0.489062 0.084374 0.071875
0 0.313668 0.381635 0.076563 0.058606
0 0.458983 0.063281 0.098437 0.082812
0 0.746482 0.214844 0.073437 0.067188
0 0.779293 0.269531 0.089060 0.076562
0 0.975193 0.378906 0.049613 0.073438
0 0.470207 0.595207 0.067358 0.071244
0 0.090026 0.669689 0.055699 0.059585
0 0.022021 0.077720 0.044041 0.059585
0 0.137953 0.426813 0.055699 0.066062