0 0.168763 0.017324 0.092863 0.034648
0 0.549148 0.071556 0.077385 0.059528
0 0.683681 0.019110 0.077385 0.038220
0 0.546173 0.103700 0.073814 0.040478
0 0.814049 0.054888 0.097628 0.090484
0 0.880719 0.049531 0.040481 0.051194
0 0.747375 0.162038 0.121439 0.104769
0 0.988342 0.184755 0.023316 0.037905
0 0.939652 0.340028 0.055958 0.065481
0 0.663442 0.469206 0.101200 0.078578
0 0.547362 0.384675 0.040481 0.080959
0 0.289007 0.343006 0.085719 0.095247
0 0.965957 0.417416 0.068086 0.096434
0 0.681302 0.978073 0.072624 0.043854
0 0.605106 0.964383 0.098818 0.071234
0 0.248842 0.917517 0.069674 0.084655
0 0.330678 0.674578 0.052386 0.048812
0 0.121137 0.583500 0.085719 0.080959
0 0.159833 0.628741 0.034526 0.042859
0 0.189598 0.644219 0.051192 0.064291
0 0.297927 0.923575 0.054404 0.054404