0 0.182722 0.087706 0.123516 0.123512
0 0.136535 0.321759 0.064352 0.097566
0 0.488391 0.204991 0.083035 0.084072
0 0.612941 0.050341 0.091340 0.100678
0 0.652905 0.144791 0.125589 0.140122
0 0.471264 0.027506 0.088224 0.055009
0 0.721408 0.010897 0.100679 0.021794
0 0.781605 0.028025 0.086146 0.056047
0 0.857374 0.025947 0.102756 0.051894
0 0.896299 0.127666 0.076807 0.095491
0 0.883844 0.215891 0.095490 0.087188
0 0.580770 0.414134 0.097567 0.118325
0 0.697015 0.681400 0.101717 0.100678
0 0.975654 0.017125 0.048692 0.034250