0 0.078600 0.083797 0.063417 0.067466
0 0.188571 0.104712 0.086358 0.093103
0 0.982886 0.011538 0.034228 0.023076
0 0.929338 0.178250 0.051272 0.059369
0 0.786312 0.324650 0.067464 0.044528
0 0.777542 0.418425 0.076911 0.075562
0 0.635188 0.451484 0.091753 0.090403
0 0.430771 0.255834 0.087707 0.090403
0 0.439542 0.345563 0.086358 0.089053
0 0.380843 0.077050 0.087707 0.091753
0 0.399060 0.950053 0.059370 0.072862
0 0.266154 0.935212 0.066115 0.053972
0 0.138643 0.288894 0.086358 0.086356
0 0.303260 0.473072 0.072864 0.082309
0 0.247265 0.481169 0.060719 0.068816
0 0.279647 0.603281 0.090404 0.086356
0 0.481367 0.597884 0.097149 0.089053
0 0.417950 0.582369 0.072864 0.076909
0 0.552205 0.553356 0.068813 0.072863
0 0.547486 0.742259 0.089056 0.086356
0 0.668248 0.763175 0.063417 0.060719
0 0.769444 0.716625 0.060719 0.064766
0 0.828142 0.796231 0.097149 0.113341
0 0.911125 0.836713 0.093102 0.110644
0 0.829491 0.894056 0.113341 0.095800
0 0.645984 0.873819 0.116038 0.114691
0 0.670946 0.973677 0.122787 0.052645
0 0.948904 0.068281 0.079609 0.076909