0 0.062575 0.370938 0.125149 0.134375
0 0.236088 0.979063 0.093751 0.041874
0 0.445463 0.965781 0.109374 0.068437
0 0.346431 0.797683 0.105066 0.104116
0 0.230345 0.827720 0.108358 0.103627
0 0.284326 0.699731 0.084197 0.073038
0 0.186948 0.574051 0.107970 0.100602
0 0.227492 0.364375 0.123436 0.134375
0 0.340809 0.300233 0.134444 0.140466
0 0.305620 0.401094 0.095311 0.082812
0 0.565774 0.468281 0.121876 0.114062
0 0.609526 0.279219 0.125001 0.129688
0 0.496242 0.281354 0.110939 0.122293
0 0.617338 0.920984 0.106248 0.098446
0 0.740929 0.629219 0.120311 0.120312
0 0.099093 0.684585 0.097150 0.110104
0 0.849741 0.321891 0.082902 0.079016