0 0.071401 0.017969 0.084374 0.035937
0 0.275070 0.495625 0.086410 0.078125
0 0.232515 0.337031 0.081602 0.079687
0 0.072539 0.351684 0.080311 0.081606
0 0.252652 0.130781 0.074998 0.073437
0 0.262809 0.090938 0.079689 0.065625
0 0.237805 0.163594 0.057815 0.076562
0 0.308117 0.128437 0.070312 0.062500
0 0.329215 0.200312 0.074998 0.071875
0 0.462027 0.246406 0.065626 0.076562
0 0.522963 0.222188 0.068752 0.087500
0 0.445620 0.033750 0.079689 0.067500
0 0.434683 0.090938 0.064061 0.059375
0 0.485462 0.039375 0.037501 0.075000
0 0.822049 0.627344 0.079332 0.070312
0 0.707889 0.652688 0.076399 0.069624
0 0.656245 0.388281 0.079689 0.060937
0 0.707805 0.367188 0.060935 0.078125
0 0.609368 0.241406 0.064061 0.070312
0 0.854679 0.884845 0.073438 0.069689
0 0.786713 0.884375 0.068752 0.081250
0 0.474995 0.947188 0.060935 0.065625
0 0.221867 0.797969 0.085940 0.079688
0 0.050518 0.887306 0.069948 0.056995