0 0.257962 0.941719 0.087500 0.085938
0 0.179838 0.940938 0.090625 0.096875
0 0.315776 0.862031 0.090625 0.101563
0 0.475934 0.761250 0.073437 0.087500
0 0.569724 0.851824 0.070396 0.084477
0 0.744680 0.132991 0.095311 0.102769
0 0.663431 0.239718 0.089060 0.083063
0 0.633745 0.328125 0.095311 0.106250
0 0.564214 0.405469 0.087500 0.123437
0 0.697807 0.518750 0.095311 0.112500
0 0.804055 0.528125 0.095311 0.078125
0 0.761868 0.608594 0.089060 0.085937
0 0.751711 0.725781 0.078123 0.107813
0 0.672807 0.690625 0.098437 0.112500
0 0.560881 0.679858 0.090674 0.090285
0 0.918635 0.758125 0.087601 0.106250