0 0.903259 0.933069 0.068502 0.069541
0 0.907409 0.984438 0.070580 0.031123
0 0.919864 0.840694 0.085112 0.077844
0 0.417509 0.959010 0.097567 0.081980
0 0.625611 0.918019 0.046709 0.078881
0 0.734594 0.802291 0.077846 0.081997
0 0.762621 0.705763 0.065391 0.088225
0 0.310598 0.683447 0.058125 0.066428
0 0.276866 0.692788 0.048781 0.072656
0 0.358345 0.808516 0.072657 0.079922
0 0.370800 0.700572 0.072657 0.065391
0 0.466807 0.726522 0.077846 0.069541
0 0.498984 0.610791 0.046709 0.068503
0 0.392077 0.634144 0.061236 0.063312
0 0.364573 0.528275 0.053970 0.084072
0 0.308525 0.528794 0.078885 0.076806
0 0.279982 0.561491 0.075769 0.067466
0 0.986400 0.324322 0.027200 0.072656
0 0.342257 0.200809 0.065391 0.058125
0 0.287249 0.132825 0.088224 0.096528
0 0.244173 0.178494 0.058125 0.061237
0 0.200059 0.153584 0.081996 0.079922
0 0.109762 0.128153 0.088224 0.089263
0 0.266489 0.321728 0.086146 0.084072
0 0.238462 0.400609 0.084074 0.079922
0 0.125329 0.405800 0.050859 0.050859
0 0.096269 0.378294 0.084074 0.083034
0 0.022446 0.266719 0.044892 0.079922
0 0.016737 0.357019 0.033474 0.052934
0 0.020370 0.071069 0.040740 0.089263
0 0.001168 0.701609 0.002336 0.079922
0 0.032824 0.662688 0.065648 0.080959
0 0.034381 0.555262 0.068762 0.084072