0 0.061139 0.010377 0.103085 0.020754
0 0.018226 0.050209 0.036452 0.084894
0 0.532812 0.039830 0.095288 0.079659
0 0.610343 0.029869 0.090954 0.059737
0 0.564433 0.197903 0.096153 0.089225
0 0.398979 0.239916 0.120409 0.100484
0 0.218796 0.436987 0.096153 0.082294
0 0.564958 0.590674 0.095472 0.090674
0 0.172021 0.792508 0.085761 0.074653
0 0.237814 0.794883 0.089139 0.071631
0 0.413607 0.867199 0.087295 0.081664
0 0.352109 0.857376 0.077276 0.074855
0 0.220962 0.982513 0.090090 0.034974
0 0.786194 0.969924 0.085761 0.060152
0 0.811528 0.862132 0.079016 0.074005
0 0.645968 0.185881 0.087272 0.071244
0 0.493523 0.654145 0.062176 0.085492
0 0.231218 0.907383 0.076425 0.079016
0 0.707254 0.332902 0.054404 0.056995