0 0.170663 0.039559 0.103038 0.079118
0 0.115466 0.088319 0.103038 0.106719
0 0.212065 0.123278 0.101200 0.114078
0 0.277381 0.103038 0.058877 0.069919
0 0.313261 0.155478 0.082800 0.064400
0 0.372138 0.221716 0.071760 0.086478
0 0.309581 0.222637 0.093840 0.099359
0 0.207464 0.264956 0.051521 0.055200
0 0.288421 0.337634 0.106718 0.115919
0 0.046693 0.316475 0.093385 0.106719
0 0.034734 0.457231 0.069467 0.097519
0 0.428260 0.555669 0.091998 0.069919
0 0.474259 0.583269 0.084638 0.099359
0 0.945289 0.814184 0.095678 0.097519