0 0.106369 0.962273 0.113599 0.075453
0 0.352798 0.815715 0.087150 0.106912
0 0.530845 0.862169 0.065927 0.059844
0 0.658647 0.971203 0.055784 0.056800
0 0.499352 0.651197 0.068653 0.074044
0 0.057780 0.545713 0.081332 0.110556
0 0.536931 0.434647 0.104472 0.087228
0 0.689075 0.247788 0.082156 0.084735
0 0.633224 0.237878 0.072147 0.083172
0 0.621253 0.160604 0.081885 0.067321
0 0.496790 0.061241 0.078958 0.066638
0 0.230922 0.197813 0.084789 0.080128
0 0.421809 0.007875 0.099400 0.015750
0 0.738773 0.033231 0.080130 0.066462
0 0.774770 0.154793 0.085174 0.060881
0 0.938845 0.459497 0.070496 0.082156
0 0.975632 0.403712 0.048735 0.080128
0 0.937573 0.580703 0.069988 0.058828
0 0.831579 0.405234 0.058830 0.056800
0 0.842737 0.489419 0.087227 0.071000
0 0.765652 0.547741 0.097370 0.072013
0 0.886860 0.579184 0.082156 0.084184
0 0.888886 0.324091 0.078100 0.058828
0 0.902202 0.200350 0.076425 0.073028
0 0.880266 0.047194 0.101426 0.083172
0 0.892487 0.253238 0.056995 0.042746
0 0.985104 0.803756 0.029792 0.071244
0 0.584197 0.794041 0.049223 0.054404
0 0.305699 0.738342 0.088083 0.093264
0 0.386658 0.784974 0.042746 0.067358
0 0.439119 0.130829 0.064767 0.033679