0 0.013601 0.693032 0.027202 0.085439
0 0.417496 0.021875 0.098437 0.043750
0 0.490934 0.103125 0.101562 0.109375
0 0.544838 0.174219 0.106248 0.110937
0 0.599527 0.257031 0.106248 0.110937
0 0.490149 0.306250 0.090625 0.100000
0 0.526089 0.364063 0.106248 0.103125
0 0.457338 0.242969 0.100002 0.082812
0 0.469835 0.160156 0.118750 0.092187
0 0.418276 0.182031 0.059375 0.064062
0 0.395617 0.088281 0.114064 0.092187
0 0.527685 0.705983 0.100071 0.093216
0 0.518782 0.774838 0.073834 0.074676
0 0.377649 0.774219 0.096876 0.089062
0 0.311243 0.881295 0.104688 0.096786
0 0.431347 0.892969 0.101036 0.107812
0 0.163588 0.968125 0.081249 0.063750
0 0.955231 0.477344 0.089537 0.095312
0 0.923575 0.961140 0.093264 0.077720