0 0.202180 0.965000 0.101562 0.070000
0 0.449837 0.940156 0.068752 0.064062
0 0.176400 0.816081 0.065626 0.062213
0 0.131087 0.862812 0.062501 0.059375
0 0.153720 0.914769 0.073390 0.052336
0 0.037419 0.282813 0.074838 0.071875
0 0.031170 0.417187 0.062340 0.084375
0 0.979919 0.813594 0.040162 0.089063
0 0.353887 0.712992 0.084972 0.084016
0 0.245244 0.594258 0.060436 0.058983
0 0.306712 0.583906 0.062501 0.067188
0 0.278588 0.666719 0.081249 0.060938
0 0.489436 0.431562 0.087680 0.081250
0 0.534056 0.040625 0.092186 0.081250
0 0.696558 0.089062 0.082814 0.075000
0 0.622336 0.284375 0.074998 0.078125
0 0.589525 0.264062 0.059375 0.056250
0 0.677025 0.399219 0.062501 0.073438
0 0.749683 0.444531 0.079689 0.085938
0 0.905149 0.400781 0.084374 0.089063
0 0.882495 0.197656 0.089060 0.092188
0 0.963512 0.019430 0.072976 0.038860
0 0.983826 0.578906 0.032348 0.082813
0 0.525259 0.733161 0.073834 0.075130
0 0.844560 0.242228 0.082902 0.080311