0 0.031267 0.160359 0.062534 0.098603
0 0.142973 0.100678 0.081996 0.095491
0 0.103535 0.153612 0.092374 0.101716
0 0.136745 0.031138 0.096529 0.062275
0 0.162177 0.186828 0.076807 0.085109
0 0.199025 0.227306 0.065391 0.062275
0 0.333952 0.224194 0.096529 0.068503
0 0.161138 0.262078 0.047743 0.055009
0 0.144533 0.312934 0.091340 0.129741
0 0.141417 0.388706 0.043592 0.048781
0 0.319425 0.377287 0.094451 0.079922
0 0.252478 0.447347 0.051897 0.039441
0 0.726811 0.145309 0.068503 0.066428
0 0.664015 0.137525 0.063314 0.063313
0 0.637027 0.155172 0.050859 0.046706
0 0.454874 0.522078 0.062275 0.053972
0 0.577347 0.577609 0.058125 0.048781
0 0.547248 0.749384 0.070580 0.039441
0 0.550364 0.868747 0.068502 0.060200
0 0.387405 0.949188 0.062275 0.075769
0 0.437225 0.976410 0.074730 0.047180
0 0.592396 0.980043 0.071619 0.039914