0 0.100044 0.436450 0.082156 0.074972
0 0.121933 0.283618 0.095512 0.090553
0 0.127796 0.121981 0.088968 0.085200
0 0.174870 0.975389 0.103627 0.049222
0 0.989968 0.847519 0.020064 0.078458
0 0.732448 0.707728 0.125772 0.096356
0 0.629105 0.629278 0.076862 0.056484
0 0.213643 0.486109 0.104472 0.083172
0 0.289717 0.440960 0.094329 0.094355
0 0.597041 0.394822 0.118670 0.109544
0 0.647026 0.483066 0.086778 0.097372
0 0.580959 0.473446 0.053109 0.058290
0 0.661269 0.286325 0.125648 0.111511
0 0.407372 0.342081 0.098385 0.079113
0 0.388610 0.162474 0.131858 0.115466
0 0.601684 0.101036 0.104922 0.098446
0 0.967653 0.035127 0.064693 0.070253
0 0.898804 0.060881 0.129854 0.121761
0 0.737694 0.266192 0.045337 0.076425
0 0.544041 0.471503 0.044041 0.054404
0 0.246762 0.210492 0.055699 0.040155
0 0.246114 0.365285 0.059585 0.085492
0 0.266192 0.520078 0.042746 0.060881
0 0.023964 0.468912 0.032383 0.062176