0 0.295337 0.832736 0.085492 0.087752
0 0.028497 0.743439 0.056994 0.093095
0 0.602950 0.592096 0.110044 0.111652
0 0.193005 0.631477 0.072539 0.053109
0 0.390243 0.630829 0.089981 0.064767
0 0.297927 0.626295 0.077720 0.047927
0 0.351684 0.407383 0.084197 0.071244
0 0.026554 0.324168 0.053108 0.080977
0 0.136010 0.189767 0.088083 0.091969
0 0.679194 0.089191 0.106549 0.102219
0 0.025363 0.015576 0.050726 0.031152
0 0.264692 0.017308 0.105684 0.034616
0 0.162472 0.021639 0.107414 0.043278
0 0.973216 0.750648 0.053568 0.068653
0 0.955891 0.563334 0.088218 0.108534
0 0.108161 0.687824 0.066062 0.054404
0 0.427461 0.766839 0.064767 0.054404
0 0.566710 0.190415 0.081606 0.085492
0 0.338731 0.347150 0.086788 0.082902
0 0.107513 0.777850 0.059585 0.071244