0 0.207877 0.965634 0.075769 0.068732
0 0.497976 0.965114 0.089262 0.069772
0 0.428434 0.929709 0.037365 0.028025
0 0.592948 0.855500 0.108984 0.110022
0 0.717498 0.913103 0.094451 0.100678
0 0.642251 0.935938 0.068503 0.073694
0 0.463205 0.683722 0.084074 0.081997
0 0.397819 0.662444 0.059164 0.080959
0 0.336061 0.649988 0.083035 0.085109
0 0.252509 0.591866 0.106906 0.097566
0 0.270152 0.782325 0.069541 0.048781
0 0.641213 0.540488 0.076807 0.090300
0 0.685844 0.594978 0.074730 0.085109
0 0.582049 0.544119 0.064352 0.070578
0 0.540534 0.536853 0.029060 0.033212
0 0.728398 0.328750 0.091340 0.088225
0 0.462171 0.223919 0.081996 0.086147
0 0.404046 0.162681 0.104829 0.094453
0 0.438817 0.113897 0.056047 0.057087
0 0.817660 0.025552 0.062275 0.051103
0 0.894984 0.039045 0.092374 0.078089
0 0.973180 0.349506 0.053640 0.121438
0 0.591321 0.269430 0.071244 0.088083
0 0.208549 0.475389 0.054404 0.056995
0 0.049223 0.150259 0.075130 0.069948