0 0.029918 0.450781 0.059836 0.064063
0 0.078074 0.476275 0.061468 0.068175
0 0.313516 0.428473 0.069860 0.075697
0 0.273774 0.731792 0.071622 0.080165
0 0.337960 0.814844 0.090625 0.092187
0 0.241089 0.832031 0.090625 0.095312
0 0.745930 0.220312 0.079688 0.084375
0 0.754526 0.028906 0.071877 0.057812
0 0.897495 0.039844 0.082814 0.079687
0 0.794628 0.314119 0.073957 0.081606
0 0.956950 0.417289 0.086099 0.087702
0 0.743589 0.471875 0.093751 0.068750
0 0.663901 0.546094 0.071877 0.070313
0 0.645148 0.488281 0.078123 0.073438
0 0.768589 0.571094 0.068752 0.064063
0 0.695931 0.615625 0.079689 0.081250
0 0.654524 0.961719 0.093751 0.076562
0 0.435224 0.851712 0.085474 0.081550
0 0.794584 0.858189 0.091758 0.094502
0 0.057642 0.014896 0.055699 0.029792
0 0.118523 0.015544 0.053109 0.031088
0 0.943005 0.053109 0.051813 0.064767