0 0.582074 0.969560 0.115646 0.060880
0 0.843244 0.966321 0.120701 0.067358
0 0.895151 0.871373 0.096002 0.100260
0 0.600389 0.756477 0.076425 0.082902
0 0.762738 0.530325 0.103197 0.086556
0 0.894675 0.543114 0.101842 0.091409
0 0.963969 0.531003 0.072062 0.117656
0 0.264896 0.619171 0.079016 0.059585
0 0.092417 0.432105 0.078617 0.074055
0 0.724741 0.215026 0.071244 0.069948
0 0.831911 0.130462 0.060196 0.048489
0 0.836090 0.276286 0.073934 0.073297
0 0.029145 0.014896 0.058290 0.029792
0 0.940367 0.692358 0.067453 0.053109
0 0.027850 0.038212 0.055699 0.042746
0 0.751943 0.901554 0.055699 0.093264