0 0.015082 0.053972 0.030164 0.107944
0 0.042154 0.049475 0.077959 0.098950
0 0.032323 0.155172 0.064646 0.079459
0 0.031572 0.238378 0.063144 0.092953
0 0.073639 0.299097 0.074960 0.070462
0 0.067642 0.399547 0.074960 0.091453
0 0.016579 0.395047 0.033158 0.097450
0 0.847245 0.063719 0.065965 0.058469
0 0.895218 0.014244 0.053970 0.028484
0 0.785774 0.038231 0.110944 0.076459
0 0.704069 0.011244 0.067464 0.022488
0 0.587128 0.027734 0.079458 0.055468
0 0.567638 0.042728 0.079458 0.067466
0 0.479183 0.067466 0.073461 0.086956
0 0.542901 0.102697 0.104946 0.097450
0 0.637353 0.130434 0.077959 0.077959
0 0.537652 0.201647 0.100448 0.100450
0 0.432705 0.216641 0.085455 0.094453