0 0.048575 0.424236 0.097150 0.110078
0 0.054404 0.905163 0.108808 0.128979
0 0.095600 0.938567 0.083411 0.102141
0 0.642455 0.334858 0.142551 0.146346
0 0.556978 0.262191 0.154169 0.151128
0 0.689767 0.063472 0.130829 0.126943
0 0.757124 0.042746 0.081606 0.085492
0 0.317358 0.257124 0.088083 0.104922
0 0.441683 0.932201 0.124406 0.109692
0 0.352332 0.944948 0.098446 0.110104
0 0.546835 0.115628 0.115629 0.117656
0 0.746762 0.283679 0.097150 0.077720
0 0.294689 0.192358 0.055699 0.091969
0 0.222798 0.222798 0.124352 0.132124
0 0.087435 0.054404 0.112694 0.064767
0 0.105570 0.224093 0.097150 0.108808
0 0.180052 0.285622 0.108808 0.073834
0 0.141839 0.954016 0.032383 0.060881
0 0.640544 0.849093 0.079016 0.071244
0 0.422280 0.351036 0.067358 0.059585
0 0.498057 0.390544 0.097150 0.086788