0 0.078368 0.852979 0.097150 0.084197
0 0.169041 0.597798 0.089378 0.084197
0 0.109712 0.386010 0.087300 0.085492
0 0.196082 0.368399 0.066386 0.053357
0 0.178109 0.300170 0.068653 0.074434
0 0.298575 0.520078 0.055699 0.073834
0 0.531650 0.046200 0.084368 0.081175
0 0.687037 0.037565 0.091690 0.075130
0 0.910608 0.020078 0.082874 0.040155
0 0.496762 0.472170 0.081606 0.073795
0 0.521373 0.342153 0.066062 0.063238
0 0.919994 0.466891 0.079700 0.089225
0 0.856127 0.463859 0.093083 0.088356
0 0.830959 0.742228 0.076425 0.069948
0 0.612694 0.713731 0.080311 0.064767
0 0.553756 0.904793 0.104922 0.089378
0 0.922927 0.882772 0.089378 0.086788
0 0.762306 0.095855 0.076425 0.077720
0 0.579016 0.498705 0.062176 0.059585
0 0.715674 0.022021 0.060881 0.044041