0 0.431796 0.683203 0.089262 0.101716
0 0.522092 0.792703 0.056047 0.055009
0 0.760298 0.823322 0.065391 0.070578
0 0.602016 0.738213 0.062275 0.051897
0 0.693351 0.643241 0.062275 0.090300
0 0.646125 0.632862 0.044631 0.050859
0 0.808045 0.588231 0.065391 0.052934
0 0.431796 0.363519 0.087185 0.099641
0 0.351355 0.363000 0.079919 0.055009
0 0.117300 0.553981 0.080958 0.073694
0 0.490955 0.304356 0.095490 0.078881
0 0.804412 0.310584 0.060198 0.058125
0 0.737982 0.334978 0.045670 0.052934
0 0.518459 0.113378 0.094451 0.076806
0 0.592155 0.105594 0.079919 0.086147
0 0.501854 0.011020 0.077846 0.022039
0 0.978493 0.534259 0.043014 0.088225
0 0.934151 0.685278 0.089262 0.093413
0 0.968633 0.966672 0.062733 0.066656
0 0.865648 0.943203 0.049820 0.071616
0 0.531436 0.890788 0.053970 0.047744