0 0.258990 0.001148 0.162286 0.002295
0 0.702954 0.036141 0.089845 0.072281
0 0.287565 0.173801 0.077720 0.077268
0 0.188678 0.022955 0.071656 0.045909
0 0.122211 0.293394 0.079413 0.081606
0 0.052410 0.292381 0.104820 0.109544
0 0.456238 0.264041 0.096414 0.085077
0 0.475285 0.346522 0.085700 0.073795
0 0.742876 0.435394 0.076425 0.083172
0 0.791261 0.511466 0.080690 0.097372
0 0.542480 0.636728 0.112584 0.088244
0 0.092617 0.535300 0.091969 0.092300
0 0.194301 0.791613 0.095855 0.109133
0 0.125648 0.926166 0.064767 0.072539
0 0.277202 0.832254 0.075130 0.089378
0 0.758420 0.303109 0.081606 0.085492
0 0.766192 0.023316 0.053109 0.046632