0 0.297629 0.046327 0.115211 0.092654
0 0.039882 0.519716 0.079764 0.135134
0 0.320583 0.700763 0.112612 0.112612
0 0.261658 0.801813 0.093264 0.090674
0 0.084845 0.843976 0.073834 0.084326
0 0.027850 0.862047 0.055699 0.068653
0 0.133039 0.999377 0.120409 0.001246
0 0.090352 0.912994 0.083544 0.088356
0 0.464622 0.822146 0.104434 0.095068
0 0.714378 0.942358 0.084197 0.094560
0 0.587435 0.970207 0.099741 0.059585
0 0.689767 0.425872 0.089378 0.096442
0 0.636762 0.159186 0.090090 0.080031
0 0.720855 0.279145 0.089378 0.115285
0 0.845207 0.833157 0.079016 0.073051
0 0.786917 0.169689 0.110104 0.111399
0 0.680699 0.519430 0.040155 0.075130
0 0.238342 0.564767 0.056995 0.069948