0 0.354779 0.963427 0.072826 0.073146
0 0.278517 0.898700 0.114346 0.103084
0 0.209467 0.818746 0.083656 0.106030
0 0.799870 0.837091 0.117876 0.127550
0 0.330311 0.709197 0.088083 0.091969
0 0.508061 0.604050 0.100459 0.087237
0 0.395895 0.534331 0.104815 0.071253
0 0.638014 0.485751 0.097029 0.093264
0 0.565792 0.428621 0.101576 0.100765
0 0.167522 0.541124 0.079464 0.091327
0 0.554849 0.186528 0.103950 0.093264
0 0.666362 0.177876 0.068830 0.076890
0 0.279145 0.044595 0.091969 0.089190
0 0.468912 0.133420 0.090674 0.085492
0 0.959339 0.624966 0.081322 0.111747
0 0.852843 0.504991 0.112612 0.114344
0 0.903518 0.328275 0.082292 0.079694
0 0.961505 0.382416 0.076990 0.077097
0 0.878397 0.385447 0.089225 0.072766
0 0.327720 0.795337 0.059585 0.049223