0 0.038982 0.942500 0.077963 0.090625
0 0.254619 0.955981 0.081435 0.085538
0 0.194368 0.574531 0.076563 0.067188
0 0.377964 0.601875 0.081249 0.075000
0 0.151401 0.581563 0.081249 0.084375
0 0.021012 0.526094 0.042024 0.073438
0 0.017487 0.449197 0.034974 0.061607
0 0.042746 0.351036 0.082902 0.075130
0 0.297496 0.429219 0.070312 0.064062
0 0.016325 0.255781 0.032650 0.095312
0 0.015545 0.053438 0.031090 0.084375
0 0.356086 0.026719 0.068752 0.053438
0 0.534836 0.742500 0.118750 0.106250
0 0.744212 0.901875 0.106248 0.081250
0 0.720773 0.845625 0.084374 0.068750
0 0.810618 0.863594 0.095311 0.095312
0 0.597337 0.569844 0.078123 0.067188
0 0.505151 0.471406 0.090625 0.089062
0 0.433274 0.523750 0.081249 0.075000
0 0.903589 0.654219 0.074998 0.070312
0 0.873899 0.708125 0.062501 0.056250
0 0.934054 0.515938 0.070312 0.053125
0 0.909055 0.461250 0.057815 0.053125
0 0.972107 0.412813 0.055786 0.071875
0 0.890307 0.310469 0.067186 0.060938
0 0.920777 0.271406 0.049999 0.057812
0 0.984606 0.277656 0.030787 0.076562
0 0.567652 0.323750 0.081249 0.065625
0 0.511402 0.143281 0.084374 0.073438
0 0.420777 0.033750 0.068752 0.067500
0 0.590306 0.091719 0.092186 0.073438
0 0.720773 0.138594 0.074998 0.067188
0 0.726684 0.652850 0.064767 0.062176