0 0.939831 0.053178 0.103795 0.106356
0 0.829808 0.141647 0.078885 0.083034
0 0.710447 0.292147 0.085112 0.089263
0 0.782066 0.402169 0.085112 0.074731
0 0.727052 0.487797 0.083035 0.081997
0 0.760789 0.597816 0.088224 0.044631
0 0.973548 0.689675 0.052903 0.041519
0 0.970954 0.753506 0.058092 0.104831
0 0.505934 0.950519 0.078806 0.082385
0 0.263618 0.390231 0.088224 0.092375
0 0.333681 0.529831 0.107945 0.093413
0 0.267768 0.584844 0.088224 0.089263
0 0.067449 0.617538 0.044631 0.050859
0 0.024124 0.649713 0.048248 0.079922
0 0.930487 0.412547 0.022833 0.047744
0 0.557642 0.929404 0.055699 0.055699