0 0.748240 0.079891 0.096862 0.112763
0 0.851607 0.167353 0.104091 0.091078
0 0.890640 0.927063 0.101200 0.109872
0 0.939069 0.980880 0.111319 0.038239
0 0.589215 0.655997 0.105534 0.105534
0 0.716435 0.678406 0.099753 0.095416
0 0.707759 0.727559 0.070838 0.049153
0 0.644873 0.787553 0.101200 0.096863
0 0.378867 0.504200 0.112762 0.119991
0 0.258871 0.443481 0.101200 0.105534
0 0.026793 0.393603 0.053586 0.092525
0 0.220561 0.622747 0.088186 0.070837
0 0.199599 0.676959 0.078067 0.083850
0 0.357905 0.846828 0.082405 0.076622
0 0.335495 0.959591 0.086743 0.070837
0 0.091175 0.975821 0.089634 0.048358
0 0.157675 0.938628 0.054938 0.086741
0 0.081051 0.925619 0.063610 0.072284
0 0.381033 0.201328 0.091077 0.104091
0 0.269714 0.013923 0.085296 0.027845