0 0.126089 0.742500 0.109374 0.100000
0 0.303429 0.803437 0.117190 0.112500
0 0.422965 0.819063 0.106248 0.115625
0 0.419839 0.947031 0.118750 0.105938
0 0.606556 0.601448 0.120311 0.105395
0 0.323743 0.661917 0.101562 0.103627
0 0.238318 0.702073 0.088035 0.064767
0 0.176088 0.548750 0.103123 0.109375
0 0.161245 0.425313 0.101562 0.100000
0 0.078431 0.387284 0.098437 0.111443
0 0.980232 0.471406 0.039536 0.082812
0 0.984138 0.380249 0.031724 0.071378
0 0.589368 0.188594 0.104688 0.110938
0 0.479255 0.160276 0.090712 0.092573
0 0.409927 0.206026 0.073928 0.080176
0 0.362024 0.126875 0.084374 0.087500