0 0.523964 0.714545 0.102332 0.081274
0 0.284873 0.630426 0.077519 0.091480
0 0.333120 0.433644 0.114426 0.111987
0 0.472798 0.400907 0.098446 0.089378
0 0.467455 0.486562 0.088407 0.092295
0 0.700451 0.509067 0.069296 0.059585
0 0.206234 0.318347 0.113439 0.103015
0 0.126943 0.414508 0.116580 0.093264
0 0.544091 0.212197 0.111747 0.098753
0 0.602564 0.057572 0.093554 0.087491
0 0.763907 0.018135 0.078404 0.036269
0 0.361399 0.565415 0.085492 0.060881
0 0.043394 0.316710 0.086788 0.110104
0 0.775259 0.433938 0.066062 0.072539
0 0.878886 0.848446 0.047927 0.075130
0 0.801813 0.905440 0.054404 0.031088