0 0.772583 0.033759 0.041604 0.066341
0 0.673634 0.030654 0.070838 0.061308
0 0.473490 0.025032 0.073090 0.050064
0 0.886150 0.107409 0.070838 0.071963
0 0.698934 0.204109 0.089953 0.098950
0 0.493728 0.351972 0.070838 0.073087
0 0.390845 0.431806 0.065217 0.077584
0 0.160338 0.647134 0.107945 0.101197
0 0.178889 0.862463 0.086579 0.084331
0 0.575809 0.484656 0.077588 0.086581
0 0.560632 0.760700 0.071962 0.089953
0 0.447066 0.780378 0.071962 0.082084
0 0.219370 0.525697 0.066340 0.074212
0 0.964158 0.253022 0.071684 0.070838
0 0.906952 0.292941 0.074213 0.069716
0 0.863665 0.372775 0.052847 0.051725
0 0.892899 0.399759 0.059596 0.056222
0 0.864788 0.448112 0.075336 0.074213
0 0.940124 0.363216 0.061843 0.048350
0 0.732666 0.342416 0.038230 0.049475
0 0.722547 0.278322 0.031485 0.053972
0 0.969220 0.428434 0.061560 0.082084
0 0.716926 0.597659 0.060719 0.087706
0 0.755720 0.738212 0.077588 0.087706
0 0.836677 0.900128 0.079834 0.071963
0 0.778205 0.988858 0.084332 0.022284
0 0.972593 0.849531 0.054814 0.080959
0 0.967112 0.901816 0.064094 0.075338
0 0.542641 0.070866 0.074213 0.077584
0 0.326751 0.660066 0.076460 0.064091