0 0.416086 0.293640 0.106248 0.096657
0 0.184057 0.102344 0.107813 0.092187
0 0.068432 0.097247 0.098437 0.080505
0 0.040157 0.188990 0.080308 0.077979
0 0.086140 0.346333 0.084197 0.076085
0 0.192648 0.478125 0.084374 0.068750
0 0.328586 0.569531 0.106248 0.104688
0 0.542648 0.365625 0.078123 0.068750
0 0.725464 0.458594 0.074998 0.070313
0 0.962731 0.546094 0.074537 0.095313
0 0.447337 0.696875 0.081249 0.071875
0 0.462179 0.755469 0.082814 0.070313
0 0.510617 0.721094 0.067187 0.089063
0 0.229369 0.689062 0.089060 0.075000
0 0.166089 0.713281 0.081249 0.073438
0 0.653587 0.912500 0.074998 0.081250
0 0.093431 0.960938 0.107813 0.075000
0 0.123057 0.437176 0.069948 0.068653
0 0.417746 0.842617 0.034974 0.050518