0 0.630307 0.692500 0.089060 0.084375
0 0.627308 0.783125 0.088813 0.081250
0 0.540989 0.378125 0.076052 0.068750
0 0.725619 0.541406 0.095311 0.082813
0 0.788119 0.601563 0.082814 0.090625
0 0.871713 0.493750 0.093751 0.100000
0 0.835777 0.446094 0.087500 0.060938
0 0.797496 0.491406 0.073438 0.076563
0 0.959138 0.906563 0.081724 0.100000
0 0.844054 0.989219 0.107813 0.021562
0 0.834682 0.948750 0.076563 0.053125
0 0.977332 0.640382 0.045336 0.094236
0 0.990388 0.521875 0.019223 0.100000
0 0.977106 0.389062 0.045787 0.071875
0 0.984919 0.308594 0.030162 0.092187
0 0.964378 0.123438 0.071244 0.096875