0 0.227427 0.521900 0.092689 0.090091
0 0.261211 0.616753 0.080563 0.063238
0 0.304521 0.538356 0.073630 0.071031
0 0.386574 0.184922 0.071412 0.074507
0 0.350466 0.213348 0.068498 0.075895
0 0.370466 0.069301 0.059585 0.066062
0 0.209233 0.019266 0.084027 0.038531
0 0.130405 0.000208 0.078828 0.000416
0 0.859214 0.892441 0.105406 0.111306
0 0.782693 0.975346 0.077101 0.049308
0 0.630663 0.249031 0.098752 0.098753
0 0.539277 0.252928 0.090954 0.097888
0 0.593416 0.155475 0.103950 0.105681
0 0.670902 0.170200 0.080476 0.097019
0 0.625266 0.037890 0.096619 0.075780
0 0.543173 0.032691 0.102216 0.065382
0 0.487694 0.395725 0.058290 0.066062
0 0.031736 0.068005 0.063472 0.081606
0 0.192358 0.038212 0.060881 0.066062
0 0.534974 0.447539 0.062176 0.068653
0 0.599741 0.439767 0.077720 0.045337
0 0.641839 0.468264 0.050518 0.063472
0 0.566710 0.489637 0.053109 0.054404
0 0.636010 0.094560 0.093264 0.059585
0 0.332902 0.620466 0.038860 0.046632