0 0.967838 0.122200 0.064324 0.079922
0 0.927893 0.175134 0.081996 0.081997
0 0.595236 0.025552 0.085112 0.051103
0 0.296311 0.092619 0.080958 0.080959
0 0.784138 0.142441 0.053970 0.039441
0 0.757673 0.119087 0.025949 0.032175
0 0.823581 0.214578 0.060198 0.081997
0 0.955902 0.394656 0.088196 0.093413
0 0.880150 0.551384 0.092374 0.083034
0 0.511684 0.298650 0.071619 0.069541
0 0.447332 0.350547 0.077846 0.071616
0 0.457709 0.452781 0.065391 0.064353
0 0.433838 0.574219 0.057086 0.060200
0 0.862506 0.646875 0.081996 0.070578
0 0.968878 0.731466 0.062244 0.088225
0 0.799709 0.780769 0.083035 0.080959
0 0.589008 0.584081 0.043592 0.055009
0 0.730168 0.989507 0.074730 0.020986
0 0.038389 0.013615 0.050859 0.027230
0 0.130246 0.016729 0.078885 0.033458
0 0.145813 0.117012 0.056047 0.073694
0 0.791405 0.293978 0.041515 0.072656