0 0.103065 0.012500 0.117704 0.025000
0 0.119211 0.185938 0.100002 0.100000
0 0.469984 0.233594 0.110952 0.092188
0 0.528422 0.328125 0.093415 0.093750
0 0.535617 0.617523 0.101562 0.106922
0 0.672340 0.673915 0.109374 0.114670
0 0.974741 0.673438 0.050518 0.084375
0 0.977576 0.788281 0.044847 0.098438
0 0.358276 0.840625 0.115625 0.100000
0 0.134368 0.384715 0.114684 0.082902
0 0.658031 0.827720 0.080311 0.069948
0 0.341969 0.671632 0.093264 0.094560
0 0.187176 0.563472 0.104922 0.093264
0 0.349741 0.300518 0.075130 0.080311
0 0.438472 0.631477 0.047927 0.050518
0 0.635363 0.305699 0.091969 0.085492