0 0.434248 0.162253 0.105597 0.091346
0 0.481572 0.238342 0.088670 0.090674
0 0.356603 0.188150 0.122726 0.100412
0 0.302845 0.272865 0.110558 0.127845
0 0.260716 0.415155 0.138012 0.110104
0 0.364648 0.453925 0.102311 0.102513
0 0.946244 0.267122 0.097150 0.108244
0 0.843912 0.266839 0.107513 0.106218
0 0.258962 0.572675 0.132336 0.118899
0 0.353998 0.799870 0.123611 0.117876
0 0.185881 0.745903 0.102332 0.100614
0 0.133420 0.930935 0.116580 0.126118
0 0.211140 0.618523 0.090674 0.076425
0 0.408679 0.255181 0.066062 0.088083