0 0.108808 0.915567 0.113990 0.103154
0 0.639347 0.824638 0.089258 0.082156
0 0.585081 0.761247 0.084186 0.079112
0 0.349434 0.589508 0.083515 0.100778
0 0.260363 0.591321 0.090674 0.091969
0 0.188472 0.589834 0.055699 0.093313
0 0.023316 0.706606 0.046632 0.053109
0 0.314119 0.389579 0.104922 0.096489
0 0.297280 0.295337 0.107513 0.101036
0 0.513838 0.298172 0.084671 0.078209
0 0.638601 0.214856 0.088083 0.082561
0 0.644852 0.353830 0.067809 0.070353
0 0.917746 0.859125 0.066062 0.094328
0 0.823834 0.834845 0.077720 0.091969
0 0.966321 0.602827 0.067358 0.091665