0 0.142379 0.905440 0.082686 0.075130
0 0.038105 0.778969 0.076210 0.091284
0 0.048823 0.662325 0.079115 0.093313
0 0.017311 0.681091 0.034622 0.082156
0 0.172927 0.461788 0.063472 0.058290
0 0.797364 0.984319 0.099400 0.031362
0 0.518941 0.973670 0.082156 0.052660
0 0.575740 0.885975 0.086212 0.086212
0 0.646236 0.910825 0.073029 0.073028
0 0.592718 0.950628 0.091766 0.057293
0 0.335359 0.815991 0.108528 0.100413
0 0.700819 0.813389 0.085577 0.085328
0 0.902439 0.880961 0.100215 0.077984
0 0.450481 0.702391 0.095344 0.094328
0 0.372888 0.687681 0.088242 0.089256
0 0.377591 0.499025 0.060881 0.099400
0 0.422586 0.356519 0.082156 0.090272
0 0.491559 0.362606 0.090273 0.088244
0 0.598437 0.471645 0.082918 0.085208
0 0.560019 0.233284 0.087227 0.095344
0 0.765921 0.115122 0.091283 0.078100
0 0.847062 0.141494 0.101426 0.076072
0 0.780627 0.193222 0.100416 0.084184
0 0.880028 0.216550 0.084186 0.078100
0 0.931248 0.132872 0.099400 0.089256
0 0.960046 0.191700 0.079907 0.093313