0 0.115357 0.322075 0.154879 0.123197
0 0.031279 0.417113 0.062557 0.112638
0 0.171672 0.472550 0.116156 0.075678
0 0.063436 0.689906 0.061598 0.087997
0 0.201592 0.586069 0.087998 0.070400
0 0.785901 0.177756 0.112640 0.119678
0 0.989751 0.105597 0.020498 0.095037
0 0.698787 0.234956 0.075679 0.110878
0 0.770946 0.291275 0.117918 0.103838
0 0.842221 0.323834 0.080957 0.066878
0 0.856302 0.391594 0.105600 0.079200
0 0.740142 0.351112 0.116156 0.107359
0 0.930219 0.649428 0.095039 0.105597
0 0.984470 0.674069 0.031060 0.049278
0 0.067835 0.914303 0.116156 0.079200
0 0.083674 0.965512 0.130237 0.068976
0 0.964230 0.791106 0.071540 0.086237
0 0.945179 0.934544 0.079200 0.087997
0 0.731343 0.508631 0.084478 0.119678
0 0.643345 0.952144 0.073917 0.095037
0 0.898541 0.045759 0.091518 0.091518
0 0.235912 0.847425 0.117918 0.139037