0 0.753062 0.039045 0.078885 0.078089
0 0.893183 0.017767 0.089262 0.035534
0 0.264718 0.065116 0.119361 0.117288
0 0.164039 0.070822 0.092374 0.099641
0 0.352425 0.144516 0.110022 0.068503
0 0.822086 0.808272 0.088224 0.081997
0 0.536655 0.544638 0.100679 0.088225
0 0.911866 0.400366 0.099640 0.098603
0 0.845441 0.383759 0.060198 0.059162
0 0.312982 0.418013 0.091340 0.088225
0 0.217493 0.426834 0.101717 0.089263
0 0.480086 0.352103 0.107945 0.097566
0 0.426633 0.482362 0.098601 0.086147
0 0.411067 0.612103 0.067464 0.084072
0 0.079449 0.679050 0.112095 0.095491
0 0.014575 0.655697 0.023871 0.075769
0 0.619173 0.797375 0.078885 0.089263
0 0.545999 0.783881 0.059164 0.072656
0 0.507595 0.893384 0.098601 0.086147
0 0.402762 0.932825 0.061236 0.081997
0 0.412105 0.977050 0.048781 0.045900
0 0.979288 0.672822 0.041423 0.049822
0 0.703764 0.347950 0.028026 0.051897
0 0.911349 0.963963 0.057086 0.032175
0 0.721503 0.891192 0.077720 0.093264