0 0.649758 0.231459 0.122477 0.091338
0 0.562573 0.245991 0.053970 0.058125
0 0.621737 0.353416 0.072657 0.075769
0 0.502371 0.382478 0.132855 0.138044
0 0.529358 0.461878 0.103795 0.070578
0 0.535586 0.538684 0.089262 0.099641
0 0.516386 0.577609 0.079919 0.098603
0 0.673113 0.629503 0.096529 0.096528
0 0.379377 0.538166 0.111056 0.102756
0 0.365366 0.642997 0.110022 0.113134
0 0.282853 0.652859 0.079919 0.095491
0 0.374188 0.749903 0.096529 0.102756
0 0.534030 0.785712 0.127666 0.147388
0 0.411553 0.961879 0.117284 0.076242
0 0.944011 0.057606 0.104829 0.106906
0 0.983683 0.156209 0.032634 0.133894
0 0.985758 0.658047 0.028484 0.130778
0 0.910796 0.637291 0.090301 0.080959
0 0.823611 0.638847 0.094451 0.094453
0 0.895747 0.768069 0.097567 0.089263
0 0.769641 0.832419 0.046709 0.089263
0 0.906129 0.960841 0.107945 0.078318