0 0.449243 0.823759 0.113511 0.111248
0 0.560165 0.887725 0.092105 0.107969
0 0.580959 0.710190 0.102332 0.097755
0 0.478627 0.656736 0.089378 0.059585
0 0.081975 0.564767 0.076983 0.077720
0 0.168813 0.518595 0.092425 0.096776
0 0.215674 0.426827 0.089378 0.115258
0 0.182642 0.335848 0.108808 0.099157
0 0.279844 0.305596 0.103524 0.114196
0 0.361164 0.398410 0.093734 0.096963
0 0.305103 0.395078 0.060984 0.082902
0 0.366580 0.208549 0.095855 0.088083
0 0.397021 0.116936 0.097150 0.106928
0 0.544614 0.320596 0.107664 0.089378
0 0.616580 0.560897 0.106218 0.103456
0 0.713810 0.305707 0.075288 0.080326
0 0.972589 0.430056 0.054822 0.101428
0 0.907010 0.382124 0.108260 0.093264
0 0.846307 0.341311 0.076035 0.084176
0 0.774365 0.347150 0.061684 0.062176
0 0.973604 0.490933 0.052792 0.031088
0 0.941710 0.469842 0.051813 0.083631
0 0.376943 0.739637 0.077720 0.101036
0 0.332902 0.552461 0.056995 0.042746
0 0.305699 0.654145 0.038860 0.062176