0 0.661727 0.033855 0.089262 0.067710
0 0.882284 0.063559 0.086146 0.085109
0 0.869312 0.167350 0.062275 0.064353
0 0.908754 0.166831 0.068503 0.081997
0 0.603602 0.030741 0.056048 0.061482
0 0.622285 0.095216 0.078885 0.073694
0 0.643045 0.152300 0.076807 0.069541
0 0.206076 0.115453 0.122477 0.114172
0 0.301566 0.170984 0.101717 0.071616
0 0.321287 0.248828 0.083035 0.067466
0 0.684560 0.237931 0.076807 0.074731
0 0.645117 0.326153 0.095490 0.093413
0 0.562087 0.396216 0.101717 0.090300
0 0.656017 0.430984 0.061236 0.064353
0 0.541844 0.465238 0.079919 0.072656
0 0.590108 0.588231 0.095490 0.094453
0 0.786277 0.554500 0.093412 0.078881
0 0.855301 0.601206 0.088224 0.080959
0 0.821569 0.638572 0.070580 0.070578
0 0.901488 0.505197 0.072657 0.065391
0 0.769672 0.257650 0.091340 0.087188
0 0.853224 0.299169 0.065391 0.085109
0 0.767487 0.897021 0.066062 0.058290