0 0.000696 0.083200 0.001392 0.118672
0 0.253886 0.983808 0.072539 0.032383
0 0.435233 0.242429 0.075130 0.078123
0 0.038860 0.062824 0.077720 0.099741
0 0.793394 0.158861 0.110104 0.105287
0 0.745466 0.187090 0.068653 0.068824
0 0.691710 0.079406 0.062176 0.084712
0 0.653497 0.073834 0.086788 0.108808
0 0.582254 0.261658 0.079016 0.088083
0 0.591321 0.171632 0.094560 0.081606
0 0.617228 0.286917 0.076425 0.081606
0 0.455311 0.321244 0.091969 0.067358
0 0.114637 0.268135 0.058290 0.072539
0 0.215026 0.562824 0.101036 0.091969
0 0.295337 0.648964 0.031088 0.067358
0 0.287565 0.723446 0.038860 0.068653
0 0.372409 0.696891 0.063472 0.044041