0 0.277173 0.181881 0.071619 0.091338
0 0.211782 0.223919 0.106906 0.084072
0 0.169228 0.315256 0.075769 0.069541
0 0.209709 0.364556 0.069541 0.056047
0 0.548072 0.357291 0.073691 0.066428
0 0.653944 0.424756 0.084074 0.066428
0 0.719330 0.506234 0.065391 0.075769
0 0.915499 0.336534 0.090301 0.074731
0 0.984995 0.068747 0.030009 0.062275
0 0.188428 0.684241 0.093413 0.101716
0 0.263679 0.748072 0.081996 0.055009
0 0.887994 0.832666 0.085112 0.083034
0 0.931070 0.907913 0.094451 0.092375
0 0.979805 0.957216 0.040389 0.076806
0 0.126674 0.859131 0.079919 0.075769
0 0.426633 0.743403 0.069541 0.072656
0 0.013776 0.827475 0.027551 0.051897
0 0.051423 0.455897 0.060198 0.041519
0 0.510694 0.983798 0.075793 0.032403