0 0.209709 0.020880 0.088224 0.041760
0 0.341004 0.019323 0.080957 0.038646
0 0.430788 0.029702 0.059164 0.059404
0 0.447915 0.094178 0.051897 0.050859
0 0.301566 0.136213 0.039442 0.049822
0 0.203999 0.146594 0.091340 0.074731
0 0.389268 0.202641 0.065391 0.058125
0 0.337892 0.274256 0.091340 0.085109
0 0.197254 0.241562 0.071619 0.088225
0 0.193621 0.365597 0.083035 0.078881
0 0.274057 0.449150 0.071619 0.046706
0 0.178572 0.488072 0.069541 0.074731
0 0.177011 0.552422 0.072657 0.064353
0 0.344637 0.539969 0.071619 0.066428
0 0.445837 0.451225 0.053970 0.046706
0 0.469709 0.489628 0.033215 0.036328
0 0.428711 0.616775 0.065391 0.066428
0 0.527316 0.535297 0.036326 0.025947
0 0.550149 0.604319 0.055009 0.060200
0 0.700131 0.640128 0.060198 0.063313
0 0.676777 0.703441 0.052936 0.048781
0 0.695976 0.741844 0.047743 0.046706
0 0.427672 0.798412 0.081996 0.083034
0 0.212304 0.721606 0.053970 0.039441
0 0.133419 0.716416 0.076807 0.083034
0 0.088271 0.890788 0.102756 0.097566
0 0.260568 0.963444 0.077846 0.062275
0 0.303639 0.860688 0.068503 0.072656