0 0.232077 0.751006 0.075552 0.072766
0 0.644943 0.681706 0.086626 0.071031
0 0.054648 0.633477 0.082413 0.059470
0 0.771415 0.530109 0.077964 0.077962
0 0.686087 0.494594 0.075365 0.067569
0 0.842879 0.577753 0.075365 0.062369
0 0.886627 0.632763 0.076229 0.064969
0 0.840280 0.756203 0.071901 0.064103
0 0.714058 0.026836 0.093918 0.053672
0 0.763204 0.078391 0.103126 0.104876
0 0.783538 0.020773 0.093546 0.041545
0 0.018135 0.839378 0.036269 0.072539
0 0.390544 0.783679 0.071244 0.062176
0 0.452720 0.916451 0.055699 0.034974