0 0.048044 0.010810 0.096088 0.021620
0 0.944511 0.028314 0.073301 0.056628
0 0.701088 0.930763 0.078772 0.083147
0 0.476814 0.929669 0.070016 0.087522
0 0.382179 0.970305 0.086428 0.059390
0 0.121249 0.814247 0.080958 0.071113
0 0.587311 0.789084 0.065640 0.064547
0 0.307238 0.734931 0.070016 0.074394
0 0.404607 0.637563 0.074396 0.065641
0 0.540264 0.564263 0.076582 0.074394
0 0.699993 0.602553 0.061264 0.074394
0 0.840579 0.692263 0.071111 0.074394
0 0.745395 0.760641 0.055794 0.055797
0 0.303952 0.052253 0.076582 0.080959
0 0.407338 0.021204 0.077677 0.042408
0 0.498147 0.021203 0.071111 0.042406
0 0.550660 0.025997 0.051418 0.045950
0 0.445084 0.105859 0.074396 0.074394