0 0.042464 0.428794 0.084928 0.103950
0 0.100500 0.532312 0.081383 0.073631
0 0.240418 0.032484 0.080563 0.064968
0 0.326179 0.074497 0.082292 0.090091
0 0.391147 0.029019 0.097887 0.058038
0 0.439655 0.090522 0.104815 0.085759
0 0.751548 0.371830 0.087577 0.100900
0 0.612907 0.464744 0.101351 0.089225
0 0.236089 0.562631 0.085761 0.082294
0 0.314053 0.634962 0.077094 0.071031
0 0.235219 0.666343 0.078828 0.081823
0 0.355223 0.679766 0.069346 0.060157
0 0.385949 0.618938 0.075365 0.059772
0 0.730717 0.657050 0.113477 0.094422
0 0.710592 0.576491 0.074034 0.075363
0 0.802185 0.551803 0.088355 0.084894
0 0.892707 0.570425 0.099617 0.092688
0 0.847230 0.683906 0.076229 0.096153
0 0.752807 0.709025 0.097022 0.071900
0 0.898302 0.893371 0.107485 0.094086
0 0.861399 0.850479 0.067358 0.081786
0 0.961788 0.793837 0.076424 0.092855
0 0.966493 0.946985 0.067014 0.106030
0 0.139896 0.009067 0.059585 0.018134
0 0.080311 0.470855 0.051813 0.060881