0 0.037252 0.630025 0.074503 0.089262
0 0.098372 0.675694 0.066430 0.095491
0 0.462171 0.990423 0.081996 0.019154
0 0.404046 0.957727 0.104829 0.084545
0 0.438817 0.913897 0.056047 0.057087
0 0.500570 0.755094 0.067464 0.065391
0 0.669756 0.754056 0.090301 0.088225
0 0.817660 0.811663 0.062275 0.078881
0 0.894984 0.830344 0.092374 0.095491
0 0.879935 0.590581 0.097567 0.099641
0 0.805205 0.584353 0.072657 0.093413
0 0.680133 0.537128 0.098601 0.096528
0 0.625125 0.592659 0.098601 0.097566
0 0.657301 0.658047 0.063314 0.051897
0 0.445044 0.585912 0.112095 0.117287
0 0.357337 0.573975 0.061236 0.066428
0 0.363048 0.451500 0.070580 0.087187
0 0.312189 0.272975 0.110022 0.107944
0 0.285202 0.341997 0.037365 0.071616
0 0.294024 0.178525 0.121439 0.112097
0 0.240571 0.098084 0.116250 0.121438
0 0.427400 0.171778 0.074730 0.108981
0 0.602809 0.107425 0.066430 0.048781
0 0.574783 0.138044 0.101717 0.091338
0 0.585165 0.203953 0.068503 0.044631
0 0.722170 0.277647 0.087185 0.059162
0 0.634985 0.321241 0.089262 0.071616
0 0.825443 0.411541 0.090301 0.088225
0 0.867480 0.439563 0.047743 0.052934
0 0.709198 0.377806 0.063314 0.064353
0 0.992383 0.482119 0.015234 0.092375