0 0.143833 0.771828 0.142067 0.133403
0 0.087435 0.650122 0.128238 0.139466
0 0.118279 0.244716 0.148130 0.139466
0 0.059788 0.402375 0.119576 0.148128
0 0.036401 0.474706 0.072802 0.097019
0 0.001749 0.292794 0.003498 0.074497
0 0.033031 0.123777 0.066062 0.123202
0 0.011279 0.031619 0.022558 0.063238
0 0.540519 0.763004 0.079584 0.072438
0 0.504534 0.683037 0.089378 0.099619
0 0.473839 0.585401 0.090164 0.100854
0 0.412372 0.422731 0.084891 0.086625
0 0.545340 0.329609 0.089225 0.097887
0 0.500295 0.282678 0.094423 0.091263
0 0.377286 0.324412 0.080563 0.063238
0 0.342130 0.329152 0.057317 0.072812
0 0.272472 0.168296 0.082292 0.093068
0 0.385192 0.152298 0.099400 0.097342
0 0.426355 0.219594 0.074751 0.101350
0 0.571758 0.244173 0.076229 0.071248
0 0.336138 0.033679 0.095288 0.067358
0 0.050518 0.601036 0.085492 0.075130
0 0.152850 0.060233 0.142487 0.120466
0 0.038212 0.040155 0.060881 0.062176
0 0.200777 0.134067 0.077720 0.079016
0 0.450130 0.461788 0.076425 0.073834
0 0.428109 0.650907 0.045337 0.073834
0 0.213731 0.627591 0.062176 0.076425