0 0.957564 0.902060 0.079115 0.086503
0 0.908369 0.930097 0.092299 0.081144
0 0.834833 0.971641 0.062886 0.056717
0 0.855038 0.744481 0.074899 0.071000
0 0.829663 0.788603 0.076425 0.078100
0 0.673059 0.732819 0.106497 0.096356
0 0.573658 0.728762 0.116645 0.102444
0 0.732899 0.694275 0.088243 0.069984
0 0.875685 0.587468 0.077645 0.081540
0 0.097798 0.538061 0.099741 0.092272
0 0.082559 0.474681 0.093950 0.089259
0 0.757601 0.447297 0.077379 0.071000
0 0.757829 0.395062 0.083015 0.086212
0 0.591480 0.369796 0.081289 0.066108
0 0.655806 0.251295 0.086224 0.072539
0 0.384493 0.187641 0.119685 0.099400
0 0.399707 0.310369 0.081141 0.071000
0 0.317043 0.288562 0.088243 0.074044
0 0.711599 0.346884 0.061871 0.079113
0 0.777018 0.335728 0.085202 0.073028
0 0.681171 0.112078 0.084186 0.092300
0 0.754707 0.109544 0.093314 0.095344
0 0.644149 0.056800 0.097370 0.079113
0 0.803756 0.873057 0.053109 0.044041
0 0.780440 0.938472 0.063472 0.055699
0 0.860104 0.985104 0.064767 0.029792
0 0.327073 0.870466 0.055699 0.054404
0 0.376295 0.928109 0.042746 0.034974
0 0.455959 0.909974 0.046632 0.042746
0 0.455959 0.952720 0.025907 0.040155
0 0.473446 0.781736 0.047927 0.050518
0 0.287565 0.475389 0.085492 0.085492
0 0.229922 0.424223 0.050518 0.071244
0 0.064767 0.070596 0.069948 0.076425
0 0.141192 0.022021 0.064767 0.044041