0 0.020924 0.057788 0.041848 0.083406
0 0.033191 0.238506 0.066382 0.101397
0 0.220356 0.085447 0.078017 0.070038
0 0.311699 0.137106 0.101398 0.094856
0 0.321285 0.224199 0.100953 0.103839
0 0.409326 0.160797 0.059585 0.067007
0 0.416432 0.088863 0.055738 0.063781
0 0.890858 0.935881 0.088749 0.073834
0 0.807234 0.940928 0.088313 0.080137
0 0.811997 0.991315 0.065126 0.017370
0 0.785158 0.876149 0.080135 0.065770
0 0.102361 0.847706 0.081771 0.076866
0 0.025013 0.835441 0.050026 0.078500
0 0.397860 0.576425 0.064383 0.075130
0 0.674765 0.523729 0.088313 0.083727
0 0.485872 0.328453 0.099762 0.081772
0 0.886556 0.437209 0.093220 0.080138
0 0.598719 0.520490 0.067055 0.090204
0 0.764713 0.647366 0.088313 0.065419
0 0.701747 0.559869 0.093220 0.070325
0 0.918394 0.907383 0.038860 0.042746
0 0.949482 0.223446 0.044041 0.042746