0 0.050599 0.271906 0.073691 0.090300
0 0.146606 0.733266 0.068502 0.066428
0 0.163216 0.863009 0.070580 0.083034
0 0.312159 0.906081 0.071619 0.088225
0 0.405054 0.897778 0.070580 0.069541
0 0.484456 0.947081 0.067464 0.064353
0 0.484456 0.841212 0.081996 0.080959
0 0.599145 0.697978 0.072657 0.066428
0 0.686852 0.894147 0.077846 0.085109
0 0.610561 0.812150 0.066430 0.080959
0 0.819185 0.969907 0.074730 0.060186
0 0.947368 0.988071 0.075769 0.023858
0 0.809846 0.723406 0.047743 0.061237
0 0.767809 0.639334 0.061236 0.067466
0 0.926091 0.558375 0.049820 0.059162
0 0.896510 0.542288 0.042554 0.060200
0 0.796352 0.518416 0.051897 0.068503
0 0.881460 0.412028 0.072657 0.061237
0 0.946334 0.417216 0.046709 0.050859
0 0.978616 0.547478 0.042768 0.072656
0 0.981209 0.020483 0.037582 0.040966
0 0.925574 0.026192 0.075769 0.052384