0 0.165462 0.955000 0.078123 0.078125
0 0.134212 0.873750 0.074998 0.075000
0 0.248276 0.756562 0.093751 0.096875
0 0.022021 0.202694 0.044041 0.045389
0 0.010855 0.151875 0.021710 0.075000
0 0.658901 0.052500 0.121876 0.105000
0 0.722962 0.143281 0.087500 0.098438
0 0.801870 0.187813 0.117190 0.109375
0 0.474525 0.112031 0.103123 0.089062
0 0.512026 0.027500 0.096876 0.055000
0 0.575307 0.096406 0.079689 0.095312
0 0.346398 0.125313 0.078123 0.078125
0 0.587804 0.255781 0.070312 0.089062
0 0.647179 0.265937 0.073437 0.090625
0 0.976327 0.748750 0.047346 0.075000
0 0.275907 0.305052 0.067358 0.089378