0 0.066710 0.278851 0.099741 0.096563
0 0.154145 0.437518 0.088083 0.099058
0 0.128231 0.022668 0.101051 0.045336
0 0.965674 0.923575 0.068652 0.077720
0 0.482566 0.605570 0.128133 0.086788
0 0.197206 0.747607 0.083531 0.096250
0 0.984121 0.196291 0.031758 0.113600
0 0.940415 0.811098 0.088083 0.109242
0 0.150259 0.042746 0.080311 0.062176
0 0.112694 0.338083 0.064767 0.056995
0 0.388601 0.922927 0.106218 0.089378
0 0.687824 0.472150 0.075130 0.066062
0 0.264249 0.931995 0.090674 0.050518
0 0.220207 0.350389 0.051813 0.050518