0 0.243452 0.022240 0.066999 0.044480
0 0.192504 0.045272 0.093521 0.090544
0 0.306262 0.088450 0.089333 0.090728
0 0.503775 0.008282 0.082353 0.016564
0 0.499588 0.054253 0.085145 0.083750
0 0.574261 0.062628 0.080958 0.080959
0 0.461198 0.110784 0.072582 0.079563
0 0.339764 0.670516 0.094917 0.101897
0 0.736876 0.461137 0.101896 0.115853
0 0.840168 0.449972 0.099104 0.118647
0 0.979758 0.735422 0.040484 0.106084
0 0.902984 0.518369 0.099104 0.087938
0 0.965100 0.228731 0.069800 0.080959
0 0.279045 0.431825 0.076770 0.062812