0 0.156836 0.934953 0.087883 0.083884
0 0.023964 0.531088 0.047927 0.072539
0 0.226036 0.527879 0.081606 0.071186
0 0.290251 0.459931 0.105454 0.107850
0 0.336140 0.495008 0.050518 0.077341
0 0.313018 0.619312 0.079092 0.081488
0 0.299834 0.686419 0.086283 0.071900
0 0.575645 0.599691 0.081871 0.070048
0 0.486776 0.620991 0.115042 0.103056
0 0.881031 0.553881 0.112645 0.088678
0 0.734833 0.460413 0.074298 0.088678
0 0.648550 0.499956 0.079092 0.086281
0 0.194380 0.438841 0.086283 0.103056
0 0.277067 0.374352 0.107851 0.069948
0 0.326201 0.326072 0.100660 0.108103
0 0.393308 0.205166 0.105454 0.100659
0 0.345372 0.110497 0.110248 0.083884
0 0.218350 0.190788 0.095866 0.091075
0 0.042067 0.132069 0.084134 0.088678
0 0.855863 0.191025 0.105454 0.088678
0 0.593429 0.205406 0.098263 0.112644
0 0.510686 0.205311 0.057641 0.094560
0 0.583841 0.023013 0.093469 0.046025
0 0.670124 0.024212 0.098263 0.048423
0 0.963731 0.096503 0.072538 0.084197
0 0.133420 0.240285 0.069948 0.050518
0 0.398964 0.756477 0.028497 0.054404
0 0.099093 0.946244 0.053109 0.079016