0 0.319948 0.200000 0.093264 0.093750
0 0.560930 0.257813 0.076563 0.071875
0 0.131246 0.452344 0.098437 0.092187
0 0.500774 0.334375 0.084374 0.081250
0 0.427337 0.352344 0.081249 0.082812
0 0.376927 0.385274 0.064799 0.060703
0 0.403497 0.440819 0.063472 0.069139
0 0.695628 0.360938 0.064703 0.078125
0 0.760933 0.256250 0.085940 0.093750
0 0.836711 0.225781 0.071877 0.079687
0 0.839057 0.280469 0.070312 0.042188
0 0.841223 0.327461 0.055896 0.054922
0 0.308587 0.525781 0.081249 0.089063
0 0.210150 0.588281 0.084374 0.076563
0 0.157806 0.631250 0.085940 0.081250
0 0.476555 0.659375 0.092186 0.093750
0 0.391400 0.859375 0.090625 0.081250
0 0.346868 0.960156 0.082814 0.079687
0 0.658586 0.676562 0.071877 0.075000
0 0.738275 0.606962 0.078123 0.061075
0 0.785933 0.721094 0.092186 0.092187
0 0.755463 0.890625 0.090625 0.081250
0 0.033980 0.824219 0.067960 0.079687
0 0.933743 0.303125 0.085940 0.081250
0 0.943020 0.446875 0.067386 0.075000
0 0.977419 0.447656 0.045161 0.098437
0 0.929057 0.815625 0.076563 0.068750
0 0.916555 0.914063 0.107813 0.087500
0 0.943119 0.718552 0.082814 0.084772
0 0.947539 0.235751 0.045337 0.046632
0 0.314119 0.773316 0.047927 0.069948
0 0.030440 0.016192 0.060880 0.032383