0 0.002337 0.939452 0.004674 0.121095
0 0.033031 0.922927 0.066062 0.071244
0 0.194850 0.838507 0.136930 0.135564
0 0.021373 0.722798 0.042746 0.090674
0 0.148964 0.529457 0.108808 0.128863
0 0.179404 0.030189 0.097150 0.060378
0 0.801220 0.954016 0.120357 0.091968
0 0.729311 0.736399 0.116508 0.120466
0 0.707987 0.908031 0.084368 0.088083
0 0.303627 0.853201 0.120207 0.143338
0 0.784912 0.437152 0.100913 0.102379
0 0.762953 0.363691 0.103627 0.095257
0 0.530581 0.503619 0.130843 0.115628
0 0.536269 0.059407 0.098446 0.083258
0 0.803109 0.031736 0.046632 0.063472
0 0.169041 0.783031 0.086788 0.084197
0 0.211788 0.685881 0.058290 0.076425
0 0.707902 0.818005 0.079016 0.063472
0 0.487694 0.271373 0.091969 0.066062
0 0.551166 0.331606 0.107513 0.088083