0 0.073747 0.608594 0.093438 0.089063
0 0.110104 0.689844 0.098446 0.092187
0 0.150461 0.757813 0.100002 0.084375
0 0.218222 0.759715 0.048012 0.055699
0 0.502806 0.033594 0.104688 0.067187
0 0.584840 0.077344 0.100002 0.101562
0 0.730640 0.022021 0.085352 0.044041
0 0.561401 0.335156 0.084374 0.085938
0 0.477956 0.338626 0.051861 0.058500
0 0.763745 0.467187 0.110939 0.109375
0 0.855151 0.801562 0.081249 0.084375
0 0.754016 0.890406 0.085233 0.087063
0 0.550009 0.754967 0.070967 0.075558
0 0.677163 0.696875 0.062772 0.084375
0 0.743523 0.591321 0.085492 0.086788
0 0.693802 0.898802 0.050817 0.077396
0 0.744992 0.956250 0.076563 0.068750
0 0.045543 0.896859 0.091086 0.081282
0 0.304181 0.964892 0.057442 0.067090
0 0.292650 0.451562 0.087500 0.090625
0 0.693653 0.772668 0.055699 0.081606
0 0.919041 0.985104 0.071244 0.029792