0 0.286350 0.108681 0.107414 0.101350
0 0.120459 0.035932 0.116945 0.071864
0 0.036269 0.053109 0.072538 0.106218
0 0.093264 0.293105 0.098446 0.102910
0 0.180052 0.244886 0.113990 0.103493
0 0.385966 0.300553 0.116076 0.102219
0 0.376439 0.410569 0.107414 0.086625
0 0.100389 0.405564 0.079016 0.074883
0 0.479241 0.620391 0.075062 0.072387
0 0.542897 0.622216 0.090372 0.081992
0 0.832254 0.801166 0.063472 0.060881
0 0.175518 0.648316 0.071244 0.063472
0 0.743293 0.290159 0.108283 0.103950
0 0.803181 0.139971 0.121907 0.116730
0 0.825777 0.056347 0.089378 0.071244
0 0.350885 0.478569 0.108283 0.115212
0 0.526706 0.196367 0.057986 0.066309
0 0.946362 0.138299 0.107275 0.086096
0 0.952720 0.204834 0.094560 0.087491
0 0.974949 0.488962 0.050102 0.070166
0 0.023964 0.270725 0.047927 0.093264
0 0.204016 0.321891 0.081606 0.055699
0 0.200130 0.390544 0.060881 0.060881
0 0.161917 0.457902 0.054404 0.076425
0 0.585492 0.656736 0.054404 0.056995