0 0.373942 0.113897 0.086146 0.069541
0 0.205800 0.628191 0.075769 0.060200
0 0.183484 0.695656 0.066430 0.056047
0 0.267558 0.644800 0.051897 0.033212
0 0.663528 0.653103 0.090301 0.089263
0 0.805722 0.512981 0.100679 0.105869
0 0.847242 0.619888 0.119361 0.114172
0 0.954500 0.658291 0.091000 0.089263
0 0.973180 0.556056 0.053640 0.111059
0 0.733587 0.334456 0.062275 0.058125
0 0.691550 0.297612 0.065391 0.069541
0 0.689477 0.346913 0.069541 0.056047
0 0.528596 0.351584 0.055009 0.057087
0 0.668717 0.150225 0.061236 0.075769
0 0.655740 0.207313 0.047743 0.044631
0 0.587760 0.034893 0.102756 0.069786
0 0.905367 0.183437 0.081996 0.063312