0 0.196514 0.834553 0.099199 0.089962
0 0.117876 0.500000 0.108808 0.108808
0 0.403178 0.599440 0.114646 0.092663
0 0.967602 0.544422 0.064796 0.072766
0 0.957728 0.281947 0.076229 0.076231
0 0.971499 0.102648 0.057001 0.064134
0 0.803535 0.132953 0.076229 0.058906
0 0.755816 0.078378 0.081579 0.079694
0 0.218783 0.286278 0.103885 0.105681
0 0.158031 0.325975 0.101036 0.107116
0 0.740474 0.015544 0.094938 0.031088
0 0.301543 0.107831 0.113477 0.098753
0 0.880197 0.457363 0.082292 0.087491
0 0.210492 0.463083 0.097150 0.076425
0 0.802461 0.189767 0.055699 0.058290
0 0.218912 0.067358 0.056995 0.072539
0 0.248705 0.012953 0.080311 0.025906
0 0.256477 0.210492 0.064767 0.060881
0 0.290155 0.293394 0.046632 0.045337
0 0.269430 0.809585 0.054404 0.059585