0 0.015545 0.853438 0.031090 0.084375
0 0.092806 0.752656 0.095311 0.085938
0 0.356086 0.815156 0.068752 0.076562
0 0.156087 0.564375 0.081249 0.068750
0 0.281088 0.623750 0.093751 0.106250
0 0.109214 0.423750 0.074998 0.071875
0 0.066242 0.451094 0.067186 0.067187
0 0.024139 0.194844 0.048278 0.070312
0 0.010075 0.069063 0.020150 0.059375
0 0.360776 0.098750 0.090625 0.081250
0 0.511402 0.943281 0.084374 0.073438
0 0.420777 0.829219 0.068752 0.076562
0 0.590306 0.891719 0.092186 0.073438
0 0.720773 0.938594 0.074998 0.067188
0 0.951793 0.498437 0.096414 0.103125
0 0.730149 0.235938 0.084374 0.075000
0 0.670774 0.250781 0.071877 0.073437
0 0.887181 0.074219 0.110939 0.089062