0 0.077964 0.136006 0.085005 0.075138
0 0.096007 0.071875 0.092961 0.090625
0 0.097964 0.448437 0.100002 0.109375
0 0.179993 0.440625 0.089060 0.078125
0 0.456245 0.856562 0.123436 0.100000
0 0.485150 0.755781 0.093751 0.101562
0 0.763273 0.779219 0.078123 0.076563
0 0.623429 0.486250 0.104688 0.100000
0 0.764058 0.426094 0.070312 0.085938
0 0.805465 0.404219 0.059375 0.089062
0 0.500773 0.389757 0.096876 0.092986
0 0.420304 0.473750 0.092186 0.093750
0 0.290617 0.412031 0.070312 0.082813
0 0.241580 0.076425 0.073834 0.067358