0 0.436677 0.919056 0.082292 0.079694
0 0.272668 0.914767 0.063472 0.084974
0 0.610361 0.822472 0.088355 0.080562
0 0.783031 0.744819 0.071244 0.069948
0 0.859698 0.824392 0.075942 0.074013
0 0.292880 0.735847 0.123873 0.092688
0 0.017583 0.809909 0.035165 0.100484
0 0.724093 0.636658 0.080311 0.076425
0 0.444907 0.644456 0.105684 0.081428
0 0.546257 0.493728 0.114346 0.109147
0 0.358281 0.526213 0.112612 0.094422
0 0.302407 0.579053 0.104815 0.096153
0 0.158043 0.534769 0.077697 0.077311
0 0.089864 0.525347 0.112371 0.092688
0 0.056347 0.414420 0.107513 0.085668
0 0.151678 0.387178 0.096153 0.084894
0 0.265512 0.425131 0.072604 0.062697
0 0.310881 0.346503 0.095855 0.079016
0 0.977332 0.294133 0.045336 0.106400
0 0.793295 0.377872 0.102528 0.093997
0 0.725836 0.343205 0.097551 0.093146
0 0.436745 0.305787 0.092830 0.077895
0 0.721743 0.214378 0.077239 0.071244
0 0.676166 0.166451 0.095855 0.081606
0 0.562285 0.069266 0.104815 0.091822
0 0.440415 0.051813 0.082902 0.064767
0 0.386434 0.193572 0.122144 0.089225
0 0.182642 0.061528 0.121762 0.091969
0 0.049308 0.319948 0.043871 0.046632
0 0.710492 0.429404 0.071244 0.076425
0 0.802461 0.236399 0.068653 0.071244
0 0.886010 0.727979 0.046632 0.062176
0 0.963731 0.588083 0.056995 0.062176
0 0.214378 0.578368 0.034974 0.076425
0 0.754534 0.167746 0.050518 0.053109