0 0.509151 0.219491 0.085112 0.083034
0 0.555855 0.243362 0.045670 0.062275
0 0.506557 0.268794 0.081996 0.048781
0 0.269907 0.352866 0.131816 0.127666
0 0.034536 0.164481 0.069067 0.083034
0 0.500846 0.463925 0.060198 0.055009
0 0.510707 0.531391 0.063314 0.048781
0 0.209188 0.682928 0.066430 0.067466
0 0.018965 0.665281 0.037929 0.108981
0 0.046234 0.650231 0.043593 0.080959
0 0.042836 0.793984 0.085672 0.073694
0 0.279251 0.925284 0.079919 0.091338
0 0.487352 0.918538 0.091340 0.094453
0 0.976692 0.465481 0.046616 0.083034
0 0.525756 0.409953 0.060198 0.052934