0 0.375618 0.621875 0.067186 0.071875
0 0.438899 0.568750 0.078123 0.087500
0 0.337336 0.472656 0.068752 0.070312
0 0.193653 0.450955 0.060881 0.064411
0 0.226684 0.578271 0.067358 0.068459
0 0.140463 0.128906 0.078123 0.060938
0 0.205674 0.093588 0.067927 0.062824
0 0.473274 0.959688 0.087500 0.075000
0 0.411917 0.954663 0.049223 0.056995
0 0.971013 0.987656 0.057973 0.024687
0 0.909303 0.862031 0.075177 0.079688
0 0.701425 0.624440 0.097150 0.098620
0 0.559214 0.644959 0.093751 0.098208
0 0.759213 0.076094 0.103123 0.095312
0 0.911917 0.637953 0.067358 0.068653
0 0.945900 0.580167 0.095247 0.090961
0 0.966325 0.435233 0.067350 0.067358
0 0.928756 0.196244 0.069948 0.076425