0 0.133143 0.440081 0.100679 0.097566
0 0.123287 0.291659 0.091340 0.085109
0 0.157019 0.568266 0.088224 0.081997
0 0.179334 0.620162 0.097567 0.102756
0 0.303367 0.600962 0.059164 0.072656
0 0.340211 0.680881 0.083035 0.085109
0 0.063601 0.742119 0.071619 0.070578
0 0.014415 0.732778 0.028830 0.060200
0 0.373942 0.913897 0.086146 0.069541
0 0.668717 0.950225 0.061236 0.075769
0 0.587760 0.821003 0.102756 0.097566
0 0.750713 0.645594 0.059164 0.056047
0 0.689994 0.642997 0.058125 0.038403
0 0.705043 0.687628 0.077846 0.079922
0 0.754863 0.719284 0.046709 0.074731
0 0.800533 0.776372 0.067464 0.056047
0 0.607481 0.693337 0.090301 0.087187
0 0.515102 0.516891 0.094451 0.089262
0 0.482409 0.345113 0.097567 0.102756
0 0.535862 0.254812 0.077846 0.077844
0 0.447639 0.098603 0.059164 0.068503
0 0.484487 0.139081 0.041515 0.070578
0 0.469954 0.055528 0.076807 0.075769
0 0.653146 0.033212 0.061236 0.066424
0 0.701932 0.006228 0.059164 0.012456
0 0.715943 0.045669 0.078885 0.089262
0 0.777701 0.042038 0.061236 0.084072
0 0.657818 0.116247 0.062275 0.080959
0 0.694666 0.235609 0.057086 0.076806
0 0.755902 0.248584 0.067464 0.071616
0 0.786523 0.195650 0.078885 0.086147
0 0.872152 0.289063 0.067464 0.084072
0 0.904845 0.364312 0.074730 0.085109
0 0.978891 0.437488 0.042218 0.059163
0 0.971105 0.135969 0.057790 0.083034
0 0.939099 0.067984 0.072657 0.075769
0 0.503169 0.644553 0.043593 0.053972
0 0.905367 0.975891 0.081996 0.048218