0 0.312824 0.353607 0.104922 0.111358
0 0.280440 0.444301 0.117876 0.111399
0 0.071244 0.514896 0.072539 0.068653
0 0.642487 0.492228 0.054404 0.072539
0 0.865613 0.433140 0.068013 0.063171
0 0.956739 0.466321 0.086522 0.085492
0 0.597798 0.659974 0.089378 0.076425
0 0.556500 0.716372 0.091663 0.087491
0 0.555052 0.786980 0.094560 0.091842
0 0.437039 0.722003 0.100486 0.098753
0 0.903448 0.761010 0.063374 0.066062
0 0.982294 0.734563 0.035412 0.068434
0 0.967568 0.802995 0.064864 0.075358
0 0.914508 0.597044 0.082902 0.069736
0 0.483768 0.966321 0.081526 0.067358
0 0.548575 0.556347 0.079016 0.050518
0 0.606218 0.806995 0.051813 0.075130
0 0.700777 0.651554 0.069948 0.062176
0 0.665155 0.741580 0.066062 0.066062