0 0.281304 0.907014 0.127375 0.119728
0 0.193653 0.925518 0.094560 0.120466
0 0.069151 0.425518 0.097450 0.112694
0 0.038860 0.246762 0.077720 0.102332
0 0.238379 0.170337 0.064692 0.060881
0 0.373899 0.172611 0.080130 0.073201
0 0.420812 0.088083 0.087739 0.069948
0 0.492569 0.127559 0.092299 0.086213
0 0.477322 0.067266 0.055718 0.074946
0 0.571229 0.088731 0.075159 0.071244
0 0.646745 0.113342 0.082159 0.073834
0 0.727979 0.097657 0.069948 0.070961
0 0.826894 0.172280 0.089022 0.093264
0 0.913212 0.155440 0.085492 0.085492
0 0.907033 0.201719 0.087489 0.049931
0 0.966969 0.127878 0.066062 0.051092
0 0.258420 0.091969 0.068653 0.056995
0 0.015544 0.446244 0.031088 0.068653