0 0.335461 0.731563 0.096876 0.106250
0 0.058290 0.512306 0.062176 0.060881
0 0.119054 0.031736 0.095311 0.063472
0 0.629526 0.842500 0.109374 0.087500
0 0.606867 0.908906 0.076563 0.057812
0 0.807651 0.851848 0.090625 0.096822
0 0.982733 0.865156 0.034534 0.101562
0 0.956168 0.753650 0.087663 0.090201
0 0.663902 0.619844 0.121876 0.101562
0 0.648274 0.483125 0.109374 0.090625
0 0.777181 0.531563 0.101562 0.084375
0 0.485776 0.222969 0.090625 0.085938
0 0.577182 0.283125 0.095311 0.106250
0 0.663117 0.341719 0.098437 0.101562