0 0.031324 0.407813 0.062648 0.090625
0 0.162650 0.300781 0.115625 0.107812
0 0.175933 0.645313 0.120311 0.137500
0 0.712220 0.162710 0.088513 0.087079
0 0.560933 0.333594 0.110939 0.104687
0 0.349992 0.225781 0.089060 0.079687
0 0.575776 0.408594 0.109374 0.070312
0 0.651559 0.394531 0.089060 0.089062
0 0.678118 0.302344 0.092186 0.092187
0 0.749210 0.331250 0.074998 0.100000
0 0.373431 0.650781 0.117190 0.114062
0 0.777180 0.951875 0.089060 0.075000
0 0.727182 0.856563 0.089060 0.078125
0 0.810881 0.986399 0.075130 0.027202