0 0.136985 0.263027 0.131482 0.132271
0 0.260363 0.314767 0.121762 0.108808
0 0.446244 0.296993 0.110104 0.106940
0 0.569849 0.396373 0.129732 0.095855
0 0.446891 0.823187 0.072539 0.055699
0 0.594560 0.751943 0.067358 0.107513
0 0.683502 0.783679 0.127815 0.129534
0 0.328368 0.963083 0.094560 0.073834
0 0.452073 0.628238 0.080311 0.077720
0 0.499352 0.701425 0.073834 0.058290
0 0.411917 0.913860 0.044041 0.066062
0 0.354275 0.918394 0.066062 0.041451
0 0.237047 0.863990 0.062176 0.069948
0 0.073187 0.699482 0.053109 0.064767