0 0.975379 0.947081 0.049242 0.062275
0 0.984202 0.511669 0.031596 0.077844
0 0.898341 0.586400 0.065391 0.069541
0 0.872397 0.785163 0.069541 0.074731
0 0.924290 0.860413 0.065391 0.073694
0 0.705289 0.898816 0.086146 0.088225
0 0.898341 0.042799 0.086146 0.085598
0 0.433352 0.218972 0.069541 0.084072
0 0.454629 0.394381 0.107945 0.115209
0 0.456184 0.471709 0.086146 0.062275
0 0.494588 0.472228 0.046709 0.073694
0 0.627964 0.580691 0.068503 0.083034
0 0.493032 0.643488 0.076807 0.046706
0 0.561535 0.762847 0.126627 0.123512
0 0.365883 0.843806 0.111056 0.117287
0 0.254827 0.823047 0.077846 0.086147
0 0.053986 0.677737 0.053970 0.075769
0 0.019209 0.567299 0.038418 0.051696
0 0.443212 0.975616 0.087185 0.048768
0 0.270915 0.950187 0.118322 0.099625
0 0.554269 0.116737 0.095490 0.085109
0 0.985758 0.763884 0.028484 0.048781
0 0.925850 0.761809 0.064352 0.050859