0 0.473195 0.859990 0.109602 0.100810
0 0.551324 0.931995 0.076108 0.058290
0 0.023964 0.708930 0.047927 0.071778
0 0.076680 0.493294 0.093554 0.089225
0 0.170234 0.453016 0.117810 0.107416
0 0.886035 0.889379 0.085443 0.076686
0 0.664188 0.923636 0.083540 0.080190
0 0.834351 0.402850 0.092957 0.082902
0 0.407156 0.461244 0.080563 0.077097
0 0.780510 0.100884 0.077094 0.075363
0 0.693019 0.078362 0.089225 0.077097
0 0.781375 0.021205 0.085761 0.042410
0 0.105570 0.809585 0.068653 0.059585
0 0.044041 0.946244 0.062176 0.058290
0 0.513601 0.730570 0.094560 0.080311
0 0.027850 0.441710 0.055699 0.069948