0 0.302650 0.027344 0.087500 0.054687
0 0.058742 0.349190 0.087180 0.076619
0 0.101990 0.479983 0.086176 0.086909
0 0.247181 0.475000 0.104688 0.087500
0 0.435463 0.464844 0.071877 0.079687
0 0.468313 0.308598 0.084295 0.079696
0 0.569056 0.178906 0.076563 0.082812
0 0.538672 0.200421 0.059209 0.075842
0 0.253432 0.625000 0.076563 0.075000
0 0.183104 0.641192 0.073461 0.067358
0 0.421632 0.640625 0.058290 0.059375
0 0.475305 0.727817 0.079689 0.080635
0 0.560706 0.728732 0.075480 0.076214
0 0.809902 0.668584 0.092631 0.090293
0 0.043394 0.950130 0.079016 0.094560
0 0.479922 0.145078 0.066062 0.062176
0 0.389249 0.202073 0.060881 0.056995