0 0.177025 0.027344 0.062501 0.054688
0 0.146555 0.137500 0.070312 0.084375
0 0.062181 0.119531 0.076563 0.067188
0 0.043433 0.171094 0.082814 0.064063
0 0.031481 0.072656 0.062961 0.076563
0 0.024449 0.019531 0.048898 0.035937
0 0.177026 0.383594 0.071877 0.067188
0 0.215307 0.350000 0.057815 0.068750
0 0.169214 0.339062 0.062501 0.059375
0 0.112180 0.368750 0.076563 0.071875
0 0.054370 0.465625 0.070312 0.068750
0 0.064945 0.535156 0.069593 0.067188
0 0.056373 0.701652 0.071193 0.071697
0 0.078589 0.760938 0.093751 0.084375
0 0.217652 0.849219 0.087500 0.098437
0 0.216969 0.906088 0.066062 0.045337