0 0.015791 0.816763 0.031581 0.079112
0 0.044698 0.741706 0.089396 0.091284
0 0.078236 0.689978 0.085202 0.085200
0 0.152787 0.678822 0.090273 0.079113
0 0.173072 0.715844 0.084186 0.084184
0 0.150249 0.761994 0.070998 0.071000
0 0.132772 0.910143 0.076425 0.081269
0 0.137573 0.103219 0.092299 0.094328
0 0.370231 0.709339 0.062647 0.081322
0 0.620917 0.697588 0.069048 0.082156
0 0.494600 0.522622 0.063901 0.064913
0 0.559906 0.535354 0.066716 0.064008
0 0.595523 0.452131 0.070998 0.078100
0 0.662465 0.428800 0.070998 0.086212
0 0.873705 0.279793 0.076425 0.067358
0 0.800518 0.212184 0.088083 0.077219
0 0.808014 0.303538 0.082156 0.081144
0 0.702720 0.314767 0.063472 0.064767
0 0.242553 0.263981 0.087227 0.105484
0 0.518941 0.185881 0.082156 0.077084
0 0.575740 0.085975 0.086212 0.086212
0 0.646236 0.110825 0.073029 0.073028
0 0.592477 0.157481 0.091283 0.071000
0 0.335359 0.030440 0.108528 0.060880
0 0.693400 0.028027 0.100416 0.056053
0 0.904382 0.078111 0.096329 0.083684
0 0.029793 0.009715 0.059585 0.019430
0 0.259067 0.011010 0.062176 0.022020