0 0.529839 0.679219 0.084374 0.101562
0 0.572630 0.788952 0.067540 0.072722
0 0.611088 0.811250 0.053124 0.090625
0 0.393473 0.716719 0.083519 0.076562
0 0.239215 0.801094 0.093751 0.095312
0 0.138112 0.526537 0.089696 0.086823
0 0.136658 0.402202 0.099741 0.102332
0 0.167337 0.460469 0.081249 0.060938
0 0.228273 0.368797 0.071877 0.053656
0 0.231398 0.421406 0.090625 0.079688
0 0.309526 0.443281 0.090625 0.082812
0 0.309074 0.375313 0.070972 0.065625
0 0.324369 0.567500 0.095311 0.084375
0 0.375148 0.538594 0.046873 0.082812
0 0.199087 0.055002 0.060374 0.068753
0 0.131976 0.030625 0.064471 0.061250
0 0.186871 0.022031 0.067186 0.044062