0 0.018135 0.864965 0.036269 0.117220
0 0.024144 0.591325 0.048288 0.115628
0 0.113202 0.773391 0.119685 0.122728
0 0.461140 0.878238 0.090674 0.088083
0 0.260274 0.825625 0.115629 0.107512
0 0.210064 0.751581 0.108528 0.113600
0 0.489978 0.535129 0.100355 0.096164
0 0.978541 0.181050 0.042918 0.118672
0 0.928177 0.219084 0.092299 0.089256
0 0.988990 0.341306 0.022020 0.092300
0 0.905440 0.365598 0.049223 0.071912
0 0.987694 0.401079 0.024611 0.074179
0 0.463753 0.226392 0.106263 0.111983
0 0.520009 0.215534 0.061018 0.088244
0 0.331780 0.257119 0.120701 0.112584
0 0.841965 0.042600 0.126787 0.085200
0 0.055699 0.769430 0.067358 0.080311
0 0.958549 0.017487 0.067358 0.034974