0 0.001794 0.821875 0.003588 0.093750
0 0.032263 0.825000 0.064526 0.068750
0 0.038514 0.868750 0.077028 0.078125
0 0.043980 0.617188 0.087960 0.096875
0 0.187965 0.679688 0.100002 0.109375
0 0.252945 0.945313 0.088791 0.090625
0 0.966482 0.045313 0.067036 0.090625
0 0.974293 0.184375 0.051413 0.081250
0 0.905617 0.112500 0.104688 0.100000
0 0.624369 0.065925 0.073438 0.061901
0 0.561599 0.087625 0.073976 0.071624
0 0.527202 0.164508 0.067358 0.046632
0 0.565415 0.205424 0.084197 0.076652
0 0.587435 0.297369 0.063472 0.074012
0 0.587493 0.451406 0.070312 0.073437
0 0.614057 0.498281 0.073437 0.060937
0 0.834726 0.625802 0.058527 0.072230
0 0.643742 0.617031 0.067186 0.067187
0 0.529683 0.673281 0.082814 0.076562
0 0.544525 0.924063 0.096876 0.103125
0 0.535929 0.986250 0.089060 0.027500
0 0.623429 0.977656 0.101562 0.044687
0 0.685149 0.945625 0.106248 0.108750
0 0.978355 0.967187 0.043289 0.065625
0 0.841321 0.580959 0.068653 0.060881
0 0.741580 0.465026 0.034974 0.064767