0 0.182340 0.768281 0.090625 0.098438
0 0.239637 0.955311 0.077720 0.089378
0 0.253432 0.529219 0.089060 0.089062
0 0.038860 0.456606 0.077720 0.084197
0 0.063313 0.306564 0.065083 0.065628
0 0.268275 0.307011 0.100002 0.098478
0 0.214339 0.193143 0.076504 0.080036
0 0.147849 0.151526 0.074769 0.075073
0 0.362026 0.144114 0.071877 0.068021
0 0.443005 0.354032 0.101036 0.104437
0 0.362806 0.437500 0.092186 0.087500
0 0.551868 0.496094 0.082814 0.110938
0 0.630776 0.411719 0.071877 0.064062
0 0.989637 0.975389 0.020725 0.049222
0 0.240285 0.413860 0.073834 0.089378
0 0.703368 0.352332 0.041451 0.064767
0 0.730570 0.787565 0.056995 0.075130
0 0.227332 0.111399 0.045337 0.056995