0 0.025438 0.263634 0.050875 0.076806
0 0.025957 0.336291 0.051914 0.083034
0 0.022842 0.590062 0.045684 0.067466
0 0.086163 0.702678 0.076807 0.083034
0 0.124049 0.743159 0.042554 0.045669
0 0.020248 0.971220 0.040495 0.057559
0 0.196702 0.862000 0.075769 0.071616
0 0.277142 0.961122 0.070580 0.066428
0 0.190474 0.945034 0.115211 0.092375
0 0.412592 0.822041 0.067464 0.072656
0 0.353950 0.842800 0.058125 0.056047
0 0.396504 0.892100 0.060198 0.065391
0 0.343567 0.908709 0.064352 0.067466
0 0.471234 0.632619 0.080958 0.086147
0 0.484727 0.981599 0.089262 0.036802
0 0.539741 0.868228 0.091340 0.088225
0 0.265726 0.071616 0.072657 0.068503
0 0.592155 0.540244 0.100679 0.111059
0 0.651836 0.481081 0.051897 0.046706
0 0.721377 0.530900 0.074730 0.042556
0 0.772753 0.677769 0.057086 0.070578
0 0.716705 0.613416 0.129744 0.116247
0 0.675707 0.338366 0.122477 0.095491
0 0.818423 0.160359 0.088224 0.098603
0 0.942973 0.100678 0.081996 0.095491
0 0.903535 0.153612 0.092374 0.101716
0 0.936745 0.031138 0.096529 0.062275
0 0.961887 0.186828 0.076226 0.085109
0 0.983165 0.227306 0.033670 0.062275
0 0.961138 0.262078 0.047743 0.055009
0 0.944533 0.312934 0.091340 0.129741
0 0.941417 0.388706 0.043592 0.048781
0 0.651554 0.790803 0.046632 0.086788