0 0.822086 0.024635 0.088224 0.049270
0 0.619173 0.021003 0.078885 0.042006
0 0.545999 0.010105 0.059164 0.020209
0 0.507595 0.093384 0.098601 0.086147
0 0.402762 0.132825 0.061236 0.081997
0 0.412105 0.182644 0.048781 0.057087
0 0.179089 0.243884 0.128705 0.133894
0 0.284439 0.303563 0.144271 0.101716
0 0.595819 0.451988 0.102756 0.091338
0 0.773822 0.239212 0.083035 0.083034
0 0.783683 0.294741 0.077846 0.032175
0 0.455698 0.469631 0.081996 0.068503
0 0.397056 0.501291 0.080957 0.055009
0 0.270946 0.484681 0.079919 0.055009
0 0.452065 0.579134 0.070580 0.075769
0 0.525756 0.566678 0.072657 0.071616
0 0.795621 0.414103 0.066430 0.075769
0 0.757217 0.486241 0.078885 0.068503
0 0.920171 0.584325 0.085112 0.077844
0 0.856340 0.625322 0.084074 0.083034
0 0.998488 0.643488 0.003024 0.071616
0 0.960605 0.682928 0.078790 0.075769
0 0.754623 0.828756 0.084074 0.089263
0 0.718292 0.774266 0.090301 0.084072
0 0.981883 0.358056 0.036234 0.084072
0 0.911349 0.163962 0.057086 0.032175
0 0.052696 0.509075 0.105392 0.076806
0 0.722150 0.091969 0.081606 0.090674