0 0.474681 0.110156 0.076563 0.076562
0 0.062961 0.165625 0.084374 0.065625
0 0.037732 0.217969 0.075463 0.060938
0 0.227979 0.497195 0.075130 0.060015
0 0.160618 0.728906 0.110939 0.107812
0 0.472336 0.685156 0.071877 0.070312
0 0.534836 0.650781 0.068752 0.073438
0 0.255149 0.785937 0.078123 0.087500
0 0.347339 0.867969 0.068752 0.082812
0 0.226244 0.894531 0.085939 0.085938
0 0.139524 0.916406 0.087500 0.089062
0 0.080929 0.911719 0.085940 0.073438
0 0.033826 0.863990 0.067652 0.069948
0 0.344994 0.679688 0.051564 0.090625
0 0.869993 0.634375 0.092186 0.093750
0 0.763994 0.326425 0.097935 0.080311
0 0.910620 0.279688 0.070312 0.056250
0 0.690308 0.897656 0.076563 0.079688
0 0.596557 0.907813 0.098437 0.100000