0 0.353187 0.187834 0.104829 0.113134
0 0.054780 0.725481 0.070580 0.065391
0 0.116021 0.774784 0.110022 0.112097
0 0.291946 0.767000 0.113134 0.106906
0 0.241088 0.915425 0.098601 0.113134
0 0.050113 0.961605 0.084074 0.076790
0 0.864886 0.958491 0.088224 0.083018
0 0.732031 0.853666 0.131816 0.137006
0 0.612148 0.875463 0.128705 0.137006
0 0.538457 0.903488 0.097567 0.110022
0 0.464765 0.960575 0.060198 0.049822
0 0.400413 0.968870 0.099640 0.062260
0 0.513030 0.511669 0.094451 0.092375
0 0.976295 0.636222 0.047410 0.121437
0 0.822332 0.589513 0.067464 0.034253
0 0.972143 0.379331 0.055714 0.116247
0 0.867480 0.419294 0.076807 0.079922