0 0.010386 0.626563 0.020772 0.078125
0 0.133114 0.354922 0.080923 0.082902
0 0.095773 0.271406 0.081249 0.073438
0 0.298902 0.232815 0.056250 0.052505
0 0.337964 0.195625 0.053124 0.056250
0 0.025231 0.265937 0.050462 0.090625
0 0.022888 0.183125 0.045776 0.068750
0 0.044994 0.310469 0.073437 0.073438
0 0.857372 0.975389 0.101317 0.049222
0 0.777804 0.950469 0.107813 0.099062
0 0.604369 0.955625 0.095311 0.081250
0 0.919993 0.770065 0.110939 0.110130
0 0.983043 0.747812 0.033914 0.106250
0 0.953357 0.629844 0.093286 0.104688
0 0.875648 0.652850 0.062176 0.072539
0 0.593912 0.889249 0.055699 0.060881