0 0.092912 0.072137 0.071619 0.073694
0 0.233028 0.066428 0.079919 0.085109
0 0.152592 0.244950 0.099640 0.095491
0 0.098101 0.182675 0.061236 0.053972
0 0.092912 0.310859 0.065391 0.075769
0 0.103806 0.406869 0.091340 0.095491
0 0.161931 0.560481 0.103795 0.110022
0 0.350317 0.495094 0.106906 0.107944
0 0.404809 0.431778 0.107945 0.118325
0 0.452034 0.408425 0.077846 0.088225
0 0.458262 0.471741 0.050859 0.055009
0 0.340973 0.617050 0.034254 0.028025
0 0.411036 0.645594 0.051897 0.039441
0 0.354989 0.708387 0.107945 0.115209
0 0.171792 0.724994 0.100679 0.108981
0 0.031665 0.705794 0.063330 0.091337
0 0.174908 0.855253 0.111056 0.110022
0 0.279737 0.876013 0.106906 0.103794
0 0.209157 0.985232 0.065391 0.029536
0 0.531436 0.907150 0.085112 0.091338
0 0.627964 0.939328 0.093412 0.089263
0 0.603055 0.988346 0.058125 0.023308
0 0.639898 0.758728 0.057086 0.070578
0 0.605127 0.629503 0.033215 0.057088
0 0.725527 0.307228 0.093412 0.078881
0 0.962405 0.069022 0.075190 0.088225
0 0.988872 0.115209 0.022256 0.074731
0 0.982126 0.356009 0.035748 0.080959
0 0.938822 0.364831 0.067464 0.071616
0 0.980051 0.439044 0.039898 0.095491
0 0.971747 0.626909 0.056506 0.051897
0 0.147668 0.063472 0.067358 0.075130
0 0.126943 0.017487 0.085492 0.034974
0 0.312176 0.238990 0.072539 0.068653
0 0.099741 0.501943 0.095855 0.107513