0 0.187215 0.105484 0.116645 0.095344
0 0.160692 0.032456 0.087942 0.064912
0 0.092974 0.024850 0.090093 0.049700
0 0.264291 0.080739 0.098362 0.094121
0 0.362047 0.073187 0.104922 0.104922
0 0.354922 0.133616 0.088083 0.064375
0 0.129534 0.185106 0.077720 0.090272
0 0.264249 0.155440 0.080311 0.077720
0 0.571244 0.288562 0.093264 0.084184
0 0.877850 0.233284 0.092487 0.103456
0 0.952409 0.215968 0.095182 0.087376
0 0.933848 0.304284 0.098626 0.089256
0 0.788176 0.603497 0.119686 0.115628
0 0.713122 0.551769 0.113599 0.085200
0 0.685227 0.608569 0.114614 0.117656
0 0.880982 0.608029 0.094329 0.092233
0 0.977767 0.587269 0.044466 0.095344
0 0.963083 0.545883 0.073834 0.050315
0 0.611691 0.723691 0.105487 0.100413
0 0.702793 0.791451 0.118022 0.095855
0 0.771380 0.759536 0.102318 0.091610
0 0.971503 0.688472 0.056994 0.050518
0 0.161269 0.144430 0.066062 0.073834
0 0.085492 0.056347 0.075130 0.060881
0 0.588731 0.337435 0.050518 0.055699
0 0.021373 0.753886 0.042746 0.062176