0 0.066319 0.968912 0.110882 0.062176
0 0.346503 0.930052 0.104922 0.101036
0 0.884495 0.990506 0.099617 0.018987
0 0.953291 0.984876 0.093417 0.030248
0 0.346984 0.776144 0.112612 0.099619
0 0.221814 0.771813 0.120409 0.130803
0 0.532888 0.806002 0.104636 0.100432
0 0.594298 0.761416 0.113477 0.108281
0 0.687857 0.777875 0.104815 0.106550
0 0.527768 0.583873 0.084361 0.092616
0 0.471503 0.615933 0.077720 0.081606
0 0.941062 0.542746 0.086788 0.082902
0 0.076518 0.637702 0.067172 0.078512
0 0.463930 0.195756 0.112612 0.115213
0 0.397668 0.294617 0.095855 0.115428
0 0.487317 0.049584 0.129936 0.099167
0 0.215674 0.382124 0.097150 0.080311