0 0.012065 0.341478 0.024130 0.064353
0 0.177226 0.694375 0.102756 0.105869
0 0.047874 0.719803 0.095747 0.063312
0 0.278427 0.723956 0.085112 0.075769
0 0.449681 0.758728 0.095490 0.095491
0 0.531681 0.774816 0.066430 0.071616
0 0.619383 0.742638 0.077846 0.063312
0 0.702418 0.727069 0.086146 0.071616
0 0.689446 0.499244 0.060198 0.062275
0 0.135711 0.908709 0.092374 0.098603
0 0.360423 0.986789 0.066430 0.026422
0 0.035938 0.892100 0.071876 0.102756
0 0.501061 0.869266 0.069541 0.067466
0 0.422698 0.857331 0.078885 0.083034
0 0.353157 0.887950 0.085112 0.081997
0 0.287765 0.849547 0.060198 0.057087
0 0.443975 0.910784 0.067464 0.044631
0 0.426848 0.968107 0.076807 0.063786
0 0.663498 0.980562 0.041515 0.038876
0 0.062824 0.669689 0.076425 0.059585
0 0.508420 0.945596 0.047927 0.075130