0 0.141202 0.128703 0.067464 0.064353
0 0.222681 0.166587 0.070580 0.073694
0 0.155734 0.202397 0.092374 0.078881
0 0.233581 0.236647 0.061236 0.043594
0 0.328032 0.135450 0.100679 0.094453
0 0.311427 0.033212 0.084074 0.066424
0 0.407951 0.106906 0.094451 0.087187
0 0.525756 0.122475 0.091340 0.066428
0 0.542883 0.183713 0.092374 0.078881
0 0.463998 0.225750 0.086146 0.061238
0 0.389268 0.188384 0.067464 0.073694
0 0.457771 0.168144 0.079919 0.058125
0 0.323360 0.201359 0.064352 0.058125
0 0.590109 0.277647 0.070580 0.079922
0 0.757217 0.407388 0.066430 0.067466
0 0.639928 0.443197 0.062275 0.058125
0 0.677293 0.484712 0.072657 0.060200
0 0.484503 0.386210 0.059679 0.049621
0 0.881767 0.702678 0.078885 0.080959
0 0.283401 0.791941 0.061236 0.047744
0 0.277173 0.968106 0.071619 0.063788
0 0.984995 0.868747 0.030009 0.062275
0 0.976693 0.507028 0.046614 0.063312