0 0.217652 0.051809 0.087500 0.093256
0 0.028355 0.293750 0.056710 0.081250
0 0.066867 0.338281 0.092186 0.089062
0 0.090306 0.426563 0.092186 0.078125
0 0.019764 0.379688 0.039527 0.084375
0 0.365308 0.414050 0.082814 0.081226
0 0.267525 0.489544 0.084122 0.049037
0 0.219993 0.666864 0.079688 0.085023
0 0.033046 0.652344 0.066087 0.070312
0 0.273902 0.790690 0.090625 0.068880
0 0.421557 0.829688 0.076563 0.078125
0 0.477807 0.787500 0.082814 0.087500
0 0.654793 0.909250 0.073834 0.077874
0 0.801242 0.975781 0.076563 0.048437
0 0.244819 0.299223 0.049223 0.046632
0 0.182642 0.362694 0.036269 0.054404