0 0.026078 0.197450 0.052156 0.078881
0 0.234829 0.192781 0.085112 0.088225
0 0.166327 0.856019 0.070580 0.061237
0 0.932841 0.973938 0.061236 0.052124
0 0.935435 0.839409 0.076807 0.071616
0 0.741861 0.939053 0.042554 0.042556
0 0.756910 0.938013 0.064352 0.081997
0 0.702940 0.921406 0.068503 0.067466
0 0.663498 0.826956 0.091340 0.092375
0 0.583574 0.856538 0.089262 0.078881
0 0.541020 0.802566 0.093413 0.087188
0 0.500539 0.721088 0.095490 0.086147
0 0.804136 0.401403 0.075769 0.079922
0 0.737711 0.436694 0.075769 0.063313
0 0.476151 0.490147 0.048781 0.049822
0 0.446569 0.343281 0.062275 0.061237
0 0.428925 0.292941 0.060198 0.060200
0 0.470440 0.248828 0.066430 0.063313
0 0.490683 0.302800 0.052936 0.048781
0 0.404015 0.249866 0.053970 0.040478
0 0.367167 0.303319 0.052936 0.060200
0 0.252478 0.305916 0.064352 0.063312
0 0.290882 0.332900 0.045670 0.050859
0 0.128445 0.261803 0.059164 0.068503
0 0.653115 0.288788 0.074730 0.072656
0 0.676991 0.367672 0.068502 0.078881
0 0.760543 0.293459 0.055009 0.069541
0 0.716429 0.206794 0.062275 0.041519
0 0.616272 0.216134 0.075769 0.074731
0 0.524932 0.133100 0.071619 0.072656
0 0.712796 0.083278 0.079919 0.080959
0 0.710723 0.007907 0.038404 0.015814
0 0.631321 0.013097 0.066430 0.026194
0 0.878349 0.007387 0.068503 0.014774
0 0.893915 0.113378 0.060198 0.066428
0 0.962527 0.097291 0.074945 0.075769
0 0.974984 0.151781 0.050032 0.037366
0 0.142973 0.656216 0.057086 0.058125
0 0.035419 0.279447 0.070837 0.064353