0 0.022441 0.042891 0.044881 0.085781
0 0.079410 0.060184 0.057147 0.053575
0 0.147268 0.070303 0.097628 0.095247
0 0.439557 0.032771 0.108340 0.065542
0 0.584209 0.010746 0.088102 0.021492
0 0.538966 0.028604 0.073814 0.057208
0 0.822917 0.026819 0.072624 0.053637
0 0.752078 0.038129 0.088102 0.076258
0 0.884825 0.119713 0.089291 0.089294
0 0.286567 0.114950 0.109533 0.096434
0 0.367524 0.140547 0.090484 0.080959
0 0.502654 0.196503 0.125011 0.100006
0 0.160367 0.164359 0.083340 0.092866
0 0.155009 0.236984 0.089291 0.057147
0 0.065719 0.206625 0.110723 0.086912
0 0.937808 0.243531 0.097628 0.101197
0 0.958047 0.394138 0.083340 0.090484
0 0.961166 0.794169 0.077668 0.080959
0 0.542538 0.632847 0.133344 0.132153
0 0.228231 0.445334 0.114295 0.114294
0 0.287756 0.578675 0.083340 0.069053
0 0.026608 0.953706 0.053216 0.078578