0 0.774344 0.983798 0.100679 0.032404
0 0.769672 0.879891 0.097567 0.102756
0 0.633701 0.739769 0.087185 0.092375
0 0.617613 0.571625 0.042554 0.067466
0 0.390307 0.586156 0.102756 0.092375
0 0.377852 0.724719 0.069541 0.066428
0 0.461925 0.742366 0.077846 0.095491
0 0.368513 0.649469 0.034254 0.063313
0 0.932626 0.223919 0.087185 0.055009
0 0.954424 0.297612 0.087185 0.104831
0 0.508629 0.068747 0.123516 0.083034
0 0.900971 0.046431 0.081996 0.079922
0 0.813781 0.054216 0.077846 0.087188
0 0.729191 0.125316 0.051897 0.081997