0 0.512295 0.185612 0.135915 0.123744
0 0.621762 0.200392 0.116580 0.114760
0 0.509067 0.120595 0.116580 0.093522
0 0.451425 0.213731 0.094560 0.116580
0 0.984866 0.227979 0.030268 0.119171
0 0.936528 0.232111 0.080311 0.103135
0 0.982838 0.385034 0.034324 0.064128
0 0.935143 0.426405 0.113809 0.106697
0 0.970207 0.481218 0.059585 0.068653
0 0.789191 0.622480 0.127798 0.128379
0 0.847005 0.691710 0.129825 0.129534
0 0.563195 0.582703 0.111951 0.122728
0 0.464477 0.598822 0.136207 0.143239
0 0.520586 0.653916 0.075409 0.070407
0 0.177680 0.801166 0.077283 0.081606
0 0.114495 0.799392 0.091685 0.091011
0 0.079601 0.975389 0.092094 0.049222
0 0.387885 0.777202 0.104785 0.080311
0 0.477332 0.816775 0.081606 0.091839
0 0.529145 0.265544 0.084197 0.049223
0 0.945596 0.680052 0.090674 0.067358
0 0.376295 0.602979 0.097150 0.128238