0 0.055699 0.383906 0.111398 0.104688
0 0.568432 0.045313 0.145315 0.090625
0 0.784058 0.193750 0.154686 0.134375
0 0.794210 0.299089 0.143750 0.101304
0 0.622336 0.408788 0.150000 0.133201
0 0.933084 0.400000 0.102743 0.115625
0 0.228589 0.612500 0.118750 0.112500
0 0.141799 0.512500 0.092050 0.090625
0 0.502806 0.546094 0.120311 0.117188
0 0.550464 0.805469 0.134373 0.110938
0 0.447336 0.810156 0.112499 0.110938
0 0.124227 0.792701 0.077469 0.080221
0 0.828586 0.568005 0.106248 0.102332
0 0.826246 0.682473 0.101562 0.096194
0 0.327073 0.641192 0.071244 0.093264
0 0.619819 0.531088 0.053109 0.054404
0 0.095207 0.186528 0.104922 0.085492