0 0.045036 0.318125 0.090072 0.090300
0 0.003517 0.339403 0.007034 0.093413
0 0.080728 0.109503 0.068503 0.081997
0 0.034541 0.075769 0.052936 0.076806
0 0.169474 0.020759 0.081996 0.041518
0 0.198534 0.073694 0.081996 0.078881
0 0.281052 0.078881 0.085112 0.080959
0 0.309073 0.121956 0.074730 0.073694
0 0.364604 0.169181 0.071619 0.078881
0 0.441928 0.203434 0.078885 0.074731
0 0.441411 0.279203 0.067464 0.049822
0 0.442450 0.343034 0.081996 0.084072
0 0.377576 0.324353 0.068503 0.069541
0 0.358376 0.363794 0.084074 0.071616
0 0.531190 0.426072 0.060198 0.065391
0 0.546240 0.461878 0.040481 0.035291
0 0.541568 0.530381 0.062275 0.060200
0 0.441928 0.543356 0.053970 0.071616
0 0.492787 0.583834 0.078885 0.075769
0 0.572189 0.661681 0.075769 0.077844
0 0.499014 0.684516 0.066430 0.067466
0 0.461649 0.805434 0.068503 0.066428
0 0.502647 0.841763 0.061236 0.070578
0 0.957260 0.060719 0.059164 0.069541
0 0.043885 0.247547 0.046709 0.050859