0 0.158700 0.142487 0.078972 0.080311
0 0.279221 0.275867 0.076272 0.077641
0 0.225705 0.480854 0.084859 0.082333
0 0.053355 0.858191 0.106710 0.112633
0 0.254215 0.911250 0.098127 0.096875
0 0.669149 0.976036 0.087003 0.047927
0 0.555568 0.967617 0.070211 0.064766
0 0.592943 0.615156 0.108166 0.114062
0 0.425536 0.769844 0.094524 0.098438
0 0.920218 0.866133 0.109865 0.102733
0 0.894209 0.951719 0.083754 0.096562
0 0.679370 0.832344 0.042814 0.076562
0 0.725930 0.651094 0.098437 0.095312
0 0.843912 0.586551 0.089378 0.075602
0 0.739212 0.393782 0.071877 0.072539
0 0.671246 0.273750 0.085939 0.096875
0 0.854531 0.185260 0.068140 0.069895
0 0.628274 0.165155 0.071877 0.037565
0 0.558290 0.126295 0.093264 0.063472
0 0.577720 0.366580 0.041451 0.059585