0 0.203119 0.012500 0.076563 0.025000
0 0.351559 0.047280 0.064061 0.071244
0 0.248431 0.111719 0.089060 0.067188
0 0.265619 0.031250 0.079689 0.062500
0 0.470207 0.244203 0.072539 0.063407
0 0.382024 0.808594 0.100002 0.098438
0 0.467183 0.843750 0.085940 0.100000
0 0.588413 0.877591 0.080971 0.081606
0 0.662492 0.867544 0.085940 0.091337
0 0.598529 0.746114 0.070115 0.046632
0 0.474995 0.528125 0.101562 0.087500
0 0.751557 0.688010 0.070312 0.067730
0 0.735503 0.745766 0.060083 0.060282
0 0.917180 0.794531 0.098437 0.098438
0 0.958199 0.622187 0.083602 0.087500
0 0.921086 0.601156 0.087500 0.070188
0 0.819301 0.706606 0.060881 0.068653
0 0.939839 0.421420 0.081249 0.073410
0 0.767180 0.290599 0.073437 0.058698
0 0.832025 0.307344 0.053124 0.067188
0 0.372409 0.275907 0.066062 0.085492
0 0.780440 0.804404 0.066062 0.059585