0 0.024476 0.574550 0.048952 0.064816
0 0.052750 0.628159 0.098667 0.096137
0 0.031435 0.667375 0.062869 0.053128
0 0.311438 0.609184 0.104993 0.108787
0 0.139400 0.081056 0.107522 0.094872
0 0.396146 0.048434 0.107613 0.096868
0 0.349386 0.243606 0.112584 0.116378
0 0.375316 0.533287 0.106258 0.101197
0 0.413268 0.594638 0.055657 0.069575
0 0.513834 0.520003 0.099931 0.061984
0 0.578981 0.576297 0.101200 0.093609
0 0.463234 0.399200 0.115112 0.108787
0 0.563800 0.458019 0.080958 0.097403
0 0.586567 0.492806 0.060719 0.091078
0 0.711803 0.382753 0.063248 0.055659
0 0.674485 0.421969 0.094874 0.091078
0 0.610603 0.187316 0.111319 0.112584
0 0.580875 0.110784 0.074636 0.070838
0 0.640965 0.062716 0.103729 0.103728
0 0.708005 0.036150 0.050600 0.065778
0 0.866762 0.372000 0.102465 0.104994
0 0.963425 0.067775 0.073150 0.096138
0 0.828814 0.016177 0.074636 0.032353
0 0.909137 0.788813 0.116377 0.116378
0 0.860436 0.750863 0.127765 0.131556
0 0.807942 0.776163 0.073367 0.098669
0 0.720023 0.760981 0.115112 0.103728
0 0.737733 0.841941 0.110055 0.080959
0 0.921155 0.641441 0.112584 0.092344
0 0.859806 0.652194 0.030357 0.078428
0 0.637802 0.688247 0.102465 0.079694
0 0.565064 0.831822 0.111319 0.106259
0 0.501816 0.730622 0.078429 0.032891
0 0.832607 0.506091 0.074636 0.084753
0 0.890798 0.558584 0.127765 0.118909
0 0.961636 0.518106 0.072103 0.093609
0 0.984296 0.251197 0.031408 0.058187
0 0.155845 0.624997 0.094874 0.094872
0 0.345115 0.033309 0.035159 0.066617
0 0.091290 0.185357 0.019738 0.030225