0 0.133941 0.209144 0.084074 0.081997
0 0.066472 0.282316 0.067464 0.080959
0 0.257452 0.178006 0.081996 0.063313
0 0.216971 0.261041 0.079919 0.040478
0 0.138608 0.127147 0.078885 0.061238
0 0.354498 0.077844 0.076807 0.072656
0 0.410028 0.155691 0.079919 0.070578
0 0.380446 0.229900 0.093413 0.094453
0 0.346714 0.307228 0.079919 0.074731
0 0.415217 0.356009 0.086146 0.091337
0 0.350347 0.373656 0.087185 0.089263
0 0.482685 0.325391 0.081996 0.077844
0 0.456737 0.396491 0.065391 0.060200
0 0.529911 0.267266 0.089262 0.084072
0 0.573503 0.053453 0.078885 0.086147
0 0.652905 0.210181 0.081996 0.073694
0 0.758256 0.284394 0.083035 0.087188
0 0.811709 0.307747 0.052936 0.065391
0 0.619690 0.298925 0.067464 0.058125
0 0.622802 0.393375 0.075769 0.072656
0 0.557932 0.385591 0.049820 0.040478
0 0.552744 0.464475 0.085112 0.081997
0 0.791466 0.447347 0.080958 0.083034
0 0.728674 0.489903 0.077846 0.083034
0 0.648233 0.549066 0.068503 0.066428
0 0.630068 0.572419 0.046709 0.048781
0 0.497735 0.528825 0.058125 0.052934
0 0.955980 0.412059 0.042554 0.070578
0 0.404317 0.704234 0.066430 0.071616
0 0.351903 0.706831 0.069541 0.074731
0 0.061001 0.892100 0.122002 0.108981
0 0.735940 0.700084 0.075769 0.075769
0 0.668993 0.678287 0.068503 0.057088
0 0.578692 0.728109 0.070580 0.069541
0 0.662244 0.799725 0.059164 0.065391
0 0.784200 0.765475 0.074730 0.075769
0 0.818453 0.827750 0.072657 0.065391
0 0.682487 0.901963 0.080957 0.066428
0 0.609313 0.944516 0.073691 0.070578