0 0.452065 0.037091 0.097567 0.074181
0 0.676255 0.022559 0.093412 0.045118
0 0.671066 0.063803 0.066430 0.031138
0 0.230465 0.101688 0.084074 0.090300
0 0.257452 0.175378 0.081996 0.088225
0 0.385118 0.113103 0.067464 0.040478
0 0.505518 0.315500 0.102756 0.088225
0 0.594780 0.311347 0.088224 0.048781
0 0.036608 0.366878 0.073216 0.087188
0 0.673660 0.457178 0.090301 0.074731
0 0.362802 0.562009 0.060198 0.053972
0 0.416772 0.625322 0.095490 0.043594
0 0.308828 0.801250 0.093413 0.100678
0 0.339448 0.943447 0.108984 0.084072
0 0.085155 0.940334 0.090301 0.073694
0 0.969427 0.723406 0.061146 0.071616
0 0.878134 0.787241 0.055009 0.049822
0 0.850630 0.220009 0.087185 0.059162
0 0.807037 0.335222 0.045670 0.040478
0 0.476036 0.791451 0.071244 0.139896