0 0.106218 0.382124 0.132124 0.121762
0 0.034326 0.422000 0.068652 0.093824
0 0.285622 0.323834 0.086788 0.090674
0 0.348298 0.531444 0.106512 0.099619
0 0.261264 0.548769 0.128207 0.106550
0 0.660622 0.204270 0.059585 0.081097
0 0.591552 0.112723 0.109642 0.088139
0 0.517487 0.112047 0.081606 0.063472
0 0.754534 0.063282 0.094560 0.093644
0 0.682523 0.020356 0.093025 0.040712
0 0.778389 0.315749 0.083117 0.077095
0 0.757621 0.301887 0.090090 0.096153
0 0.277850 0.422280 0.081606 0.072539
0 0.016286 0.546603 0.032571 0.097019
0 0.017487 0.645156 0.034974 0.077563
0 0.114637 0.696244 0.099741 0.081606
0 0.240038 0.679575 0.134270 0.108281
0 0.553301 0.523964 0.079926 0.071244
0 0.511609 0.492463 0.100486 0.084025
0 0.520216 0.420829 0.086511 0.069638
0 0.398316 0.280504 0.081606 0.076552
0 0.764978 0.500200 0.089214 0.091074
0 0.802738 0.378119 0.084751 0.075362
0 0.799602 0.430052 0.056236 0.033679
0 0.974741 0.423575 0.050518 0.059585
0 0.774488 0.581496 0.096102 0.082680
0 0.877166 0.625000 0.091824 0.101350
0 0.875868 0.744109 0.097887 0.084894
0 0.807864 0.710325 0.100486 0.093556
0 0.383402 0.771373 0.129936 0.110104
0 0.022021 0.811244 0.044041 0.120409
0 0.582703 0.819472 0.088480 0.079694
0 0.563149 0.890938 0.101351 0.096153
0 0.520271 0.942481 0.105684 0.098753
0 0.530668 0.995063 0.083162 0.009873
0 0.715608 0.958075 0.082292 0.072766
0 0.791842 0.979037 0.087491 0.041926
0 0.187641 0.977979 0.109173 0.044041
0 0.025259 0.931806 0.050518 0.114907
0 0.088445 0.930353 0.080563 0.083159
0 0.593264 0.189119 0.085492 0.088083
0 0.693005 0.308938 0.093264 0.091969
0 0.443005 0.226036 0.051813 0.071244
0 0.294689 0.836140 0.115285 0.081606