0 0.953692 0.953891 0.092616 0.092217
0 0.829792 0.908288 0.110558 0.118672
0 0.457473 0.796719 0.108370 0.104472
0 0.452073 0.863659 0.098446 0.084184
0 0.298575 0.777202 0.068653 0.054404
0 0.465674 0.729955 0.084197 0.063537
0 0.540851 0.710476 0.076330 0.055733
0 0.471782 0.642081 0.100478 0.105405
0 0.902623 0.336270 0.104081 0.122797
0 0.722787 0.284000 0.111569 0.101428
0 0.698949 0.211478 0.118670 0.124756
0 0.640626 0.236328 0.077085 0.085200
0 0.827720 0.155440 0.082902 0.103627
0 0.582254 0.091321 0.060881 0.076425
0 0.890091 0.121670 0.085103 0.083084
0 0.902820 0.044122 0.092299 0.086213
0 0.636724 0.475389 0.086920 0.069948
0 0.815306 0.083807 0.096934 0.071758
0 0.719560 0.038212 0.097150 0.076424
0 0.604922 0.718912 0.046632 0.046632
0 0.534326 0.913860 0.058290 0.063472