0 0.557415 0.145800 0.046709 0.039441
0 0.405356 0.208075 0.128705 0.087188
0 0.154696 0.155659 0.067464 0.038403
0 0.307272 0.417216 0.148426 0.123512
0 0.588031 0.335741 0.078885 0.091338
0 0.468670 0.472747 0.085112 0.078881
0 0.399650 0.409953 0.042554 0.044631
0 0.733863 0.449913 0.073691 0.091338
0 0.822603 0.459772 0.083035 0.069541
0 0.441165 0.743128 0.040481 0.084072
0 0.214376 0.740013 0.070580 0.061237
0 0.840252 0.732747 0.070580 0.048781
0 0.844919 0.764406 0.075769 0.041519
0 0.930031 0.897259 0.096529 0.060200