0 0.013944 0.258256 0.027887 0.098769
0 0.005848 0.532869 0.011696 0.070919
0 0.414869 0.735913 0.136009 0.137628
0 0.322579 0.773962 0.093911 0.106866
0 0.321766 0.435556 0.082579 0.103628
0 0.326626 0.360266 0.066387 0.063147
0 0.395439 0.353787 0.074481 0.082578
0 0.468303 0.356219 0.080958 0.090675
0 0.386537 0.440416 0.079341 0.084197
0 0.452112 0.556184 0.077719 0.069625
0 0.457759 0.623381 0.066347 0.068006
0 0.195473 0.051813 0.102009 0.093912
0 0.826142 0.057481 0.077719 0.072863
0 0.875525 0.026716 0.066387 0.053431
0 0.745993 0.127106 0.076102 0.072863
0 0.842334 0.193491 0.064766 0.085816
0 0.786470 0.330309 0.063149 0.058291
0 0.787278 0.410459 0.090672 0.089053
0 0.732227 0.463894 0.077719 0.089053
0 0.656938 0.459034 0.085817 0.085816
0 0.631031 0.545659 0.076102 0.077719
0 0.738703 0.567519 0.090672 0.102006
0 0.813997 0.576425 0.063149 0.077719
0 0.985933 0.608809 0.028134 0.045338
0 0.818044 0.688956 0.068004 0.082578
0 0.748418 0.806347 0.087434 0.064766
0 0.694176 0.872734 0.059911 0.061528
0 0.757325 0.868684 0.085817 0.089053
0 0.745180 0.939928 0.090672 0.082578
0 0.978645 0.701100 0.042709 0.087434
0 0.973788 0.748056 0.052424 0.045338
0 0.972170 0.956606 0.055660 0.086788
0 0.866619 0.894591 0.038860 0.085816
0 0.507971 0.967131 0.085817 0.065738
0 0.469111 0.270400 0.111724 0.064766
0 0.778497 0.493523 0.056995 0.064767