0 0.038545 0.029200 0.077089 0.058400
0 0.938463 0.125783 0.098818 0.067628
0 0.524144 0.102450 0.094056 0.078578
0 0.430092 0.093522 0.077385 0.077388
0 0.621175 0.188766 0.078579 0.075006
0 0.857505 0.537603 0.055958 0.084531
0 0.877147 0.661422 0.057147 0.079769
0 0.539029 0.614394 0.069052 0.088103
0 0.726050 0.785834 0.076397 0.083341
0 0.254481 0.937631 0.071435 0.067863
0 0.250317 0.987568 0.067863 0.024864
0 0.130067 0.490575 0.101200 0.104769
0 0.086611 0.669756 0.066669 0.082150
0 0.209239 0.859650 0.057147 0.069053
0 0.159236 0.749522 0.064291 0.070244
0 0.101496 0.806669 0.048814 0.065481
0 0.343264 0.283031 0.046632 0.053109
0 0.841321 0.022668 0.050518 0.045336