0 0.033618 0.215891 0.067236 0.058125
0 0.041402 0.245991 0.082803 0.093412
0 0.035694 0.121438 0.071387 0.076806
0 0.159613 0.182675 0.099640 0.089262
0 0.053741 0.044112 0.105868 0.088224
0 0.270152 0.033731 0.108984 0.067462
0 0.356299 0.058125 0.104829 0.097566
0 0.458016 0.022316 0.086146 0.044631
0 0.599176 0.171259 0.094451 0.089262
0 0.535862 0.203434 0.081996 0.087188
0 0.484487 0.227306 0.099640 0.103794
0 0.287279 0.275050 0.049820 0.091338
0 0.246281 0.274531 0.050859 0.059163
0 0.438295 0.248584 0.071619 0.079922
0 0.404046 0.272975 0.077846 0.066428
0 0.533785 0.122994 0.084074 0.069541
0 0.680655 0.238725 0.072657 0.058125
0 0.637580 0.302556 0.077846 0.086147
0 0.712310 0.326947 0.117284 0.118325
0 0.668200 0.406869 0.072657 0.070578
0 0.924049 0.543875 0.115211 0.112097
0 0.409752 0.675694 0.080958 0.085109
0 0.204244 0.685034 0.089262 0.101716
0 0.714904 0.011419 0.083035 0.022834
0 0.730475 0.066428 0.083035 0.116247
0 0.905367 0.057087 0.046709 0.041519
0 0.921455 0.115209 0.097567 0.093412
0 0.866441 0.204991 0.056047 0.094453
0 0.886684 0.404794 0.092374 0.068503
0 0.804166 0.360681 0.076807 0.061237
0 0.742408 0.576050 0.081996 0.068503
0 0.299212 0.528825 0.071619 0.065391
0 0.269114 0.415691 0.104829 0.081997
0 0.014935 0.760284 0.029870 0.084072
0 0.082284 0.863559 0.086146 0.085109
0 0.069312 0.967350 0.062275 0.064353
0 0.108754 0.962916 0.068503 0.074167
0 0.762130 0.867191 0.098601 0.100678
0 0.753829 0.920125 0.067464 0.057087
0 0.837898 0.938806 0.106906 0.106906
0 0.547279 0.471219 0.094451 0.085109
0 0.485004 0.418284 0.071619 0.074731