0 0.036711 0.225781 0.071877 0.079687
0 0.039057 0.280469 0.070312 0.042188
0 0.049213 0.330052 0.071877 0.060104
0 0.015544 0.728153 0.031088 0.078068
0 0.133743 0.303125 0.085940 0.081250
0 0.142113 0.446875 0.069200 0.075000
0 0.194683 0.446244 0.079689 0.086788
0 0.282183 0.400781 0.095311 0.085938
0 0.382244 0.352028 0.070188 0.061569
0 0.398313 0.380829 0.055705 0.062176
0 0.489661 0.310541 0.080358 0.083582
0 0.787709 0.306347 0.078009 0.079016
0 0.129057 0.815625 0.076563 0.068750
0 0.113990 0.933938 0.095855 0.051813
0 0.253238 0.802461 0.068653 0.058290
0 0.143119 0.714844 0.082814 0.092187
0 0.513432 0.563281 0.064061 0.060938
0 0.569301 0.573187 0.066062 0.073834
0 0.606398 0.624219 0.056250 0.054688
0 0.593482 0.699219 0.077285 0.073438
0 0.545463 0.655469 0.084374 0.085938
0 0.489213 0.641406 0.062501 0.064063
0 0.535306 0.723437 0.057815 0.068750
0 0.595461 0.746094 0.071877 0.073438
0 0.951867 0.166406 0.070312 0.076563
0 0.966169 0.924870 0.067661 0.072539
0 0.079016 0.776554 0.049223 0.073834
0 0.091969 0.250000 0.054404 0.080311
0 0.148964 0.235104 0.041451 0.045337