0 0.627148 0.837612 0.110055 0.108788
0 0.662567 0.914775 0.097403 0.088547
0 0.439928 0.935016 0.072103 0.068309
0 0.364032 0.960551 0.110055 0.078898
0 0.223620 0.933750 0.094874 0.096138
0 0.497484 0.478991 0.126496 0.130294
0 0.393760 0.484681 0.091077 0.118909
0 0.246387 0.647866 0.122703 0.129028
0 0.086371 0.868603 0.091077 0.079694
0 0.083207 0.923631 0.097403 0.078428
0 0.017885 0.902125 0.035770 0.068309
0 0.060262 0.563351 0.120523 0.133610
0 0.255242 0.773731 0.067045 0.054394
0 0.495590 0.358819 0.092346 0.089813
0 0.253977 0.360716 0.067045 0.055659
0 0.213501 0.408150 0.069574 0.072103
0 0.365297 0.053859 0.120174 0.107718
0 0.109137 0.023501 0.116377 0.047002
0 0.028335 0.013223 0.056670 0.026446
0 0.047610 0.968141 0.095220 0.063718
0 0.155945 0.928056 0.048067 0.067044
0 0.754278 0.979524 0.091077 0.040952
0 0.140129 0.765506 0.061984 0.086019
0 0.419690 0.799028 0.089812 0.072103
0 0.488629 0.903391 0.065776 0.093609
0 0.314696 0.723763 0.044274 0.053128
0 0.362694 0.238018 0.094991 0.089594
0 0.483053 0.142487 0.023748 0.065846