0 0.044647 0.848478 0.074730 0.047744
0 0.023360 0.448356 0.046720 0.069541
0 0.159854 0.569794 0.070580 0.088225
0 0.209157 0.642966 0.071619 0.089263
0 0.042053 0.373106 0.077846 0.072656
0 0.001047 0.322766 0.002094 0.084072
0 0.018689 0.276578 0.037378 0.060200
0 0.104845 0.137494 0.080958 0.087188
0 0.175942 0.186278 0.071619 0.074731
0 0.238739 0.116737 0.083035 0.070578
0 0.279220 0.174859 0.076807 0.074731
0 0.731238 0.375700 0.061236 0.063312
0 0.686085 0.384522 0.041515 0.060200
0 0.957233 0.180421 0.044083 0.048485
0 0.532992 0.134900 0.079919 0.079922
0 0.439057 0.270869 0.078885 0.079922
0 0.442880 0.847843 0.077471 0.073924
0 0.373149 0.680331 0.079919 0.085109
0 0.456184 0.964725 0.050859 0.053972