0 0.108161 0.033978 0.096355 0.067956
0 0.055940 0.072490 0.095374 0.088180
0 0.090917 0.936181 0.090273 0.083172
0 0.093450 0.970120 0.095344 0.059760
0 0.172057 0.936688 0.092299 0.092300
0 0.192494 0.885975 0.086515 0.076072
0 0.878886 0.806859 0.084197 0.100413
0 0.895064 0.577125 0.077749 0.087228
0 0.900907 0.420997 0.099741 0.103601
0 0.983881 0.181556 0.032237 0.129828
0 0.981346 0.309862 0.037308 0.110556
0 0.454674 0.247520 0.085471 0.085271
0 0.377591 0.266839 0.089378 0.088083
0 0.266794 0.198927 0.085401 0.086974
0 0.683258 0.306312 0.092299 0.091284
0 0.699487 0.144790 0.102441 0.117155
0 0.772508 0.073247 0.092289 0.109982
0 0.963083 0.091101 0.073834 0.073394
0 0.954663 0.039050 0.090674 0.078100
0 0.033033 0.026372 0.066065 0.052744
0 0.860104 0.452073 0.072539 0.069948
0 0.810881 0.582254 0.080311 0.094560