0 0.173654 0.867775 0.093610 0.096137
0 0.192628 0.714712 0.096139 0.101197
0 0.023578 0.728628 0.047156 0.080959
0 0.033066 0.796934 0.066132 0.070838
0 0.128111 0.020241 0.098667 0.040478
0 0.073718 0.019606 0.070838 0.039212
0 0.167328 0.055659 0.075900 0.106259
0 0.154676 0.163181 0.086019 0.106259
0 0.121790 0.296637 0.103729 0.110053
0 0.029269 0.288416 0.058537 0.093609
0 0.310269 0.152431 0.091077 0.102463
0 0.240065 0.148003 0.031626 0.060719
0 0.287502 0.278928 0.098667 0.102462
0 0.321023 0.361784 0.054393 0.091078
0 0.440562 0.189747 0.070838 0.078428
0 0.506339 0.221372 0.063248 0.086019
0 0.468391 0.271969 0.086019 0.083487
0 0.553776 0.265012 0.072103 0.089813
0 0.623350 0.269441 0.069574 0.091078
0 0.661933 0.217575 0.070838 0.080959
0 0.697352 0.208087 0.048067 0.061984
0 0.690396 0.278294 0.061984 0.083487
0 0.603112 0.382022 0.082222 0.091078
0 0.564530 0.347869 0.073367 0.086019
0 0.508238 0.330791 0.046803 0.051866
0 0.446254 0.354825 0.082222 0.072103
0 0.452580 0.478794 0.092346 0.089812
0 0.389962 0.560384 0.103729 0.106259
0 0.834601 0.128394 0.084755 0.087284
0 0.866227 0.175831 0.092346 0.080959
0 0.933273 0.160019 0.061984 0.069575
0 0.904175 0.872834 0.102465 0.091078
0 0.990354 0.300431 0.019292 0.072103
0 0.971380 0.254259 0.057240 0.070837
0 0.919356 0.310553 0.084755 0.082225
0 0.805508 0.292209 0.064512 0.037950
0 0.821319 0.313081 0.078429 0.036684
0 0.743524 0.337116 0.079693 0.069575
0 0.782737 0.364313 0.072103 0.083487
0 0.835236 0.385184 0.083491 0.087284
0 0.796653 0.502828 0.077165 0.067044
0 0.747317 0.514212 0.051864 0.069575
0 0.680277 0.567975 0.099931 0.103728
0 0.739732 0.702063 0.117641 0.116378
0 0.560102 0.665378 0.082222 0.098669
0 0.620822 0.604028 0.036684 0.041744
0 0.591094 0.765944 0.086019 0.089812
0 0.425382 0.729259 0.070838 0.072103
0 0.431708 0.765312 0.070838 0.055659
0 0.367195 0.709653 0.063248 0.068309
0 0.433606 0.978793 0.087284 0.042414
0 0.322922 0.926597 0.088548 0.074634
0 0.365297 0.823500 0.067045 0.070838
0 0.429809 0.825397 0.059455 0.054394
0 0.574266 0.211263 0.061683 0.033925
0 0.792931 0.167160 0.046262 0.034542