0 0.327779 0.833731 0.069832 0.077097
0 0.275539 0.836331 0.065833 0.070166
0 0.178997 0.542238 0.092784 0.100484
0 0.089292 0.492428 0.117810 0.104816
0 0.510290 0.512353 0.086626 0.096153
0 0.515920 0.607641 0.078828 0.087491
0 0.727043 0.627591 0.075847 0.068653
0 0.698187 0.680406 0.067358 0.068434
0 0.719482 0.348631 0.084041 0.094422
0 0.499352 0.391839 0.060881 0.053109
0 0.985135 0.862319 0.029730 0.099619
0 0.897315 0.960203 0.070654 0.078828
0 0.822263 0.420531 0.098998 0.108281
0 0.306995 0.694301 0.059585 0.093264
0 0.160622 0.648316 0.046632 0.060881
0 0.651554 0.504534 0.067358 0.086788
0 0.773964 0.353627 0.060881 0.069948
0 0.767487 0.651554 0.058290 0.064767
0 0.555699 0.890544 0.069948 0.068653
0 0.497409 0.860751 0.080311 0.060881
0 0.553756 0.723446 0.034974 0.042746