0 0.200464 0.110156 0.065626 0.054688
0 0.167323 0.128882 0.060034 0.060889
0 0.605404 0.285690 0.083864 0.081743
0 0.816089 0.175781 0.087500 0.079688
0 0.935233 0.064467 0.049223 0.060185
0 0.465611 0.285918 0.058416 0.056291
0 0.443431 0.398437 0.070312 0.059375
0 0.450462 0.447656 0.068752 0.054688
0 0.373119 0.436719 0.079688 0.064062
0 0.312183 0.390625 0.085940 0.068750
0 0.133273 0.330214 0.084374 0.064573
0 0.085492 0.421729 0.075130 0.068459
0 0.023669 0.385937 0.047338 0.062500
0 0.020544 0.430469 0.041087 0.048438
0 0.120722 0.399295 0.078232 0.057658
0 0.159974 0.765544 0.086788 0.075130
0 0.029145 0.847782 0.058290 0.091937
0 0.439271 0.564063 0.059889 0.059375
0 0.970855 0.892969 0.058290 0.076562
0 0.623057 0.461140 0.046632 0.077720