0 0.119171 0.399611 0.067358 0.073834
0 0.247999 0.392844 0.060997 0.064969
0 0.194976 0.262333 0.064103 0.066118
0 0.149066 0.285863 0.081427 0.067569
0 0.075440 0.495000 0.074508 0.075491
0 0.026023 0.474706 0.052046 0.084894
0 0.198440 0.758403 0.067567 0.070166
0 0.257345 0.802147 0.077964 0.069300
0 0.283768 0.732416 0.071901 0.061503
0 0.175485 0.828134 0.097887 0.067569
0 0.998996 0.476006 0.002008 0.075363
0 0.966512 0.430528 0.066976 0.077963
0 0.936528 0.433290 0.056995 0.053109
0 0.889711 0.620669 0.081428 0.075363
0 0.981238 0.608161 0.037523 0.081606
0 0.897504 0.563497 0.088355 0.071900
0 0.716892 0.685072 0.089225 0.090352
0 0.778497 0.700184 0.046632 0.058398
0 0.799223 0.622409 0.077720 0.073834
0 0.720554 0.796519 0.073233 0.077097
0 0.776662 0.887475 0.082292 0.070166
0 0.790522 0.976684 0.089225 0.046632
0 0.832902 0.937824 0.069948 0.082902