0 0.212435 0.314767 0.080311 0.054404
0 0.942358 0.607266 0.089378 0.097951
0 0.972697 0.658269 0.054606 0.085200
0 0.862047 0.574307 0.063472 0.078665
0 0.832254 0.510731 0.045337 0.057732
0 0.737047 0.480570 0.064767 0.044041
0 0.604275 0.582902 0.073834 0.064767
0 0.631477 0.656088 0.060881 0.076425
0 0.838763 0.780440 0.050453 0.053109
0 0.429771 0.866065 0.108246 0.107777
0 0.457254 0.932566 0.108808 0.106371
0 0.764342 0.275884 0.094329 0.099400
0 0.816563 0.290138 0.068947 0.075165
0 0.136010 0.294041 0.033679 0.031088
0 0.979922 0.277850 0.040155 0.045337
0 0.873057 0.515544 0.059585 0.049223
0 0.871114 0.795984 0.032383 0.034974
0 0.806347 0.788212 0.029793 0.040155