0 0.082284 0.063559 0.086146 0.085109
0 0.069312 0.167350 0.062275 0.064353
0 0.108754 0.166831 0.068503 0.081997
0 0.762130 0.067191 0.098601 0.100678
0 0.753829 0.120125 0.067464 0.057087
0 0.837898 0.138806 0.106906 0.106906
0 0.016492 0.554500 0.032983 0.078881
0 0.055301 0.601206 0.088224 0.080959
0 0.028430 0.638572 0.056859 0.070578
0 0.101488 0.505197 0.072657 0.065391
0 0.007671 0.257650 0.015342 0.087188
0 0.053224 0.299169 0.065391 0.085109
0 0.288835 0.396734 0.046709 0.058125
0 0.325161 0.523359 0.065391 0.091338
0 0.456460 0.583559 0.070580 0.070578
0 0.407157 0.530106 0.113134 0.106906
0 0.762130 0.393100 0.088224 0.098603
0 0.947399 0.526994 0.101717 0.092375
0 0.350593 0.873144 0.083035 0.087188
0 0.572710 0.789591 0.076807 0.088225