0 0.893188 0.431778 0.086358 0.078259
0 0.827745 0.512062 0.079609 0.076909
0 0.745438 0.532303 0.085004 0.087706
0 0.918149 0.592347 0.098498 0.097150
0 0.792664 0.624731 0.079609 0.080959
0 0.739366 0.671956 0.086358 0.089053
0 0.724524 0.841294 0.086358 0.085006
0 0.673495 0.837084 0.057155 0.071837
0 0.669205 0.926975 0.089056 0.105247
0 0.768379 0.919553 0.103898 0.087706
0 0.847988 0.965431 0.063417 0.060719
0 0.874975 0.984402 0.063417 0.031195
0 0.780519 0.987776 0.079609 0.024448
0 0.943111 0.806212 0.086358 0.090403
0 0.886658 0.565415 0.049223 0.068653