0 0.054232 0.023872 0.062275 0.047744
0 0.113913 0.035809 0.077846 0.071616
0 0.071359 0.080959 0.055009 0.080959
0 0.263894 0.072137 0.078885 0.090300
0 0.175149 0.081997 0.069541 0.091338
0 0.416470 0.028544 0.080958 0.057087
0 0.529082 0.108463 0.069541 0.052934
0 0.574752 0.224712 0.065391 0.057088
0 0.507805 0.209663 0.080958 0.076806
0 0.502100 0.264672 0.059164 0.045669
0 0.538943 0.293216 0.062275 0.081997
0 0.614712 0.331619 0.070580 0.077844
0 0.551398 0.344075 0.058125 0.067466
0 0.329281 0.163475 0.078885 0.084072
0 0.221340 0.161916 0.083035 0.080959
0 0.190720 0.281797 0.077846 0.086147
0 0.241579 0.278166 0.025949 0.064353
0 0.034900 0.251178 0.069800 0.074731
0 0.111318 0.388184 0.068502 0.072656
0 0.220302 0.431778 0.078885 0.089262
0 0.281021 0.455650 0.063314 0.080959
0 0.134672 0.458766 0.075769 0.087187
0 0.078103 0.505991 0.089262 0.096528
0 0.166849 0.545431 0.079919 0.059163
0 0.092636 0.579684 0.076807 0.086147
0 0.078103 0.679844 0.058125 0.083034
0 0.404015 0.468625 0.076807 0.084072
0 0.480823 0.447866 0.083035 0.088225
0 0.461101 0.372097 0.031138 0.048781
0 0.412837 0.382997 0.077846 0.080959
0 0.366129 0.397528 0.052936 0.078881
0 0.336547 0.450981 0.060198 0.059163
0 0.616789 0.446828 0.066430 0.067466
0 0.578385 0.480044 0.076807 0.081997
0 0.660381 0.469662 0.064352 0.069541
0 0.697230 0.473816 0.042554 0.067466
0 0.693079 0.541281 0.061236 0.065391
0 0.695674 0.637291 0.047743 0.064353
0 0.604856 0.651300 0.075769 0.077844
0 0.659343 0.690225 0.074730 0.070578
0 0.744972 0.769106 0.063314 0.070578
0 0.678025 0.789866 0.066430 0.070578
0 0.635993 0.904038 0.063314 0.064353
0 0.654154 0.941403 0.062275 0.072656
0 0.955673 0.046706 0.067464 0.072656
0 0.969274 0.183713 0.061451 0.064353
0 0.110751 0.165155 0.076425 0.066062