0 0.702203 0.170222 0.107945 0.107944
0 0.790949 0.180081 0.073691 0.067466
0 0.797693 0.081478 0.091340 0.071616
0 0.868273 0.215372 0.043592 0.075769
0 0.792505 0.265709 0.120400 0.087188
0 0.846996 0.298925 0.106906 0.114172
0 0.746318 0.323316 0.096529 0.106906
0 0.646156 0.421919 0.105868 0.063312
0 0.861007 0.469663 0.110022 0.081997
0 0.932109 0.347706 0.111056 0.097566
0 0.881250 0.391819 0.121439 0.115209
0 0.986034 0.352378 0.027932 0.104831
0 0.940409 0.205509 0.104829 0.112097
0 0.845441 0.726031 0.105868 0.100678
0 0.780050 0.765475 0.089262 0.084072
0 0.634223 0.798169 0.106906 0.105869
0 0.527834 0.735375 0.107945 0.108981
0 0.648750 0.928428 0.079919 0.079922
0 0.494102 0.902481 0.075769 0.063312
0 0.533544 0.953575 0.100679 0.092850