0 0.024139 0.979844 0.048278 0.040312
0 0.010075 0.869063 0.020150 0.059375
0 0.360776 0.898750 0.090625 0.081250
0 0.139679 0.621406 0.123436 0.120312
0 0.367027 0.694062 0.103123 0.090625
0 0.074058 0.129688 0.079689 0.071875
0 0.115875 0.040625 0.086673 0.081250
0 0.225619 0.052344 0.120311 0.104688
0 0.887181 0.874219 0.110939 0.089062
0 0.860138 0.720313 0.072470 0.090625
0 0.786399 0.525781 0.078123 0.073437
0 0.678586 0.571094 0.068752 0.070313
0 0.779368 0.398438 0.104688 0.100000
0 0.622336 0.110156 0.093751 0.089062
0 0.724683 0.127344 0.089060 0.095312
0 0.697339 0.044531 0.093751 0.089062
0 0.757494 0.044531 0.064061 0.089062
0 0.966321 0.513601 0.067358 0.071244