0 0.028796 0.844325 0.057591 0.037366
0 0.073677 0.799175 0.061236 0.069541
0 0.315515 0.578616 0.069541 0.085109
0 0.388168 0.701091 0.094451 0.103794
0 0.615479 0.914384 0.069541 0.069541
0 0.681904 0.928397 0.046709 0.072656
0 0.806454 0.937219 0.067464 0.077844
0 0.827735 0.984957 0.068503 0.030086
0 0.677232 0.668397 0.070580 0.065391
0 0.618073 0.436937 0.080958 0.088225
0 0.783621 0.383484 0.067464 0.062275
0 0.584337 0.353384 0.077846 0.083034
0 0.914399 0.230909 0.090301 0.089263
0 0.806454 0.083003 0.040481 0.040478
0 0.753001 0.122444 0.087185 0.096528