0 0.289428 0.073895 0.097309 0.100915
0 0.379055 0.133484 0.107813 0.083031
0 0.257838 0.212856 0.121629 0.099288
0 0.146955 0.222992 0.097018 0.104016
0 0.055052 0.293374 0.110104 0.102372
0 0.181401 0.277716 0.096876 0.058557
0 0.489214 0.646875 0.100002 0.106250
0 0.552494 0.609638 0.101562 0.078651
0 0.757875 0.436358 0.106423 0.103967
0 0.743902 0.569531 0.109374 0.107812
0 0.714212 0.762500 0.087500 0.081250
0 0.798586 0.860800 0.084374 0.084100
0 0.708647 0.894560 0.098249 0.089119
0 0.643120 0.822656 0.123436 0.085938
0 0.539992 0.814063 0.098437 0.093750
0 0.832544 0.675000 0.099161 0.087500