0 0.023110 0.335856 0.046220 0.106822
0 0.017677 0.062462 0.035354 0.092338
0 0.006814 0.661753 0.013628 0.085097
0 0.061611 0.600197 0.081475 0.103200
0 0.122443 0.967120 0.066989 0.065759
0 0.125160 0.882641 0.086908 0.074231
0 0.088951 0.974363 0.072422 0.051274
0 0.175854 0.732366 0.094150 0.099581
0 0.363248 0.798450 0.092336 0.097769
0 0.449248 0.861819 0.097769 0.105012
0 0.649313 0.764050 0.106822 0.105012
0 0.154130 0.486131 0.086908 0.085097
0 0.117917 0.088716 0.094150 0.086906
0 0.315265 0.030778 0.079665 0.061556
0 0.485826 0.123057 0.093413 0.098446
0 0.434763 0.251666 0.083284 0.083284
0 0.364150 0.260719 0.068799 0.072422
0 0.376826 0.317750 0.086908 0.052506
0 0.293542 0.406469 0.090527 0.088716
0 0.222929 0.451544 0.079665 0.081845
0 0.026370 0.224506 0.052740 0.072422
0 0.713585 0.203687 0.076041 0.085097
0 0.789281 0.163950 0.089831 0.092149
0 0.846616 0.199101 0.081379 0.094026
0 0.489637 0.740285 0.072539 0.084197