0 0.658276 0.984531 0.090625 0.030938
0 0.461788 0.954532 0.073834 0.069686
0 0.308276 0.669063 0.109374 0.100000
0 0.295774 0.584688 0.112499 0.093750
0 0.280152 0.447188 0.100002 0.100000
0 0.380934 0.449531 0.101562 0.114062
0 0.315308 0.315938 0.117190 0.096875
0 0.071935 0.042344 0.086699 0.084687
0 0.446555 0.029145 0.070312 0.058290
0 0.609838 0.152656 0.056250 0.057812
0 0.669213 0.579688 0.087500 0.065625
0 0.660621 0.528772 0.070312 0.054954
0 0.843432 0.623438 0.082814 0.078125
0 0.647557 0.300741 0.059809 0.070393
0 0.582902 0.324336 0.054404 0.061172
0 0.040155 0.734456 0.067358 0.080311