0 0.124049 0.543875 0.115211 0.112097
0 0.105367 0.057087 0.046709 0.041519
0 0.121455 0.115209 0.097567 0.093412
0 0.066441 0.204991 0.056047 0.094453
0 0.333712 0.599925 0.104829 0.099641
0 0.335784 0.710981 0.081996 0.085109
0 0.086684 0.404794 0.092374 0.068503
0 0.021285 0.360681 0.042570 0.061237
0 0.296864 0.241837 0.058125 0.058125
0 0.504970 0.235091 0.098601 0.094453
0 0.453073 0.168662 0.079919 0.090300
0 0.654430 0.037884 0.100679 0.073694
0 0.696984 0.088744 0.098601 0.061238
0 0.555307 0.074731 0.110022 0.116247
0 0.544930 0.511181 0.091340 0.092375
0 0.775869 0.849028 0.077846 0.043594
0 0.753031 0.858888 0.067464 0.042556
0 0.045676 0.938806 0.091351 0.106906
0 0.743693 0.730184 0.059164 0.052934
0 0.821539 0.731222 0.036326 0.100678