0 0.022021 0.378906 0.044041 0.085938
0 0.097798 0.375105 0.091969 0.131040
0 0.160545 0.387500 0.098437 0.096875
0 0.173713 0.304688 0.090398 0.075000
0 0.121757 0.273964 0.095864 0.063472
0 0.240233 0.217188 0.104688 0.093750
0 0.480074 0.228125 0.090625 0.071875
0 0.383198 0.369531 0.087500 0.095313
0 0.216794 0.428125 0.104688 0.081250
0 0.225386 0.498437 0.103123 0.075000
0 0.099605 0.503125 0.085939 0.093750
0 0.608981 0.106250 0.089060 0.087500
0 0.687890 0.190625 0.106248 0.096875
0 0.778510 0.138281 0.093751 0.107813
0 0.832419 0.225781 0.085940 0.085938
0 0.904292 0.213281 0.076563 0.092188
0 0.714449 0.281250 0.096876 0.100000
0 0.771479 0.378906 0.098437 0.095313
0 0.863669 0.343750 0.085940 0.078125
0 0.924605 0.431250 0.098437 0.103125
0 0.669136 0.490625 0.093751 0.093750
0 0.554292 0.569531 0.079689 0.073438
0 0.422264 0.634375 0.065626 0.078125
0 0.451169 0.610156 0.073437 0.070313
0 0.544920 0.685156 0.079689 0.076563
0 0.421078 0.735938 0.080497 0.078125
0 0.758982 0.577344 0.079689 0.073438
0 0.999411 0.665625 0.001177 0.081250
0 0.970505 0.615625 0.058990 0.075000
0 0.575386 0.789063 0.096876 0.084375
0 0.791012 0.802344 0.100002 0.089062
0 0.841796 0.722656 0.101562 0.076563
0 0.256636 0.801562 0.084374 0.078125
0 0.227731 0.782813 0.092186 0.071875
0 0.178756 0.839836 0.093264 0.073454
0 0.198046 0.892187 0.098437 0.065625
0 0.105184 0.838083 0.056471 0.044041
0 0.437107 0.860938 0.076563 0.078125