0 0.961956 0.991372 0.076088 0.017256
0 0.302035 0.837301 0.074686 0.107245
0 0.080395 0.754919 0.085323 0.093556
0 0.564848 0.618053 0.108283 0.102219
0 0.594298 0.703813 0.103085 0.102219
0 0.416286 0.868400 0.090090 0.088356
0 0.147314 0.634686 0.111747 0.093206
0 0.955891 0.249463 0.088218 0.123875
0 0.866301 0.209616 0.115211 0.127338
0 0.904851 0.311400 0.112612 0.124741
0 0.523451 0.313453 0.072268 0.085530
0 0.439767 0.361399 0.050518 0.059585
0 0.522731 0.222798 0.112820 0.101036
0 0.459019 0.121114 0.071600 0.068653
0 0.563546 0.035724 0.097022 0.071448
0 0.496849 0.030526 0.091824 0.061052
0 0.724672 0.222175 0.103950 0.123006
0 0.798734 0.063444 0.127337 0.126887
0 0.949482 0.704663 0.093264 0.059585
0 0.790803 0.150259 0.086788 0.082902
0 0.614637 0.136010 0.068653 0.080311
0 0.643135 0.282383 0.042746 0.085492