0 0.181902 0.766697 0.071962 0.083956
0 0.425531 0.953353 0.085455 0.070463
0 0.375307 0.989045 0.059967 0.021910
0 0.985250 0.035528 0.029499 0.071056
0 0.947019 0.021284 0.105961 0.042568
0 0.759856 0.047816 0.088454 0.088456
0 0.641421 0.094291 0.097450 0.100450
0 0.698389 0.140019 0.103447 0.101947
0 0.716381 0.264456 0.097450 0.107944
0 0.657908 0.247213 0.091453 0.109444
0 0.879795 0.465353 0.094451 0.092953
0 0.607684 0.391141 0.062966 0.094453
0 0.449515 0.248713 0.112443 0.112444
0 0.451766 0.324425 0.113942 0.107944
0 0.512485 0.443612 0.085455 0.088456
0 0.564209 0.485591 0.089953 0.091453
0 0.410538 0.555306 0.091453 0.089953
0 0.699889 0.650506 0.067464 0.088456
0 0.652663 0.682741 0.089953 0.101947
0 0.987498 0.593538 0.025004 0.064466
0 0.971758 0.696234 0.056484 0.101947
0 0.970257 0.777941 0.059486 0.088456
0 0.687147 0.911375 0.098949 0.106447
0 0.603938 0.912122 0.082457 0.092953
0 0.258420 0.043394 0.068653 0.086788