0 0.343744 0.006250 0.085940 0.012500
0 0.270306 0.028125 0.079689 0.056250
0 0.200774 0.013281 0.084374 0.026562
0 0.110149 0.067969 0.093751 0.085937
0 0.032418 0.068750 0.064836 0.087500
0 0.985231 0.033594 0.029537 0.067188
0 0.914211 0.034375 0.100002 0.068750
0 0.764210 0.066406 0.090625 0.085937
0 0.804057 0.135937 0.095311 0.121875
0 0.846091 0.167936 0.066885 0.088998
0 0.908745 0.144531 0.095311 0.107812
0 0.939995 0.426563 0.095311 0.084375
0 0.797806 0.513281 0.126562 0.114062
0 0.745462 0.339062 0.109374 0.100000
0 0.823585 0.280469 0.109374 0.114062
0 0.963356 0.727344 0.073287 0.114062
0 0.534326 0.514249 0.053109 0.077720