0 0.173751 0.544422 0.077094 0.072766
0 0.157728 0.281947 0.076229 0.076231
0 0.356534 0.232572 0.080563 0.079694
0 0.185012 0.114759 0.084027 0.088356
0 0.020825 0.132953 0.041650 0.058906
0 0.241060 0.074047 0.085237 0.079694
0 0.651492 0.011902 0.093553 0.023804
0 0.080197 0.457363 0.082292 0.087491
0 0.373858 0.408853 0.085761 0.089225
0 0.973441 0.633212 0.053118 0.084025
0 0.819108 0.590331 0.071901 0.060638
0 0.916130 0.020131 0.094423 0.040262
0 0.840765 0.029660 0.084027 0.059320
0 0.856226 0.114310 0.080295 0.082261
0 0.784339 0.075347 0.068678 0.061503
0 0.217617 0.560233 0.049223 0.063472
0 0.914508 0.670984 0.062176 0.067358
0 0.878886 0.541451 0.045337 0.041451
0 0.937824 0.190415 0.046632 0.051813
0 0.982513 0.230570 0.034974 0.069948
0 0.942358 0.260363 0.058290 0.051813
0 0.761658 0.038212 0.088083 0.053109
0 0.244819 0.215674 0.059585 0.066062
0 0.246762 0.018135 0.079016 0.036269