0 0.032026 0.040155 0.064047 0.080310
0 0.166342 0.055797 0.038291 0.050325
0 0.233078 0.013675 0.095180 0.027350
0 0.284496 0.048137 0.108312 0.076581
0 0.454622 0.099009 0.105026 0.101744
0 0.422892 0.177234 0.111592 0.102841
0 0.490722 0.202944 0.059079 0.066737
0 0.504945 0.136206 0.059079 0.068925
0 0.532294 0.129644 0.039386 0.062359
0 0.314585 0.193644 0.089709 0.074394
0 0.180565 0.317269 0.053608 0.048137
0 0.357252 0.379084 0.109402 0.068925
0 0.360532 0.444178 0.096275 0.100650
0 0.433284 0.441991 0.092994 0.050325
0 0.642795 0.424484 0.094089 0.094088
0 0.739615 0.380725 0.055794 0.043762
0 0.801430 0.382366 0.078772 0.088616
0 0.880747 0.395494 0.097370 0.090806
0 0.842215 0.474812 0.049715 0.070019
0 0.583167 0.745038 0.057984 0.050325
0 0.890044 0.137847 0.080957 0.074394
0 0.911377 0.224825 0.092994 0.086428
0 0.957057 0.179969 0.085885 0.099556
0 0.977297 0.094087 0.045406 0.085334
0 0.785563 0.809037 0.064550 0.086428
0 0.680537 0.824903 0.103931 0.091900
0 0.847927 0.987940 0.082053 0.024120
0 0.263162 0.903125 0.089709 0.088616