0 0.347150 0.852979 0.064767 0.068653
0 0.492930 0.790437 0.098752 0.095287
0 0.550518 0.695222 0.077720 0.084744
0 0.143400 0.412319 0.089225 0.104816
0 0.074994 0.466763 0.070218 0.076838
0 0.175450 0.346050 0.094423 0.098753
0 0.380750 0.493313 0.080563 0.057172
0 0.429264 0.441338 0.082292 0.067569
0 0.545337 0.455955 0.075130 0.072547
0 0.601213 0.378969 0.072765 0.071031
0 0.473007 0.357313 0.055441 0.046778
0 0.431426 0.306203 0.067567 0.060637
0 0.080948 0.009067 0.078995 0.018134
0 0.263759 0.065456 0.068336 0.065978
0 0.727026 0.779768 0.075814 0.085442
0 0.797852 0.424878 0.077964 0.074497
0 0.732435 0.467415 0.078860 0.072942
0 0.875815 0.445669 0.076229 0.065834
0 0.724093 0.339987 0.077720 0.084894
0 0.849824 0.310100 0.081428 0.075363
0 0.809978 0.239500 0.083162 0.074497
0 0.226684 0.844560 0.069948 0.041451
0 0.638601 0.724741 0.054404 0.063472
0 0.010363 0.431347 0.020725 0.059585
0 0.402202 0.128886 0.050518 0.063472