0 0.517649 0.092187 0.115625 0.100000
0 0.620776 0.261719 0.096876 0.079687
0 0.692648 0.247656 0.078123 0.101562
0 0.897338 0.257813 0.081249 0.078125
0 0.390307 0.293750 0.082814 0.071875
0 0.566867 0.375000 0.085939 0.078125
0 0.534056 0.412500 0.076563 0.075000
0 0.769219 0.606250 0.078143 0.075000
0 0.956482 0.716475 0.087036 0.085800
0 0.642650 0.629688 0.103123 0.084375
0 0.573118 0.621875 0.070312 0.093750
0 0.482493 0.628906 0.095311 0.092187
0 0.594212 0.751563 0.087500 0.078125
0 0.629988 0.810808 0.087175 0.077866
0 0.488744 0.973438 0.089060 0.053124