0 0.148316 0.050518 0.107513 0.101036
0 0.058825 0.209375 0.117650 0.112500
0 0.184057 0.255230 0.142189 0.127040
0 0.520774 0.645078 0.109374 0.098446
0 0.690308 0.691710 0.104688 0.098446
0 0.710994 0.830469 0.111690 0.104688
0 0.654367 0.874219 0.092186 0.082812
0 0.541088 0.832031 0.090625 0.076562
0 0.416866 0.717236 0.082814 0.071778
0 0.098130 0.866131 0.117211 0.120864
0 0.250644 0.956250 0.081614 0.087500
0 0.477807 0.866406 0.076563 0.067188
0 0.861402 0.950781 0.115625 0.098437
0 0.347150 0.523964 0.072539 0.063472
0 0.799870 0.696244 0.073834 0.094560