0 0.984446 0.943997 0.031107 0.065391
0 0.871328 0.925316 0.076807 0.071616
0 0.795038 0.906112 0.073691 0.072656
0 0.572920 0.877050 0.059164 0.070578
0 0.753001 0.795690 0.072657 0.061470
0 0.743662 0.695412 0.076807 0.083034
0 0.966282 0.672578 0.067436 0.056047
0 0.860429 0.708387 0.071619 0.069541
0 0.828770 0.640922 0.047743 0.055009
0 0.949169 0.580203 0.041515 0.072656
0 0.899349 0.593697 0.083035 0.078881
0 0.853679 0.542837 0.062275 0.064353
0 0.860946 0.422956 0.085112 0.081997
0 0.929970 0.456169 0.086146 0.090300
0 0.984448 0.371578 0.031104 0.083034
0 0.929970 0.137006 0.075769 0.070578
0 0.654145 0.979922 0.064767 0.040155