0 0.213624 0.134000 0.132606 0.120041
0 0.205249 0.272187 0.127022 0.114459
0 0.108241 0.201000 0.066998 0.069791
0 0.300165 0.229616 0.127022 0.104688
0 0.285511 0.371294 0.136794 0.128416
0 0.183615 0.369897 0.072582 0.094916
0 0.100561 0.522044 0.096312 0.094916
0 0.028675 0.517156 0.055831 0.087938
0 0.399270 0.413866 0.140981 0.138188
0 0.431375 0.501803 0.110271 0.093522
0 0.308541 0.578575 0.121439 0.127022
0 0.371356 0.709084 0.107480 0.114459
0 0.450218 0.743981 0.089333 0.100500
0 0.390199 0.810284 0.108875 0.101897
0 0.236654 0.841691 0.131210 0.120041
0 0.258989 0.943178 0.114459 0.113644
0 0.394386 0.957835 0.108875 0.084330
0 0.511637 0.118647 0.100500 0.097709
0 0.715429 0.055834 0.089333 0.089334
0 0.768469 0.115853 0.114459 0.108875
0 0.856406 0.229616 0.120043 0.110272
0 0.727992 0.268700 0.114459 0.113062
0 0.771961 0.331512 0.110271 0.115853
0 0.848273 0.377345 0.106564 0.084688
0 0.725201 0.410375 0.089333 0.089334
0 0.971476 0.157031 0.057048 0.079563
0 0.978453 0.367803 0.043094 0.104687
0 0.870365 0.488544 0.108875 0.120041
0 0.868273 0.561825 0.099104 0.090728
0 0.716125 0.540887 0.101896 0.096313
0 0.894095 0.714669 0.092125 0.100500
0 0.972872 0.842388 0.054256 0.096312
0 0.966590 0.761428 0.066820 0.087938
0 0.053801 0.131906 0.036293 0.065603