0 0.563589 0.685469 0.096876 0.098437
0 0.698742 0.637813 0.104688 0.103125
0 0.676088 0.891719 0.084374 0.098437
0 0.844056 0.662813 0.082814 0.087500
0 0.846969 0.595934 0.048860 0.049381
0 0.339370 0.172656 0.123436 0.114062
0 0.609681 0.068750 0.073438 0.075000
0 0.683899 0.091406 0.078123 0.079687
0 0.629856 0.114079 0.070594 0.059407
0 0.668276 0.016406 0.074998 0.032812
0 0.796868 0.340625 0.079689 0.093750
0 0.863275 0.321875 0.100002 0.106250
0 0.917964 0.101563 0.093751 0.090625
0 0.923430 0.684375 0.073437 0.087500