0 0.968967 0.801156 0.062066 0.103038
0 0.896531 0.871997 0.093840 0.086478
0 0.762214 0.973257 0.090160 0.053486
0 0.741971 0.880275 0.090160 0.091997
0 0.711614 0.779078 0.080958 0.062559
0 0.646293 0.720197 0.126956 0.114078
0 0.580978 0.845316 0.095678 0.114078
0 0.176185 0.950258 0.125119 0.099484
0 0.184462 0.835197 0.093840 0.130637
0 0.756692 0.569322 0.123276 0.114078
0 0.619616 0.580359 0.114078 0.121437
0 0.639854 0.439603 0.114078 0.101197
0 0.524860 0.530681 0.068079 0.051519
0 0.471500 0.579441 0.086480 0.057037
0 0.241501 0.639241 0.108556 0.114078
0 0.113624 0.611641 0.150879 0.121437
0 0.020933 0.617159 0.041866 0.117759
0 0.110865 0.502162 0.090160 0.097519
0 0.022772 0.446044 0.045544 0.103038
0 0.051292 0.137850 0.102583 0.174797
0 0.810972 0.279525 0.110398 0.071759
0 0.729093 0.037184 0.097520 0.074368
0 0.511056 0.190287 0.073597 0.091997
0 0.432857 0.284125 0.057039 0.058878