0 0.102748 0.317087 0.085004 0.083656
0 0.109492 0.491822 0.066115 0.082309
0 0.036194 0.446622 0.072388 0.048575
0 0.001787 0.481028 0.003573 0.095800
0 0.072386 0.531628 0.086358 0.080959
0 0.108820 0.568734 0.051272 0.044528
0 0.015954 0.549844 0.031907 0.087706
0 0.406340 0.924278 0.093102 0.094453
0 0.482578 0.924950 0.064766 0.103897
0 0.493374 0.466188 0.070166 0.063419
0 0.446821 0.408841 0.058022 0.080959
0 0.595919 0.481703 0.067464 0.064766
0 0.668106 0.470234 0.060719 0.047225
0 0.742996 0.467534 0.083655 0.085006
0 0.784821 0.414912 0.078260 0.076909
0 0.658664 0.918206 0.085004 0.087706
0 0.816532 0.732000 0.101200 0.103897
0 0.878600 0.883797 0.063417 0.067466
0 0.972696 0.904712 0.054608 0.093103
0 0.900187 0.273909 0.066115 0.075563
0 0.959558 0.300897 0.079609 0.059369
0 0.949439 0.352844 0.086358 0.082309
0 0.881975 0.350147 0.067464 0.085006
0 0.993609 0.363637 0.012782 0.071513
0 0.988886 0.593022 0.022227 0.071512
0 0.306493 0.908084 0.052621 0.053972
0 0.846889 0.388600 0.064766 0.067466