0 0.187772 0.808354 0.093368 0.087956
0 0.362183 0.788077 0.095311 0.099471
0 0.308274 0.593281 0.071877 0.076562
0 0.327807 0.436250 0.070312 0.062500
0 0.280988 0.376875 0.082701 0.084375
0 0.031481 0.322187 0.062962 0.084375
0 0.043980 0.226367 0.087959 0.082267
0 0.072339 0.331562 0.068752 0.087500
0 0.174551 0.253886 0.073177 0.080311
0 0.136400 0.011094 0.084374 0.022187
0 0.899369 0.968750 0.084682 0.062500
0 0.570309 0.740625 0.085939 0.081250
0 0.498431 0.754688 0.073438 0.090625
0 0.037565 0.858808 0.067358 0.082902