0 0.201499 0.065242 0.068639 0.083853
0 0.063343 0.878034 0.112640 0.095038
0 0.186539 0.851638 0.045759 0.056319
0 0.325580 0.875397 0.112640 0.114397
0 0.402138 0.824356 0.054558 0.044000
0 0.520056 0.841956 0.103837 0.079200
0 0.649410 0.889475 0.056320 0.061600
0 0.593094 0.919394 0.084478 0.093278
0 0.689012 0.959258 0.082720 0.081484
0 0.367818 0.476763 0.070397 0.063359
0 0.408295 0.508444 0.063361 0.049278
0 0.563174 0.460922 0.123196 0.095038
0 0.718048 0.343006 0.087998 0.087997
0 0.799889 0.273488 0.124959 0.121437
0 0.796369 0.350044 0.082720 0.059837
0 0.891408 0.329955 0.100317 0.114701
0 0.916019 0.086931 0.072107 0.079200
0 0.880847 0.058864 0.114398 0.117728
0 0.527976 0.233006 0.059840 0.054559
0 0.654145 0.595855 0.049223 0.069948
0 0.255181 0.483161 0.075130 0.067358