0 0.977631 0.895916 0.044738 0.115919
0 0.966592 0.627281 0.066816 0.119597
0 0.890860 0.635559 0.114078 0.121437
0 0.903743 0.993497 0.069917 0.013006
0 0.567384 0.847250 0.140551 0.121254
0 0.762982 0.608881 0.082800 0.093837
0 0.647988 0.565641 0.084638 0.106719
0 0.713303 0.507681 0.097520 0.071759
0 0.854980 0.444203 0.090160 0.080959
0 0.753785 0.326447 0.112236 0.110397
0 0.852221 0.190287 0.114078 0.114078
0 0.150276 0.808516 0.093840 0.103038
0 0.110717 0.964058 0.073597 0.071884
0 0.337031 0.806678 0.121439 0.125119
0 0.458469 0.803916 0.084638 0.046000
0 0.435472 0.882116 0.068080 0.073600
0 0.306674 0.914316 0.115916 0.112238
0 0.181555 0.402803 0.082800 0.082800
0 0.589106 0.039945 0.125119 0.079890
0 0.380628 0.040865 0.104167 0.081730
0 0.402352 0.080609 0.053359 0.090563
0 0.313113 0.085409 0.084638 0.080959
0 0.235835 0.207769 0.139839 0.119597
0 0.208232 0.145209 0.095678 0.093837
0 0.478708 0.104728 0.099358 0.126956
0 0.253768 0.863754 0.021196 0.043570
0 0.422927 0.152850 0.079016 0.082902