0 0.277112 0.218728 0.059164 0.050859
0 0.464458 0.157491 0.070580 0.069541
0 0.918032 0.031780 0.085112 0.063559
0 0.988078 0.054216 0.023843 0.093413
0 0.695915 0.034893 0.105867 0.069786
0 0.909732 0.179287 0.066430 0.063312
0 0.947097 0.223919 0.064352 0.040478
0 0.879628 0.220803 0.066430 0.044631
0 0.841225 0.170984 0.074730 0.084072
0 0.775316 0.150225 0.096529 0.102756
0 0.443699 0.439287 0.093413 0.083034
0 0.998978 0.238969 0.002044 0.083034
0 0.983926 0.264397 0.032148 0.063312
0 0.794521 0.599131 0.056047 0.060200
0 0.931009 0.711744 0.067464 0.071616
0 0.398550 0.809309 0.104829 0.096528
0 0.487291 0.966673 0.060198 0.066654
0 0.405816 0.975494 0.065391 0.049012
0 0.105853 0.750669 0.100679 0.091337
0 0.231442 0.764678 0.098601 0.098603
0 0.830330 0.484956 0.071619 0.066428
0 0.645056 0.344319 0.072657 0.063312
0 0.549049 0.214056 0.050859 0.066428
0 0.524139 0.228587 0.050859 0.070578