0 0.522817 0.025033 0.092952 0.050066
0 0.642009 0.101037 0.094451 0.080959
0 0.624770 0.041819 0.056969 0.043478
0 0.558053 0.166256 0.070462 0.070463
0 0.505578 0.226225 0.070462 0.082456
0 0.455353 0.056063 0.083956 0.098950
0 0.316675 0.013787 0.094451 0.027574
0 0.362401 0.053062 0.095951 0.101947
0 0.459851 0.143766 0.050976 0.079459
0 0.406628 0.135522 0.085455 0.101947
0 0.351159 0.190994 0.055469 0.059969
0 0.279193 0.128775 0.052471 0.076459
0 0.213228 0.035528 0.085455 0.071056
0 0.149510 0.021284 0.110944 0.042568
0 0.813672 0.307184 0.086955 0.082456
0 0.797927 0.367153 0.052471 0.061469
0 0.079795 0.465353 0.094451 0.092953
0 0.212476 0.593538 0.074960 0.064466
0 0.549057 0.661753 0.082457 0.080959
0 0.366147 0.749456 0.082457 0.091453
0 0.268698 0.690988 0.073461 0.088456
0 0.192990 0.696234 0.098949 0.101947
0 0.193737 0.777941 0.106446 0.088456
0 0.407381 0.871644 0.104946 0.104947
0 0.447857 0.801181 0.092952 0.068966
0 0.328670 0.837163 0.070462 0.074962
0 0.525816 0.939859 0.116941 0.079459