0 0.078590 0.546875 0.078123 0.093750
0 0.161399 0.566062 0.084374 0.059585
0 0.501557 0.961094 0.092186 0.077812
0 0.528117 0.858920 0.095311 0.051590
0 0.478118 0.827656 0.104688 0.082812
0 0.757806 0.797188 0.089060 0.087500
0 0.538273 0.637031 0.096876 0.089062
0 0.379096 0.565938 0.094140 0.109375
0 0.618307 0.414375 0.099308 0.093750
0 0.835929 0.259687 0.114064 0.109375
0 0.423392 0.174531 0.085859 0.085938
0 0.366368 0.246416 0.093689 0.079707
0 0.359368 0.305000 0.079689 0.062500
0 0.322651 0.196406 0.078123 0.076562
0 0.974920 0.213281 0.050159 0.070312
0 0.689119 0.464378 0.075130 0.068653