0 0.630210 0.231865 0.086731 0.090674
0 0.735973 0.225389 0.095411 0.093264
0 0.531736 0.133151 0.104922 0.095317
0 0.416451 0.049870 0.136010 0.099740
0 0.062825 0.224741 0.125645 0.123057
0 0.187824 0.045984 0.085492 0.091968
0 0.022021 0.038212 0.044041 0.076424
0 0.656514 0.481298 0.117024 0.123219
0 0.748145 0.508733 0.071067 0.093932
0 0.141877 0.726684 0.091894 0.069948
0 0.220207 0.919689 0.145078 0.126943
0 0.339359 0.994596 0.099400 0.010808
0 0.372260 0.966969 0.063771 0.066062
0 0.308004 0.933290 0.101608 0.063472
0 0.283031 0.981218 0.086788 0.037564
0 0.031089 0.717815 0.062174 0.108411
0 0.709197 0.964378 0.076425 0.071244
0 0.611399 0.610751 0.093264 0.097150
0 0.652463 0.628105 0.078494 0.083169
0 0.360751 0.459197 0.068653 0.081606
0 0.530440 0.952720 0.066062 0.073834