0 0.016737 0.469906 0.033474 0.079922
0 0.046449 0.428909 0.059164 0.051897
0 0.147644 0.418531 0.053970 0.047744
0 0.164771 0.374937 0.050859 0.041519
0 0.366650 0.182400 0.070580 0.090300
0 0.456947 0.204716 0.089262 0.085109
0 0.358862 0.248828 0.075769 0.069541
0 0.526488 0.216653 0.053970 0.057087
0 0.079659 0.632863 0.057086 0.057087
0 0.032433 0.649469 0.056047 0.050859
0 0.125329 0.750669 0.048781 0.051897
0 0.079142 0.793222 0.045670 0.039441
0 0.154394 0.976938 0.038404 0.041519
0 0.984843 0.135694 0.030314 0.088225
0 0.969794 0.193819 0.060412 0.071616
0 0.848250 0.516097 0.060198 0.072656
0 0.928756 0.590674 0.051813 0.072539