0 0.612737 0.014896 0.108528 0.029792
0 0.032383 0.135399 0.064766 0.107586
0 0.234050 0.051996 0.119982 0.103992
0 0.725236 0.120136 0.049529 0.080972
0 0.679404 0.128238 0.073834 0.080311
0 0.857686 0.207450 0.075059 0.099400
0 0.106218 0.207956 0.113990 0.112584
0 0.457254 0.293394 0.077720 0.068653
0 0.741201 0.686528 0.127480 0.126943
0 0.696891 0.757072 0.124352 0.115390
0 0.810881 0.786917 0.124352 0.112694
0 0.027187 0.822609 0.054374 0.094328
0 0.372409 0.897668 0.097150 0.095855
0 0.799223 0.965026 0.077720 0.069948
0 0.770725 0.879534 0.124352 0.108808
0 0.979922 0.884067 0.040155 0.081606
0 0.979275 0.588916 0.041450 0.109733
0 0.963083 0.482330 0.073834 0.099375
0 0.974093 0.355570 0.051813 0.073834
0 0.007772 0.880829 0.015544 0.054404