0 0.036949 0.310937 0.073898 0.071875
0 0.025231 0.782813 0.050461 0.084375
0 0.224741 0.712435 0.081606 0.075130
0 0.171557 0.742188 0.057815 0.062500
0 0.116868 0.979688 0.070312 0.040624
0 0.180933 0.963281 0.051564 0.060937
0 0.234838 0.948365 0.065626 0.059229
0 0.969761 0.905000 0.060477 0.075000
0 0.976012 0.799531 0.047975 0.089063
0 0.335620 0.810156 0.070312 0.067187
0 0.337960 0.871875 0.074998 0.056250
0 0.451883 0.906250 0.072160 0.062500
0 0.531882 0.902801 0.071536 0.056898
0 0.600465 0.885156 0.062501 0.070312
0 0.744214 0.933594 0.068752 0.073437
0 0.566710 0.728125 0.073834 0.068750
0 0.683440 0.808938 0.071544 0.063472
0 0.705207 0.702898 0.068861 0.068297
0 0.807449 0.817358 0.057903 0.059585
0 0.602805 0.552344 0.079689 0.073438
0 0.528588 0.585938 0.065626 0.062500
0 0.480150 0.604688 0.078123 0.078125
0 0.625053 0.435233 0.086682 0.090674
0 0.776245 0.398154 0.070312 0.078692
0 0.844211 0.388419 0.062501 0.082537
0 0.849708 0.192969 0.098380 0.098438
0 0.908942 0.118321 0.108039 0.107109
0 0.876242 0.243750 0.089060 0.062500
0 0.669992 0.091406 0.073437 0.073437
0 0.688745 0.018750 0.085939 0.037500
0 0.532493 0.274219 0.051564 0.067187
0 0.598900 0.299219 0.059375 0.079687
0 0.602805 0.126563 0.079689 0.078125
0 0.506477 0.041406 0.082902 0.082812