0 0.380582 0.017021 0.083886 0.034042
0 0.404548 0.081978 0.093469 0.071900
0 0.424922 0.163463 0.091072 0.067106
0 0.528920 0.192746 0.060431 0.056477
0 0.810383 0.181088 0.087087 0.079793
0 0.948596 0.263601 0.088675 0.084197
0 0.961714 0.349681 0.076572 0.075249
0 0.863512 0.296478 0.076695 0.079091
0 0.655001 0.296478 0.081489 0.083884
0 0.678967 0.201809 0.091072 0.076694
0 0.638227 0.127513 0.086283 0.081487
0 0.586924 0.047225 0.054676 0.069503
0 0.379384 0.267719 0.081489 0.083884
0 0.151702 0.192225 0.100660 0.095866
0 0.054280 0.331231 0.108560 0.100659
0 0.083397 0.191025 0.059916 0.064709
0 0.029117 0.167059 0.058228 0.079091
0 0.607071 0.520569 0.081489 0.086281
0 0.656125 0.563943 0.078942 0.081958
0 0.459674 0.658378 0.074298 0.093472
0 0.460296 0.579235 0.068260 0.060024
0 0.257156 0.654781 0.086283 0.081487
0 0.096576 0.907631 0.110248 0.079091
0 0.120541 0.971192 0.086283 0.057616
0 0.526781 0.857303 0.074298 0.074297
0 0.539508 0.264896 0.071244 0.071244
0 0.097798 0.481218 0.042746 0.068653