0 0.039567 0.147075 0.079134 0.140328
0 0.075088 0.084331 0.075562 0.079609
0 0.131756 0.116716 0.086358 0.101197
0 0.189778 0.172712 0.072864 0.089053
0 0.125012 0.184856 0.062068 0.056672
0 0.069016 0.222637 0.090404 0.099850
0 0.062943 0.318437 0.078260 0.097150
0 0.257918 0.263791 0.085004 0.076909
0 0.361817 0.265141 0.095800 0.095800
0 0.083851 0.495872 0.049914 0.071513
0 0.117590 0.664751 0.055324 0.054890
0 0.485953 0.709062 0.095800 0.085006
0 0.409714 0.750216 0.086358 0.080959
0 0.457617 0.815656 0.093102 0.101197
0 0.548693 0.886497 0.080958 0.086356
0 0.463689 0.958009 0.089056 0.064766
0 0.988212 0.045875 0.023576 0.091750
0 0.873205 0.057347 0.068813 0.090403
0 0.891417 0.209144 0.086358 0.097150
0 0.975394 0.261388 0.049212 0.097905