0 0.023667 0.750781 0.047334 0.089063
0 0.358273 0.948438 0.068752 0.071875
0 0.319211 0.981250 0.065626 0.037500
0 0.077805 0.062813 0.089060 0.084375
0 0.134839 0.015781 0.084374 0.031562
0 0.315549 0.036269 0.094829 0.072538
0 0.375461 0.064158 0.074998 0.081684
0 0.350461 0.140937 0.078123 0.081250
0 0.269993 0.117255 0.073437 0.066116
0 0.264735 0.176707 0.068330 0.055913
0 0.365738 0.197760 0.058679 0.044895
0 0.430930 0.178229 0.073437 0.083957
0 0.664949 0.985104 0.066475 0.029792
0 0.615306 0.859688 0.098437 0.081250
0 0.641128 0.516719 0.090546 0.085937
0 0.569213 0.258906 0.084374 0.076562
0 0.581711 0.190156 0.074998 0.082812
0 0.578585 0.115938 0.071877 0.062500
0 0.694995 0.581839 0.085940 0.096321
0 0.794212 0.633906 0.062501 0.070312
0 0.741868 0.712031 0.079689 0.073437
0 0.869738 0.660968 0.079176 0.074437
0 0.943957 0.597798 0.069262 0.063472
0 0.940307 0.705447 0.092186 0.074106
0 0.943432 0.940938 0.060936 0.068750
0 0.930048 0.905548 0.059578 0.052029
0 0.955149 0.791719 0.084374 0.079688
0 0.758420 0.818005 0.055699 0.066062