0 0.066062 0.703315 0.080311 0.062281
0 0.079719 0.513660 0.099630 0.097032
0 0.022748 0.487231 0.045496 0.094422
0 0.113063 0.420962 0.109148 0.097019
0 0.061528 0.269803 0.073834 0.087491
0 0.414153 0.154229 0.092555 0.098614
0 0.579016 0.102112 0.093264 0.090235
0 0.633267 0.330006 0.085797 0.086625
0 0.732513 0.471503 0.094560 0.090674
0 0.240400 0.739309 0.076229 0.071900
0 0.299204 0.743209 0.077757 0.077962
0 0.588637 0.725019 0.083162 0.090091
0 0.674997 0.728603 0.087829 0.076474
0 0.528497 0.683432 0.056995 0.050234
0 0.324427 0.894803 0.079693 0.079694
0 0.439638 0.880509 0.088355 0.073631
0 0.957605 0.919056 0.084790 0.088356
0 0.928207 0.986382 0.105684 0.027236
0 0.941062 0.464266 0.053109 0.060656
0 0.373057 0.904145 0.046632 0.054404
0 0.348446 0.689119 0.056995 0.036269
0 0.533031 0.731218 0.037565 0.045337