0 0.031169 0.028906 0.062338 0.057812
0 0.137560 0.273903 0.116072 0.094682
0 0.249262 0.091839 0.105102 0.116321
0 0.138121 0.034375 0.110939 0.068750
0 0.211593 0.971502 0.088990 0.056994
0 0.614527 0.036917 0.118750 0.073834
0 0.661650 0.250506 0.106752 0.110386
0 0.539448 0.262306 0.097030 0.086788
0 0.497409 0.466321 0.085492 0.054404
0 0.275907 0.591556 0.095855 0.101862
0 0.365285 0.839063 0.132124 0.125000
0 0.822338 0.730521 0.106248 0.098543
0 0.915308 0.801562 0.117190 0.103125
0 0.915155 0.231865 0.071244 0.067358
0 0.939355 0.036875 0.074658 0.073750
0 0.976036 0.830959 0.047927 0.066062
0 0.977332 0.309585 0.045336 0.082902