0 0.128570 0.742119 0.084332 0.087706
0 0.104111 0.796094 0.089394 0.077584
0 0.040672 0.529603 0.081344 0.091078
0 0.023804 0.403106 0.047607 0.094453
0 0.065317 0.352506 0.092764 0.087706
0 0.121820 0.342387 0.080957 0.070837
0 0.104957 0.408166 0.070838 0.070837
0 0.130252 0.459609 0.094451 0.065778
0 0.182540 0.461294 0.043851 0.042166
0 0.220488 0.505147 0.079270 0.092766
0 0.274462 0.500088 0.075900 0.075900
0 0.298916 0.438525 0.070838 0.070838
0 0.365539 0.437681 0.082645 0.092766
0 0.326745 0.307812 0.096139 0.069153
0 0.311569 0.236972 0.072526 0.055659
0 0.439752 0.430934 0.075900 0.072525
0 0.422042 0.379494 0.084332 0.060719
0 0.404333 0.289259 0.069151 0.079272
0 0.472642 0.328894 0.053970 0.060719
0 0.502158 0.339012 0.059032 0.060719
0 0.564213 0.362966 0.058022 0.062069
0 0.627630 0.569409 0.085004 0.086356
0 0.403642 0.593022 0.090404 0.093103
0 0.441425 0.655091 0.079609 0.068816
0 0.614808 0.658462 0.080958 0.083656
0 0.535199 0.653066 0.067464 0.080959
0 0.574332 0.734700 0.094451 0.090403
0 0.237680 0.989800 0.093102 0.020400
0 0.197876 0.641211 0.089056 0.086934
0 0.081156 0.507341 0.058021 0.059369
0 0.073735 0.592347 0.070166 0.062069
0 0.854988 0.135606 0.091753 0.087706
0 0.921779 0.407491 0.074213 0.067466
0 0.987539 0.444597 0.024922 0.079609
0 0.870502 0.664534 0.071515 0.068816
0 0.912332 0.761684 0.063417 0.079609
0 0.846889 0.754937 0.070166 0.079609
0 0.896818 0.865581 0.070166 0.076909
0 0.859711 0.831850 0.076911 0.063419
0 0.965274 0.835222 0.069452 0.072863
0 0.979443 0.962138 0.041114 0.075723