0 0.278589 0.361719 0.106248 0.082813
0 0.335619 0.325000 0.110939 0.093750
0 0.481713 0.260103 0.078123 0.079792
0 0.171556 0.546094 0.092186 0.095313
0 0.249679 0.531250 0.076563 0.090625
0 0.233276 0.635937 0.093751 0.096875
0 0.315305 0.650000 0.076563 0.087500
0 0.255150 0.692362 0.078123 0.081598
0 0.622836 0.222798 0.034121 0.069948
0 0.875632 0.137949 0.080342 0.079024
0 0.895618 0.071875 0.092184 0.090625
0 0.897964 0.444932 0.100002 0.102364
0 0.967732 0.440625 0.064536 0.078125
0 0.654145 0.474093 0.077720 0.095855
0 0.663212 0.224093 0.056995 0.067358