0 0.979930 0.014913 0.040140 0.029826
0 0.845168 0.012102 0.062966 0.024203
0 0.160392 0.005918 0.098949 0.011836
0 0.149150 0.048941 0.071962 0.069716
0 0.316686 0.206922 0.062966 0.077584
0 0.529201 0.290691 0.089953 0.085456
0 0.026785 0.522322 0.053570 0.083206
0 0.397643 0.315428 0.080958 0.078709
0 0.237975 0.983798 0.076460 0.032404
0 0.407203 0.983235 0.086579 0.033530
0 0.098549 0.797806 0.047226 0.053972
0 0.130594 0.738775 0.059596 0.046100
0 0.638274 0.356472 0.098949 0.095575
0 0.430816 0.442488 0.059596 0.065216
0 0.696178 0.457106 0.084332 0.089953
0 0.842353 0.426184 0.079834 0.084331
0 0.933434 0.452609 0.084332 0.094453
0 0.990612 0.575172 0.018776 0.083206
0 0.992858 0.434056 0.014283 0.073087
0 0.981615 0.300813 0.036770 0.089953
0 0.894076 0.990545 0.075336 0.018910
0 0.674252 0.900691 0.085455 0.079834
0 0.571929 0.010414 0.058468 0.020828