0 0.465307 0.999375 0.092186 0.001250
0 0.561019 0.976036 0.092988 0.047927
0 0.769214 0.815938 0.093751 0.090625
0 0.724681 0.750313 0.110939 0.096875
0 0.794993 0.622188 0.101562 0.100000
0 0.647338 0.624531 0.074998 0.089062
0 0.713744 0.621406 0.060936 0.098437
0 0.428057 0.970855 0.073937 0.058290
0 0.903587 0.591719 0.093751 0.085937
0 0.720775 0.354219 0.100002 0.082812
0 0.628801 0.372409 0.099570 0.086788
0 0.509839 0.257344 0.081249 0.079687
0 0.473898 0.284195 0.071877 0.089641
0 0.669992 0.062813 0.104688 0.090625
0 0.780093 0.239652 0.093865 0.088054
0 0.837960 0.222798 0.068752 0.095855
0 0.964294 0.245625 0.071412 0.081250