0 0.381730 0.900128 0.072657 0.072656
0 0.272230 0.366116 0.067464 0.063313
0 0.223966 0.333419 0.058125 0.058125
0 0.311150 0.250384 0.051897 0.068503
0 0.168435 0.197450 0.069541 0.066428
0 0.116021 0.087950 0.068503 0.079922
0 0.056340 0.116494 0.079919 0.076806
0 0.022719 0.054216 0.045438 0.099641
0 0.987712 0.467831 0.024575 0.075769
0 0.956226 0.515575 0.065391 0.067466
0 0.819737 0.541525 0.051897 0.065391
0 0.731514 0.533222 0.068503 0.081997
0 0.626163 0.991064 0.079919 0.017872
0 0.960376 0.951506 0.075769 0.077844