0 0.133409 0.928435 0.132145 0.124995
0 0.494747 0.922873 0.098302 0.107621
0 0.300341 0.891833 0.105863 0.091957
0 0.257962 0.771406 0.087500 0.082812
0 0.235751 0.599505 0.072539 0.101509
0 0.139212 0.376176 0.150001 0.135772
0 0.260307 0.173711 0.145315 0.137578
0 0.319948 0.278326 0.119171 0.109152
0 0.261744 0.039508 0.113818 0.079016
0 0.988668 0.664375 0.022663 0.106250
0 0.938472 0.540155 0.123056 0.124352
0 0.678756 0.385871 0.106218 0.100758
0 0.587144 0.297187 0.097733 0.109375
0 0.456863 0.668594 0.112180 0.098438
0 0.613277 0.806995 0.078123 0.077720
0 0.401556 0.665803 0.073437 0.080311
0 0.338275 0.647668 0.065626 0.064767
0 0.438277 0.385781 0.084374 0.089062