0 0.907137 0.109747 0.081996 0.079922
0 0.557354 0.020880 0.050859 0.041759
0 0.781544 0.088469 0.071619 0.066428
0 0.962131 0.310066 0.075738 0.081997
0 0.862506 0.274778 0.094451 0.092375
0 0.907654 0.316812 0.043592 0.053972
0 0.763900 0.276334 0.036326 0.064353
0 0.666855 0.282041 0.056047 0.063313
0 0.650766 0.153856 0.075769 0.072656
0 0.573959 0.133619 0.086146 0.084072
0 0.584337 0.193300 0.063314 0.047744
0 0.440587 0.067709 0.072657 0.068503
0 0.350286 0.051103 0.074730 0.068503
0 0.422939 0.219766 0.041515 0.044631
0 0.923225 0.377531 0.060198 0.063312
0 0.943464 0.462122 0.071619 0.074731
0 0.982384 0.496894 0.033215 0.028025
0 0.869251 0.450188 0.076807 0.075769
0 0.750928 0.468350 0.089262 0.085109
0 0.673599 0.477172 0.067464 0.075769
0 0.502340 0.444997 0.059164 0.050859
0 0.400623 0.406594 0.057086 0.071616
0 0.345614 0.226512 0.088224 0.062275
0 0.339908 0.160603 0.043592 0.057087
0 0.241302 0.243119 0.085112 0.110022
0 0.308249 0.348469 0.059164 0.055009
0 0.046690 0.371822 0.071619 0.062275
0 0.085093 0.530625 0.071619 0.062275
0 0.149967 0.009463 0.097567 0.018926
0 0.103259 0.030741 0.068503 0.061481
0 0.956957 0.702403 0.081996 0.063312
0 0.962650 0.729909 0.074700 0.089263
0 0.085093 0.234297 0.048781 0.059162
0 0.247530 0.851866 0.080958 0.071616
0 0.354436 0.653103 0.064352 0.026987
0 0.596275 0.822284 0.066430 0.062275
0 0.674638 0.870028 0.077846 0.076806
0 0.636234 0.970823 0.088224 0.058354
0 0.704220 0.968229 0.062275 0.063542
0 0.787254 0.941128 0.087185 0.086147
0 0.786216 0.986392 0.080958 0.027216
0 0.763900 0.780250 0.057086 0.055009
0 0.584858 0.517134 0.043592 0.041519
0 0.668932 0.642203 0.072657 0.061237