0 0.555399 0.839584 0.130843 0.100413
0 0.065431 0.726684 0.102299 0.101036
0 0.534606 0.625572 0.097370 0.098384
0 0.902202 0.645734 0.097150 0.094576
0 0.180410 0.395078 0.084775 0.064767
0 0.152224 0.458216 0.087227 0.080128
0 0.068037 0.422825 0.115629 0.084402
0 0.976246 0.180394 0.047507 0.064082
0 0.930836 0.283344 0.086515 0.073209
0 0.868814 0.028533 0.094329 0.057066
0 0.830269 0.038212 0.088242 0.076424
0 0.462435 0.058938 0.062176 0.068653
0 0.364208 0.029793 0.105487 0.059585
0 0.246762 0.654145 0.053109 0.064767
0 0.980570 0.217617 0.038860 0.044041
0 0.784326 0.673575 0.019430 0.044041