0 0.015857 0.288281 0.031714 0.085938
0 0.084797 0.393645 0.084292 0.093540
0 0.190415 0.228125 0.082902 0.078125
0 0.204663 0.294062 0.069948 0.072498
0 0.382492 0.195313 0.107813 0.096875
0 0.403585 0.100000 0.093751 0.084375
0 0.462180 0.057772 0.089060 0.084456
0 0.080959 0.675000 0.081606 0.087500
0 0.009606 0.788281 0.019212 0.073437
0 0.036269 0.810674 0.072538 0.080724
0 0.155933 0.748437 0.073437 0.071875
0 0.241088 0.778906 0.081249 0.079688
0 0.021326 0.967969 0.042651 0.064062
0 0.134067 0.962500 0.081606 0.075000
0 0.149682 0.893750 0.089060 0.087500
0 0.258772 0.963731 0.077130 0.072538
0 0.372843 0.887500 0.088510 0.075000
0 0.423575 0.821891 0.093264 0.068653
0 0.428589 0.976684 0.068752 0.046632
0 0.687964 0.785622 0.087500 0.081606
0 0.541869 0.907031 0.095311 0.085937
0 0.949683 0.979688 0.079689 0.040624
0 0.979451 0.676562 0.041098 0.065625
0 0.977887 0.748437 0.044226 0.081250
0 0.029145 0.680699 0.042746 0.050518