0 0.135711 0.108709 0.092374 0.098603
0 0.360423 0.209906 0.066430 0.072656
0 0.378584 0.247791 0.071619 0.057087
0 0.035938 0.092100 0.071876 0.102756
0 0.501061 0.069266 0.069541 0.067466
0 0.422698 0.057331 0.078885 0.083034
0 0.353157 0.087950 0.085112 0.081997
0 0.287765 0.049547 0.060198 0.057087
0 0.443975 0.110784 0.067464 0.044631
0 0.426848 0.171503 0.076807 0.070578
0 0.406088 0.372341 0.074730 0.071616
0 0.624572 0.383759 0.090301 0.084072
0 0.866411 0.284119 0.055009 0.067466
0 0.663498 0.186553 0.041515 0.050859
0 0.707090 0.226513 0.060198 0.093413
0 0.922458 0.833703 0.098601 0.099641
0 0.802058 0.815019 0.096529 0.085109
0 0.394155 0.832666 0.069541 0.085109
0 0.441380 0.835778 0.087185 0.101716
0 0.505733 0.677494 0.062275 0.065391
0 0.591879 0.492222 0.056047 0.074731
0 0.510922 0.494300 0.091340 0.093413
0 0.505181 0.144430 0.049223 0.071244
0 0.474741 0.187176 0.053109 0.050518
0 0.246114 0.785622 0.038860 0.055699