0 0.291953 0.035152 0.119596 0.070304
0 0.437310 0.071225 0.057039 0.097519
0 0.385789 0.053552 0.108556 0.107103
0 0.664417 0.035152 0.077539 0.070303
0 0.518268 0.059266 0.064399 0.069919
0 0.555990 0.095144 0.084638 0.071759
0 0.693065 0.202781 0.082800 0.088319
0 0.590027 0.148503 0.060719 0.057038
0 0.525628 0.182544 0.064399 0.080959
0 0.567947 0.211981 0.090160 0.091997
0 0.418910 0.193581 0.123276 0.117759
0 0.302072 0.237741 0.121439 0.110397
0 0.341632 0.156784 0.082800 0.058878
0 0.415229 0.306741 0.108556 0.097519
0 0.414308 0.376659 0.132479 0.104878
0 0.288273 0.376659 0.038639 0.053359
0 0.590427 0.332500 0.074636 0.079119
0 0.024999 0.969384 0.049997 0.061231
0 0.416151 0.755691 0.062557 0.090159
0 0.626295 0.979922 0.042746 0.040155
0 0.916451 0.868523 0.037565 0.032383
0 0.667098 0.502591 0.077720 0.072539
0 0.618523 0.395725 0.045337 0.086788