0 0.573907 0.828969 0.103950 0.105681
0 0.500705 0.765496 0.104807 0.095758
0 0.164171 0.883109 0.083162 0.082294
0 0.223307 0.803319 0.081884 0.075550
0 0.807361 0.964294 0.113477 0.071412
0 0.112098 0.385162 0.107615 0.104520
0 0.580840 0.556531 0.109148 0.101350
0 0.451361 0.528300 0.115157 0.100641
0 0.308837 0.581653 0.095288 0.101350
0 0.297575 0.640125 0.097022 0.086625
0 0.748456 0.591181 0.139468 0.142931
0 0.560233 0.442358 0.110104 0.115285
0 0.654421 0.398964 0.131573 0.134715
0 0.705959 0.343010 0.129534 0.121254
0 0.207254 0.108808 0.075130 0.085492
0 0.014249 0.693653 0.028497 0.084197