0 0.248898 0.058063 0.115625 0.091127
0 0.290305 0.170661 0.104688 0.091321
0 0.501246 0.053125 0.082803 0.084375
0 0.591969 0.226684 0.049223 0.046632
0 0.816869 0.074219 0.089060 0.067188
0 0.808273 0.018750 0.084374 0.037500
0 0.945545 0.517188 0.108910 0.118750
0 0.849680 0.636719 0.085939 0.085938
0 0.834838 0.428906 0.096876 0.095313
0 0.751243 0.650000 0.098437 0.125000
0 0.841869 0.519531 0.104688 0.082813
0 0.530151 0.616406 0.121876 0.104688
0 0.455933 0.632812 0.073438 0.090625
0 0.506712 0.738281 0.112499 0.095313
0 0.612965 0.692187 0.103123 0.103125
0 0.195774 0.668750 0.121876 0.112500
0 0.039292 0.627344 0.078584 0.095313
0 0.269211 0.754687 0.106248 0.087500
0 0.435620 0.790625 0.114064 0.093750
0 0.344214 0.839844 0.112499 0.104687
0 0.220773 0.889062 0.112499 0.109375
0 0.050464 0.898437 0.100002 0.100000
0 0.582495 0.772656 0.098437 0.095313
0 0.649681 0.791406 0.073438 0.064062
0 0.669214 0.848437 0.084374 0.096875
0 0.715307 0.890625 0.057815 0.062500
0 0.820775 0.856250 0.093751 0.103125
0 0.887962 0.716406 0.100002 0.095312
0 0.926243 0.761719 0.085940 0.067188