0 0.391597 0.999601 0.120409 0.000798
0 0.245201 0.964518 0.122144 0.070964
0 0.312180 0.799223 0.098439 0.101036
0 0.424516 0.661725 0.096153 0.108425
0 0.498146 0.716372 0.110013 0.108281
0 0.815760 0.548264 0.109412 0.097772
0 0.982744 0.727868 0.034512 0.080089
0 0.737230 0.486424 0.111747 0.097101
0 0.632772 0.062353 0.115285 0.106550
0 0.505181 0.235104 0.064767 0.060881
0 0.395078 0.305338 0.101036 0.093556
0 0.832950 0.327612 0.093554 0.049007
0 0.920422 0.321806 0.096980 0.091800
0 0.955959 0.416933 0.067358 0.074799
0 0.936400 0.019265 0.127200 0.038530
0 0.369819 0.038860 0.079016 0.077720
0 0.722150 0.073834 0.091969 0.080311
0 0.535622 0.254534 0.042746 0.042746
0 0.287565 0.162565 0.064767 0.053109
0 0.483161 0.880181 0.090674 0.086788
0 0.516192 0.838083 0.032383 0.049223
0 0.240933 0.378238 0.075130 0.072539