0 0.961166 0.017324 0.077668 0.034648
0 0.716363 0.827566 0.100007 0.085722
0 0.921137 0.583500 0.085719 0.080959
0 0.959833 0.628741 0.034526 0.042859
0 0.982001 0.644219 0.035998 0.064291
0 0.610994 0.563259 0.096435 0.090484
0 0.474675 0.569809 0.080958 0.055956
0 0.441935 0.378128 0.063102 0.055956
0 0.413956 0.281097 0.083340 0.097625
0 0.754461 0.370984 0.100007 0.089294
0 0.026608 0.153706 0.053216 0.078578
0 0.270493 0.900784 0.070241 0.077388
0 0.203227 0.872806 0.064291 0.066672
0 0.531822 0.976883 0.071435 0.046234
0 0.094887 0.755538 0.064291 0.072625
0 0.342525 0.945431 0.042859 0.071434