0 0.145289 0.814184 0.095678 0.097519
0 0.379884 0.918144 0.079120 0.080959
0 0.535360 0.229997 0.091998 0.099359
0 0.581364 0.271394 0.088318 0.101197
0 0.613559 0.150878 0.101200 0.117759
0 0.680722 0.054278 0.088318 0.101197
0 0.866555 0.051519 0.084638 0.080959
0 0.881276 0.183078 0.114078 0.115919
0 0.775479 0.166516 0.053359 0.053359
0 0.747880 0.220797 0.104876 0.114078
0 0.687161 0.310034 0.108556 0.115919
0 0.562042 0.405712 0.093840 0.068078
0 0.585961 0.495872 0.104876 0.104878
0 0.673362 0.628350 0.099358 0.086478
0 0.811359 0.585109 0.099358 0.117759
0 0.831597 0.423194 0.103038 0.117759
0 0.894158 0.287956 0.095678 0.101197
0 0.970997 0.285194 0.058005 0.110397
0 0.940157 0.655028 0.088318 0.088319
0 0.694301 0.840026 0.098446 0.091969
0 0.655440 0.417098 0.111399 0.116580