0 0.128443 0.921981 0.090264 0.085200
0 0.388610 0.954663 0.131858 0.090673
0 0.597798 0.904793 0.097150 0.099741
0 0.967653 0.805593 0.064693 0.129320
0 0.228714 0.676525 0.112869 0.117656
0 0.289022 0.705625 0.092940 0.106884
0 0.191365 0.753136 0.100346 0.065858
0 0.617876 0.532383 0.101036 0.059585
0 0.186764 0.540103 0.123742 0.098384
0 0.102582 0.527934 0.117655 0.098384
0 0.425009 0.382406 0.121485 0.123790
0 0.344486 0.344856 0.122726 0.121713
0 0.180682 0.352463 0.127798 0.088244
0 0.367309 0.227889 0.121716 0.134534
0 0.441542 0.267487 0.122098 0.115285
0 0.351156 0.057812 0.113750 0.113600
0 0.174223 0.055784 0.128238 0.111568
0 0.264249 0.134067 0.067358 0.084197
0 0.614349 0.055560 0.110681 0.109088
0 0.516839 0.035622 0.088083 0.071244
0 0.908031 0.865933 0.129534 0.117876
0 0.028497 0.743523 0.056994 0.046632
0 0.415155 0.516839 0.073834 0.062176
0 0.674223 0.713731 0.079016 0.088083
0 0.830311 0.833549 0.044041 0.060881
0 0.810233 0.538860 0.086788 0.046632
0 0.512306 0.212435 0.058290 0.049223
0 0.332254 0.613342 0.102332 0.094560
0 0.409326 0.096503 0.059585 0.045337