0 0.382804 0.968125 0.107813 0.063750
0 0.389055 0.042187 0.073437 0.078125
0 0.281323 0.520240 0.079841 0.084521
0 0.352339 0.702344 0.093751 0.104688
0 0.592965 0.628906 0.093751 0.098438
0 0.527484 0.581910 0.065330 0.070556
0 0.537565 0.357513 0.069948 0.067358
0 0.512496 0.172778 0.076563 0.061180
0 0.545477 0.115625 0.080030 0.081250
0 0.782492 0.973594 0.073437 0.052812
0 0.654370 0.911250 0.098437 0.087500
0 0.820618 0.881297 0.097194 0.078657
0 0.562965 0.896406 0.093751 0.092188
0 0.528797 0.768854 0.096455 0.097293
0 0.631282 0.732260 0.089767 0.079521
0 0.651245 0.580000 0.101562 0.087500
0 0.802461 0.431347 0.073834 0.072539
0 0.778596 0.336952 0.059389 0.067028
0 0.699683 0.118281 0.064061 0.060938
0 0.648899 0.097969 0.062501 0.064062
0 0.942358 0.889896 0.079016 0.069948
0 0.926242 0.982187 0.073438 0.035625
0 0.258420 0.690415 0.073834 0.072539
0 0.198187 0.666451 0.051813 0.084197