0 0.420149 0.833936 0.112499 0.110878
0 0.031168 0.050781 0.062336 0.101562
0 0.135776 0.296094 0.081249 0.082812
0 0.251401 0.302344 0.071877 0.089062
0 0.230307 0.377344 0.070312 0.082812
0 0.129497 0.382812 0.075057 0.078125
0 0.159215 0.439844 0.062501 0.070312
0 0.260290 0.531671 0.085348 0.086658
0 0.364370 0.644062 0.067186 0.081250
0 0.523742 0.576875 0.089060 0.087500
0 0.493100 0.557908 0.069101 0.069184
0 0.518276 0.429219 0.096876 0.079688
0 0.522182 0.375181 0.092186 0.069014
0 0.915149 0.788860 0.084374 0.077720
0 0.676868 0.622969 0.095311 0.085938
0 0.656555 0.179233 0.095311 0.089035
0 0.734478 0.099531 0.069903 0.085938
0 0.960701 0.283125 0.078598 0.084375
0 0.889369 0.258125 0.070312 0.068750
0 0.775259 0.300518 0.071244 0.072539
0 0.078368 0.158031 0.081606 0.054404