0 0.025231 0.882813 0.050462 0.075000
0 0.357492 0.825000 0.092186 0.087500
0 0.227025 0.867969 0.084374 0.079688
0 0.312965 0.974219 0.071877 0.051562
0 0.028357 0.926563 0.056714 0.053125
0 0.037963 0.955469 0.062501 0.060938
0 0.619837 0.960313 0.106248 0.079374
0 0.647182 0.836250 0.076563 0.078125
0 0.844055 0.787031 0.095311 0.085938
0 0.973981 0.844844 0.052037 0.082812
0 0.682338 0.722188 0.081249 0.078125
0 0.744058 0.577656 0.089060 0.085938
0 0.677652 0.529219 0.059375 0.060938
0 0.629214 0.513594 0.074998 0.067188
0 0.801868 0.613594 0.082814 0.070312
0 0.886243 0.449531 0.089060 0.082812
0 0.733117 0.213281 0.098437 0.085938
0 0.826087 0.202344 0.096876 0.117188
0 0.978669 0.152202 0.042662 0.066062
0 0.949523 0.275781 0.081249 0.098438
0 0.891751 0.165155 0.068829 0.063472
0 0.974093 0.218912 0.051813 0.044041