0 0.024122 0.253275 0.048243 0.087706
0 0.347111 0.962279 0.090404 0.075442
0 0.467201 0.801097 0.103898 0.111994
0 0.422001 0.860466 0.105247 0.090403
0 0.451682 0.953509 0.080958 0.092982
0 0.510380 0.945412 0.087707 0.109175
0 0.399060 0.150053 0.059370 0.072862
0 0.266154 0.135212 0.066115 0.053972
0 0.828142 0.026451 0.097149 0.052902
0 0.911125 0.046017 0.093102 0.092034
0 0.829491 0.094056 0.113341 0.095800
0 0.645984 0.075297 0.116038 0.111734
0 0.670946 0.210097 0.122787 0.125484
0 0.129200 0.546750 0.067464 0.064766
0 0.022771 0.596000 0.045542 0.068816
0 0.577844 0.737003 0.114689 0.110644
0 0.676342 0.634456 0.060719 0.048575
0 0.551533 0.846297 0.094451 0.094453
0 0.620466 0.186528 0.119171 0.119171