0 0.018050 0.083003 0.036099 0.079922
0 0.047513 0.279691 0.080957 0.078881
0 0.025315 0.325878 0.050629 0.079922
0 0.152864 0.301488 0.065391 0.056047
0 0.048552 0.437456 0.074730 0.074731
0 0.318417 0.440572 0.070580 0.074731
0 0.233826 0.571869 0.075769 0.075769
0 0.208394 0.675662 0.062275 0.079922
0 0.115499 0.691231 0.065391 0.079922
0 0.062567 0.715103 0.040481 0.052934
0 0.152347 0.731709 0.058125 0.061237
0 0.131070 0.796063 0.036326 0.036328
0 0.090072 0.784125 0.045670 0.041519
0 0.025833 0.953828 0.051666 0.059162
0 0.243165 0.962650 0.075769 0.068503
0 0.070351 0.989628 0.078885 0.020744
0 0.357337 0.923209 0.042554 0.051897
0 0.399374 0.877019 0.033215 0.030100
0 0.448677 0.010623 0.073691 0.021245
0 0.452310 0.097534 0.080958 0.077844
0 0.600732 0.205997 0.053970 0.080959
0 0.680133 0.185241 0.073691 0.070578
0 0.602287 0.297856 0.088224 0.084072
0 0.830632 0.393863 0.084074 0.083034
0 0.619414 0.453544 0.085112 0.084072
0 0.773029 0.667878 0.066430 0.056047
0 0.893946 0.866122 0.073691 0.083034
0 0.011821 0.566159 0.023642 0.062275
0 0.168435 0.503884 0.067464 0.058125
0 0.237454 0.227275 0.035288 0.038403