0 0.032383 0.806773 0.064766 0.066914
0 0.034974 0.061528 0.069948 0.066062
0 0.272021 0.045028 0.121762 0.090056
0 0.643005 0.148316 0.087047 0.073834
0 0.464378 0.266192 0.117876 0.107513
0 0.355570 0.277850 0.104922 0.115285
0 0.156828 0.146794 0.128207 0.103084
0 0.159247 0.204834 0.111239 0.087491
0 0.377591 0.352962 0.104922 0.110013
0 0.474040 0.491128 0.072433 0.064103
0 0.382772 0.570317 0.091969 0.087344
0 0.543025 0.614783 0.083458 0.092261
0 0.924870 0.742344 0.082902 0.095287
0 0.580517 0.800515 0.085080 0.082895
0 0.859456 0.899566 0.097150 0.104816
0 0.984252 0.844128 0.031496 0.064969
0 0.863990 0.975121 0.056995 0.049758
0 0.190612 0.488962 0.081428 0.070166
0 0.765544 0.502591 0.056995 0.054404
0 0.720855 0.281736 0.076424 0.066062
0 0.895346 0.036269 0.077183 0.072538
0 0.689767 0.176813 0.029793 0.032383
0 0.798575 0.719560 0.060881 0.086788
0 0.493523 0.428109 0.069948 0.053109
0 0.145725 0.250000 0.066062 0.044041