0 0.130186 0.228928 0.069917 0.069919
0 0.268183 0.170969 0.066237 0.057037
0 0.419058 0.268487 0.088318 0.082800
0 0.396061 0.398203 0.104876 0.110397
0 0.488980 0.507681 0.069917 0.082800
0 0.638933 0.560122 0.086480 0.088319
0 0.381340 0.610722 0.075440 0.064400
0 0.022774 0.626359 0.045548 0.062559
0 0.131103 0.717438 0.090160 0.079119
0 0.248861 0.942834 0.086480 0.047841
0 0.437458 0.873834 0.077277 0.075438
0 0.868011 0.131409 0.058877 0.084638
0 0.960685 0.272166 0.078630 0.071759
0 0.952649 0.637400 0.088318 0.077278
0 0.826614 0.543562 0.093840 0.069919
0 0.753933 0.563800 0.051521 0.077278