0 0.792526 0.975795 0.096312 0.048410
0 0.879067 0.801538 0.104688 0.113063
0 0.790434 0.761756 0.106084 0.069791
0 0.442169 0.805725 0.113063 0.118647
0 0.504284 0.708716 0.080958 0.086541
0 0.547557 0.622872 0.100500 0.115853
0 0.454732 0.657766 0.118647 0.110272
0 0.207672 0.594953 0.127022 0.118647
0 0.247452 0.494453 0.100500 0.101897
0 0.099492 0.558663 0.097708 0.090728
0 0.030901 0.620078 0.061802 0.087938
0 0.082741 0.348587 0.089333 0.064209
0 0.086929 0.280194 0.089333 0.094916
0 0.418443 0.421869 0.110271 0.093522
0 0.336085 0.075703 0.107480 0.113063
0 0.397505 0.063838 0.062811 0.086541
0 0.293512 0.132234 0.083749 0.094916
0 0.895122 0.591466 0.078166 0.075375
0 0.983851 0.539119 0.032298 0.060022
0 0.732507 0.135722 0.115855 0.107478
0 0.842078 0.171319 0.114459 0.111666
0 0.933507 0.152472 0.096312 0.076772
0 0.841382 0.244600 0.113063 0.104688
0 0.398316 0.009067 0.066062 0.018134
0 0.319301 0.886658 0.076425 0.073834