0 0.047887 0.634820 0.095773 0.111609
0 0.040308 0.728906 0.079688 0.085937
0 0.110620 0.693750 0.092186 0.075000
0 0.141086 0.730469 0.093751 0.085938
0 0.209184 0.774530 0.104947 0.111561
0 0.386402 0.876094 0.090625 0.089062
0 0.482494 0.885469 0.089060 0.085938
0 0.479368 0.755000 0.110939 0.100000
0 0.754370 0.821875 0.098437 0.093750
0 0.827807 0.825000 0.073437 0.068750
0 0.834058 0.868750 0.085939 0.078125
0 0.713731 0.871539 0.093264 0.085047
0 0.732582 0.951850 0.089241 0.075575
0 0.837179 0.617188 0.101562 0.096875
0 0.968982 0.679688 0.062036 0.109375
0 0.325130 0.808938 0.085492 0.071244
0 0.548575 0.484456 0.063472 0.051813
0 0.471503 0.499352 0.067358 0.066062