0 0.938816 0.024437 0.080957 0.048874
0 0.960840 0.050659 0.063102 0.055956
0 0.950721 0.089353 0.059530 0.045241
0 0.226258 0.038724 0.101200 0.077448
0 0.091725 0.086378 0.072624 0.077388
0 0.122087 0.173288 0.092863 0.075006
0 0.016991 0.247103 0.033981 0.070244
0 0.178638 0.300084 0.094056 0.085722
0 0.357816 0.413188 0.080957 0.080959
0 0.984884 0.970372 0.030232 0.035716
0 0.917980 0.789406 0.075007 0.064291
0 0.420321 0.857866 0.053575 0.063100
0 0.800114 0.636419 0.084529 0.082150
0 0.157803 0.568556 0.088101 0.086912
0 0.355437 0.815600 0.064291 0.080959
0 0.331030 0.703091 0.063102 0.053575
0 0.428659 0.720950 0.046431 0.044050
0 0.417346 0.659634 0.073813 0.071434
0 0.431037 0.547722 0.091673 0.078578
0 0.561998 0.625109 0.055958 0.076197
0 0.714391 0.454263 0.063102 0.067862
0 0.684630 0.483431 0.091673 0.083341
0 0.575694 0.160788 0.066669 0.066672
0 0.529855 0.097091 0.072624 0.067862
0 0.434609 0.108403 0.070241 0.064291
0 0.678675 0.246509 0.075007 0.078578
0 0.631647 0.259603 0.045242 0.059528
0 0.776896 0.366159 0.090484 0.072625
0 0.905478 0.365566 0.071435 0.073816
0 0.942388 0.455453 0.083340 0.067862
0 0.115933 0.538860 0.060881 0.036269
0 0.155440 0.922927 0.069948 0.084197
0 0.842617 0.191710 0.032383 0.069948