0 0.332902 0.839378 0.088083 0.088083
0 0.512650 0.631563 0.106248 0.096875
0 0.629840 0.626875 0.093751 0.106250
0 0.391554 0.526094 0.095311 0.079687
0 0.106401 0.389534 0.074998 0.078444
0 0.160305 0.444844 0.067186 0.057812
0 0.525629 0.174792 0.077165 0.069791
0 0.588433 0.144062 0.095311 0.109375
0 0.529838 0.069063 0.118750 0.096875
0 0.520461 0.011875 0.100002 0.023750
0 0.643902 0.040781 0.096876 0.081562
0 0.709368 0.688281 0.095311 0.089062
0 0.728902 0.587500 0.096876 0.103125
0 0.699212 0.807812 0.106248 0.103125
0 0.811711 0.846875 0.100002 0.106250
0 0.943016 0.178906 0.075108 0.079687
0 0.231218 0.380829 0.071244 0.080311
0 0.820596 0.487694 0.066062 0.040155