0 0.322291 0.958772 0.071619 0.079922
0 0.339417 0.852903 0.085112 0.092375
0 0.739021 0.014653 0.083035 0.029306
0 0.644570 0.039045 0.083035 0.078089
0 0.689718 0.115453 0.073691 0.085109
0 0.952833 0.100403 0.080958 0.073694
0 0.490955 0.225475 0.051897 0.074731
0 0.794030 0.416972 0.093413 0.088225
0 0.714628 0.256613 0.073691 0.118325
0 0.680379 0.483400 0.102756 0.073694
0 0.824650 0.470425 0.077846 0.043594
0 0.804412 0.594459 0.093413 0.088225
0 0.759259 0.685278 0.086146 0.091338
0 0.941939 0.612622 0.084074 0.076806
0 0.983163 0.618331 0.033673 0.079922
0 0.571912 0.667634 0.114172 0.076806
0 0.685568 0.857056 0.084074 0.079922
0 0.504970 0.917775 0.084074 0.118325