0 0.265575 0.986816 0.087490 0.026368
0 0.027850 0.887326 0.055699 0.059545
0 0.101164 0.896373 0.082646 0.069948
0 0.210146 0.916891 0.077118 0.087491
0 0.366493 0.815975 0.076229 0.083159
0 0.436659 0.873578 0.072765 0.078828
0 0.590171 0.717035 0.074124 0.061012
0 0.666608 0.716063 0.063157 0.075647
0 0.019959 0.403206 0.039918 0.110013
0 0.476073 0.189675 0.070166 0.062369
0 0.406772 0.118641 0.082292 0.074497
0 0.270043 0.236685 0.073904 0.083626
0 0.984456 0.187567 0.031088 0.127456
0 0.130829 0.532383 0.082902 0.069948
0 0.380181 0.688472 0.053109 0.060881
0 0.301813 0.654145 0.077720 0.056995
0 0.296632 0.815415 0.062176 0.066062
0 0.851684 0.753886 0.060881 0.051813
0 0.797927 0.762306 0.046632 0.063472
0 0.773316 0.816710 0.046632 0.027202
0 0.055699 0.507772 0.054404 0.044041
0 0.911269 0.784974 0.066062 0.072539
0 0.972150 0.846503 0.055699 0.055699