0 0.144042 0.745753 0.037365 0.050859
0 0.066718 0.660644 0.071619 0.073694
0 0.027910 0.567747 0.055820 0.072656
0 0.054780 0.523116 0.080957 0.074731
0 0.135220 0.496131 0.084074 0.085109
0 0.062046 0.449944 0.083035 0.084072
0 0.269114 0.300481 0.081996 0.090300
0 0.206317 0.346150 0.083035 0.088225
0 0.385880 0.472259 0.076807 0.087187
0 0.494342 0.235609 0.081996 0.080959
0 0.584644 0.099122 0.073691 0.079922
0 0.946714 0.033731 0.106571 0.067462
0 0.851914 0.027506 0.093412 0.055009
0 0.741891 0.051897 0.072657 0.076806
0 0.700893 0.098084 0.071619 0.065391
0 0.635502 0.389225 0.081996 0.083034
0 0.609553 0.468106 0.079919 0.089262
0 0.543645 0.508584 0.080958 0.078881
0 0.848281 0.222637 0.075769 0.079922
0 0.991864 0.293734 0.016272 0.056047
0 0.946365 0.254294 0.066430 0.056047
0 0.919378 0.531941 0.087185 0.098603
0 0.975776 0.558925 0.048448 0.073694
0 0.664567 0.713578 0.071619 0.075769
0 0.597620 0.684516 0.074730 0.075769
0 0.583088 0.734334 0.047743 0.069541
0 0.271191 0.656491 0.081996 0.069541
0 0.356820 0.777409 0.076807 0.058125
0 0.372387 0.834497 0.066430 0.076806
0 0.270152 0.799206 0.088224 0.093413
0 0.184523 0.830344 0.080957 0.078881
0 0.231749 0.969663 0.073691 0.060673
0 0.355327 0.993523 0.061366 0.012953
0 0.687824 0.058938 0.054404 0.055699