0 0.843951 0.037920 0.090672 0.075840
0 0.738703 0.035493 0.116579 0.070986
0 0.643176 0.037920 0.084196 0.075840
0 0.946768 0.103369 0.105247 0.093912
0 0.974599 0.265284 0.050802 0.103628
0 0.936244 0.464444 0.106864 0.100388
0 0.673129 0.244234 0.105247 0.106866
0 0.965692 0.504922 0.068615 0.087434
0 0.891717 0.576166 0.102009 0.097150
0 0.835044 0.619075 0.089056 0.082578
0 0.551690 0.639313 0.111724 0.103628
0 0.482208 0.678175 0.062862 0.051813
0 0.570312 0.864378 0.100387 0.087434
0 0.126660 0.678984 0.090672 0.092294
0 0.054604 0.682222 0.082579 0.108484
0 0.132324 0.877331 0.121439 0.119819
0 0.163090 0.962953 0.069626 0.074094
0 0.181711 0.699222 0.093911 0.132772
0 0.028517 0.079081 0.057034 0.103628
0 0.025279 0.166516 0.050558 0.084197