0 0.026078 0.979005 0.052156 0.041990
0 0.013623 0.257925 0.027246 0.073694
0 0.104052 0.405312 0.078885 0.065391
0 0.033343 0.402716 0.066686 0.087187
0 0.234829 0.974334 0.085112 0.051331
0 0.492756 0.524675 0.071619 0.071616
0 0.564375 0.505472 0.055009 0.062275
0 0.517666 0.465512 0.069541 0.067466
0 0.597590 0.366391 0.063314 0.062275
0 0.544653 0.310859 0.073691 0.071616
0 0.531681 0.383516 0.062275 0.063312
0 0.866932 0.279722 0.060198 0.063312
0 0.920385 0.298406 0.055009 0.065391
0 0.974984 0.274531 0.050032 0.063313
0 0.900664 0.673616 0.073691 0.068503
0 0.968234 0.698009 0.063531 0.069541
0 0.616272 0.989384 0.075769 0.021231
0 0.524932 0.933100 0.071619 0.072656
0 0.712796 0.883278 0.079919 0.080959
0 0.710723 0.790384 0.038404 0.050859
0 0.631321 0.797650 0.066430 0.057087
0 0.878349 0.786231 0.068503 0.057087
0 0.893915 0.913378 0.060198 0.066428
0 0.962527 0.897291 0.074945 0.075769
0 0.974984 0.951781 0.050032 0.037366
0 0.733556 0.145828 0.079919 0.084072
0 0.789603 0.102238 0.059164 0.081997
0 0.296070 0.217447 0.072657 0.061238
0 0.299704 0.139603 0.067464 0.059163
0 0.029712 0.145309 0.059423 0.089263
0 0.577868 0.145828 0.067464 0.063313