0 0.020725 0.962892 0.041450 0.073453
0 0.244492 0.956063 0.099099 0.087873
0 0.217030 0.334337 0.104815 0.077962
0 0.829469 0.977332 0.099617 0.045336
0 0.615933 0.655440 0.081606 0.082902
0 0.649611 0.720726 0.073834 0.081348
0 0.553569 0.548303 0.091824 0.086625
0 0.560934 0.471206 0.104815 0.097019
0 0.454385 0.246413 0.092689 0.090956
0 0.740244 0.210492 0.077094 0.071244
0 0.668740 0.147662 0.079618 0.073631
0 0.225389 0.576425 0.088083 0.095855
0 0.850389 0.599093 0.099741 0.097150
0 0.829016 0.663860 0.077720 0.058290
0 0.934585 0.772021 0.047927 0.059585
0 0.380181 0.750648 0.040155 0.047927