0 0.881219 0.159841 0.087185 0.083034
0 0.930001 0.322797 0.087185 0.087188
0 0.881219 0.486791 0.033215 0.049822
0 0.841777 0.526231 0.099640 0.101716
0 0.725010 0.567747 0.086146 0.093412
0 0.852154 0.590581 0.085112 0.064353
0 0.878103 0.636250 0.074730 0.072656
0 0.970708 0.646631 0.058583 0.091337
0 0.734349 0.719284 0.061236 0.074731
0 0.817906 0.715653 0.097567 0.092375
0 0.984722 0.750425 0.030556 0.083034
0 0.769120 0.789347 0.076807 0.077844
0 0.643014 0.827231 0.106906 0.112097
0 0.419341 0.800244 0.085112 0.091338
0 0.755626 0.857850 0.070580 0.052934
0 0.865131 0.932063 0.077846 0.068503
0 0.809601 0.964474 0.087185 0.071052
0 0.987834 0.229900 0.024332 0.077844