0 0.061088 0.462500 0.118750 0.137500
0 0.392595 0.249219 0.140113 0.126562
0 0.144769 0.261439 0.086109 0.108371
0 0.123294 0.068750 0.121287 0.112500
0 0.901425 0.821406 0.101295 0.110938
0 0.890393 0.897188 0.094862 0.087500
0 0.664836 0.902925 0.143749 0.132275
0 0.514650 0.828488 0.118369 0.115525
0 0.451555 0.895625 0.114064 0.131250
0 0.721870 0.704951 0.098437 0.111974
0 0.807025 0.721677 0.078123 0.091022
0 0.872651 0.709375 0.078123 0.093750
0 0.970700 0.408594 0.058600 0.117187
0 0.937033 0.594531 0.081893 0.104687
0 0.960544 0.012306 0.078912 0.024611
0 0.971480 0.032031 0.057039 0.064062
0 0.969920 0.096094 0.060160 0.067187
0 0.599215 0.109375 0.134373 0.125000
0 0.517961 0.589844 0.100002 0.110937
0 0.597649 0.578295 0.084374 0.112840
0 0.369819 0.574276 0.102332 0.107925
0 0.500773 0.426563 0.106248 0.109375
0 0.467962 0.064767 0.150001 0.129534
0 0.280440 0.467969 0.104922 0.101562
0 0.206606 0.608808 0.079016 0.098446