0 0.052431 0.761291 0.094451 0.068503
0 0.105367 0.846919 0.079919 0.079922
0 0.093946 0.902450 0.055009 0.043594
0 0.170236 0.766481 0.080958 0.103794
0 0.308797 0.796581 0.057086 0.091338
0 0.424530 0.896222 0.072657 0.076806
0 0.442173 0.723925 0.068502 0.101716
0 0.456706 0.608716 0.053970 0.072656
0 0.392870 0.572388 0.086146 0.047744
0 0.500815 0.912828 0.088224 0.087188
0 0.389759 0.351309 0.094451 0.103794
0 0.533513 0.518934 0.089262 0.069541
0 0.494588 0.435900 0.050859 0.017644
0 0.426602 0.463925 0.043593 0.055009
0 0.450478 0.389713 0.062275 0.031138
0 0.429718 0.258412 0.072657 0.063312
0 0.348761 0.108434 0.099640 0.062275
0 0.274026 0.111547 0.051897 0.072656
0 0.982646 0.251147 0.034707 0.071616
0 0.970710 0.058612 0.058580 0.087188
0 0.820500 0.019446 0.086146 0.038892
0 0.975898 0.648675 0.048203 0.065391
0 0.914951 0.884284 0.081996 0.088225
0 0.714628 0.848478 0.086146 0.091338
0 0.741098 0.893109 0.058125 0.064353
0 0.733310 0.274503 0.088224 0.058125