0 0.017568 0.030034 0.035136 0.060066
0 0.038399 0.015016 0.074429 0.030031
0 0.078226 0.029381 0.062679 0.058759
0 0.302821 0.026116 0.083571 0.052231
0 0.374637 0.036562 0.067901 0.073124
0 0.468002 0.030034 0.077042 0.060066
0 0.456252 0.073125 0.069208 0.062678
0 0.499995 0.121438 0.047009 0.067900
0 0.647547 0.252016 0.073123 0.073125
0 0.578339 0.289231 0.070514 0.063984
0 0.936780 0.541247 0.084877 0.079653
0 0.860391 0.504031 0.075736 0.070513
0 0.790530 0.514478 0.074429 0.060066
0 0.885198 0.620247 0.041783 0.065291
0 0.832313 0.590866 0.079651 0.061372
0 0.776167 0.568016 0.050924 0.052231
0 0.718061 0.549081 0.073123 0.074428
0 0.705653 0.601313 0.061373 0.037869
0 0.638405 0.604578 0.067901 0.052231
0 0.648200 0.539941 0.077042 0.071819
0 0.710226 0.499463 0.060066 0.045703
0 0.652769 0.476609 0.073123 0.067900
0 0.262993 0.568016 0.077042 0.083569
0 0.361580 0.623512 0.057453 0.069206
0 0.417731 0.643097 0.057453 0.048312
0 0.319797 0.669212 0.065288 0.058759
0 0.578993 0.601313 0.063981 0.074428
0 0.544391 0.633306 0.078349 0.044397
0 0.477797 0.639181 0.039174 0.035256
0 0.268868 0.847453 0.088792 0.088794
0 0.665830 0.776941 0.070514 0.070512
0 0.900214 0.451800 0.053538 0.073125
0 0.805547 0.692719 0.057453 0.048312
0 0.227085 0.011753 0.067901 0.023503
0 0.564119 0.844560 0.055699 0.069948