0 0.123508 0.850191 0.118675 0.118675
0 0.414137 0.951732 0.095288 0.096536
0 0.331412 0.903897 0.129071 0.130803
0 0.570365 0.952720 0.092431 0.094560
0 0.271997 0.588704 0.062223 0.079068
0 0.858090 0.633194 0.132535 0.121275
0 0.788793 0.709425 0.116945 0.131669
0 0.835584 0.917702 0.070132 0.073746
0 0.461788 0.773316 0.099741 0.095855
0 0.501943 0.825130 0.097150 0.067358
0 0.757124 0.537565 0.071244 0.046632
0 0.885363 0.702720 0.079016 0.079016
0 0.830311 0.787565 0.095855 0.121762
0 0.815415 0.853627 0.091969 0.064767