0 0.253148 0.022236 0.063248 0.044472
0 0.232910 0.143137 0.040481 0.043009
0 0.408741 0.265209 0.103729 0.104994
0 0.045615 0.359450 0.091230 0.113847
0 0.019685 0.624463 0.039370 0.130294
0 0.323986 0.907184 0.108786 0.113847
0 0.413169 0.889475 0.107522 0.096137
0 0.346123 0.971302 0.089812 0.057395
0 0.201283 0.857850 0.068310 0.068309
0 0.145626 0.670003 0.113848 0.097403
0 0.228482 0.528956 0.104993 0.101197
0 0.284140 0.486581 0.074636 0.074634
0 0.970647 0.798397 0.058706 0.075900
0 0.680712 0.480888 0.098667 0.103728
0 0.137306 0.783679 0.067358 0.106218
0 0.405440 0.951209 0.047496 0.050950