0 0.510307 0.086762 0.094423 0.072488
0 0.513339 0.140331 0.095288 0.083159
0 0.673595 0.110012 0.081427 0.076231
0 0.575789 0.232588 0.081582 0.080563
0 0.512474 0.263341 0.084891 0.088356
0 0.459148 0.178225 0.073737 0.071475
0 0.338828 0.227514 0.052914 0.056063
0 0.364880 0.281897 0.082091 0.078694
0 0.715175 0.278500 0.086626 0.073631
0 0.165803 0.642781 0.075130 0.074541
0 0.209302 0.632124 0.060671 0.067358
0 0.096503 0.595855 0.073834 0.072539
0 0.696117 0.378119 0.077964 0.063237
0 0.709977 0.447419 0.086626 0.080563
0 0.746360 0.551803 0.102216 0.093556
0 0.816094 0.516719 0.078828 0.066700
0 0.622487 0.454350 0.091824 0.073631
0 0.698716 0.495928 0.097022 0.071900
0 0.561415 0.483369 0.087490 0.081428
0 0.510740 0.519319 0.090090 0.078828
0 0.586537 0.582122 0.089225 0.086625
0 0.655838 0.562631 0.090954 0.097888
0 0.875868 0.588619 0.084027 0.071900
0 0.932607 0.654884 0.091824 0.088356
0 0.581343 0.708594 0.068432 0.077963
0 0.656703 0.693000 0.064968 0.072766
0 0.679225 0.774863 0.070166 0.070166
0 0.501645 0.787856 0.068432 0.051109
0 0.404191 0.829869 0.079693 0.055441
0 0.985360 0.939450 0.029280 0.073631
0 0.953395 0.897434 0.084891 0.079694
0 0.965003 0.981202 0.069994 0.037595
0 0.946528 0.966149 0.084765 0.067012
0 0.114863 0.992897 0.084891 0.014206
0 0.389033 0.972973 0.096153 0.054054
0 0.514208 0.975571 0.079693 0.048858
0 0.715026 0.902202 0.077720 0.071244