0 0.596336 0.379362 0.087185 0.077844
0 0.665360 0.439044 0.069541 0.072656
0 0.580248 0.452019 0.075769 0.073694
0 0.555338 0.513775 0.071619 0.068503
0 0.506035 0.546991 0.060198 0.066428
0 0.443243 0.501841 0.063314 0.059163
0 0.269390 0.622759 0.078885 0.070578
0 0.456215 0.657528 0.085112 0.061238
0 0.377852 0.725513 0.075769 0.076806
0 0.483719 0.739525 0.081996 0.073694
0 0.537694 0.742638 0.057086 0.067466
0 0.376813 0.865634 0.077846 0.080959
0 0.321287 0.797131 0.080958 0.076806
0 0.224759 0.788309 0.080958 0.073694
0 0.239808 0.938288 0.063314 0.062275
0 0.609313 0.976929 0.063314 0.046142
0 0.551705 0.966550 0.070580 0.066900
0 0.506557 0.967588 0.046709 0.064823
0 0.752028 0.748866 0.076807 0.081997
0 0.944042 0.745753 0.037365 0.050859
0 0.790949 0.595253 0.036326 0.052934
0 0.866718 0.660644 0.071619 0.073694
0 0.817936 0.567747 0.075769 0.072656
0 0.854780 0.523116 0.080957 0.074731
0 0.935220 0.496131 0.084074 0.085109
0 0.862046 0.449944 0.083035 0.084072
0 0.982400 0.346150 0.035200 0.088225
0 0.972022 0.830344 0.055956 0.078881