0 0.177804 0.905000 0.076563 0.075000
0 0.192593 0.799531 0.081136 0.089063
0 0.014896 0.814844 0.029792 0.070313
0 0.044212 0.389066 0.062501 0.081241
0 0.049449 0.192969 0.098898 0.098438
0 0.110626 0.121560 0.104671 0.100632
0 0.076242 0.243750 0.089060 0.062500
0 0.828590 0.880000 0.081249 0.075000
0 0.811528 0.938166 0.073834 0.068042
0 0.796555 0.797969 0.076563 0.076562
0 0.739525 0.821406 0.074998 0.079687
0 0.647155 0.724531 0.068384 0.073438
0 0.887489 0.644062 0.088450 0.078125
0 0.969763 0.093750 0.060474 0.068750
0 0.529369 0.101563 0.082814 0.081250
0 0.840674 0.792746 0.031088 0.067358
0 0.164508 0.462435 0.062176 0.054404