0 0.081606 0.922280 0.088083 0.088083
0 0.334858 0.839813 0.105684 0.086625
0 0.406759 0.751456 0.088355 0.097019
0 0.274219 0.649238 0.090090 0.083159
0 0.108333 0.578206 0.089225 0.081428
0 0.740933 0.568653 0.064767 0.072539
0 0.693619 0.568005 0.076493 0.084197
0 0.781814 0.420417 0.107357 0.107674
0 0.943400 0.412319 0.089225 0.104816
0 0.872015 0.464820 0.064260 0.072952
0 0.964119 0.346050 0.071762 0.098753
0 0.585492 0.432642 0.056995 0.080311
0 0.581308 0.262025 0.097887 0.083159
0 0.029145 0.397591 0.058290 0.082294
0 0.792098 0.223446 0.068653 0.086788
0 0.552120 0.100470 0.088695 0.084034
0 0.617876 0.038323 0.046632 0.076646
0 0.544925 0.010169 0.106549 0.020338
0 0.400408 0.022021 0.087785 0.044041
0 0.879912 0.012336 0.081067 0.024672
0 0.664116 0.968513 0.079527 0.061378
0 0.665155 0.283679 0.076425 0.049223
0 0.693653 0.395725 0.047927 0.076425