0 0.118431 0.028125 0.098437 0.056250
0 0.224683 0.076563 0.101562 0.093750
0 0.335618 0.056250 0.104688 0.090625
0 0.736401 0.264844 0.078123 0.082813
0 0.784839 0.521094 0.081249 0.079688
0 0.687182 0.496875 0.098437 0.096875
0 0.674680 0.351563 0.079688 0.096875
0 0.224684 0.178906 0.098437 0.082813
0 0.141089 0.125000 0.081249 0.075000
0 0.098902 0.132031 0.062501 0.070313
0 0.027575 0.097656 0.055150 0.070312
0 0.032261 0.034375 0.064522 0.046875
0 0.082494 0.072656 0.054689 0.051562
0 0.078589 0.262500 0.106248 0.112500
0 0.594992 0.600000 0.092186 0.087500
0 0.429369 0.693750 0.070312 0.075000
0 0.343429 0.630469 0.117190 0.098438
0 0.373119 0.675000 0.095311 0.075000
0 0.088745 0.566406 0.110939 0.092188
0 0.143430 0.657031 0.076563 0.073438
0 0.107494 0.787500 0.110939 0.087500
0 0.276243 0.831250 0.095311 0.090625
0 0.358276 0.871875 0.087500 0.093750
0 0.287179 0.953906 0.104688 0.092187
0 0.210616 0.874219 0.095311 0.085937
0 0.446556 0.975000 0.089060 0.050000
0 0.847340 0.973437 0.081249 0.053125
0 0.901244 0.931250 0.089060 0.075000
0 0.956713 0.981250 0.084374 0.037500