0 0.754561 0.949431 0.086146 0.071616
0 0.715119 0.982241 0.061236 0.035517
0 0.409967 0.991062 0.069541 0.017875
0 0.418788 0.906875 0.074730 0.065391
0 0.480025 0.777134 0.085112 0.088225
0 0.355475 0.742366 0.070580 0.072656
0 0.647133 0.711744 0.076807 0.079922
0 0.788293 0.730428 0.080958 0.084072
0 0.915959 0.682684 0.066430 0.073694
0 0.886894 0.528031 0.078885 0.067466
0 0.964207 0.537891 0.071586 0.078881
0 0.976661 0.075494 0.046678 0.067466
0 0.941908 0.268031 0.074730 0.080959
0 0.843302 0.245716 0.072657 0.046706
0 0.834997 0.312141 0.083035 0.059162
0 0.746256 0.381684 0.073691 0.071616
0 0.602502 0.370266 0.076807 0.073694
0 0.400623 0.440325 0.079919 0.074731
0 0.213281 0.619369 0.076807 0.075769
0 0.194594 0.809828 0.064352 0.062275
0 0.125574 0.815538 0.075769 0.073694