0 0.887994 0.037091 0.085112 0.074182
0 0.931070 0.107913 0.094451 0.092375
0 0.979805 0.157216 0.040389 0.076806
0 0.126674 0.059131 0.079919 0.075769
0 0.013776 0.027475 0.027551 0.051897
0 0.515895 0.199253 0.065391 0.063312
0 0.444799 0.406319 0.074730 0.066428
0 0.152623 0.500772 0.077846 0.053972
0 0.686637 0.365322 0.068503 0.052934
0 0.619173 0.455622 0.043592 0.059162
0 0.736457 0.494544 0.070580 0.066428
0 0.921726 0.594184 0.094451 0.080959
0 0.793543 0.691231 0.083035 0.081997
0 0.977730 0.825125 0.044539 0.081997
0 0.912905 0.833947 0.083035 0.078881
0 0.821569 0.916981 0.060198 0.053972
0 0.743202 0.967319 0.142198 0.055009
0 0.975654 0.714066 0.048692 0.042556
0 0.917576 0.497656 0.098601 0.091338
0 0.983438 0.482088 0.033123 0.058125