0 0.038513 0.580295 0.077026 0.126911
0 0.145685 0.700781 0.099822 0.114062
0 0.062963 0.705311 0.078123 0.107513
0 0.330929 0.869171 0.079689 0.098446
0 0.409837 0.876231 0.106248 0.102461
0 0.581712 0.704688 0.074998 0.075000
0 0.566710 0.760156 0.081606 0.079688
0 0.627024 0.611399 0.059375 0.064767
0 0.716089 0.599324 0.071877 0.079477
0 0.542617 0.431250 0.062434 0.087500
0 0.504369 0.409375 0.067186 0.081250
0 0.360751 0.137435 0.084197 0.074870
0 0.331935 0.062176 0.112057 0.101036
0 0.772494 0.665156 0.079689 0.073438
0 0.759889 0.718281 0.076773 0.070312
0 0.979274 0.135718 0.041450 0.082316