0 0.234370 0.420389 0.089060 0.099846
0 0.123431 0.425000 0.076563 0.075000
0 0.153901 0.493750 0.084374 0.078125
0 0.271867 0.685938 0.054689 0.062500
0 0.289054 0.832776 0.048438 0.062427
0 0.593431 0.014844 0.085940 0.029688
0 0.789525 0.042188 0.093751 0.084375
0 0.837183 0.068750 0.079689 0.081250
0 0.885621 0.137500 0.079689 0.081250
0 0.928588 0.067188 0.081249 0.093750
0 0.753588 0.474219 0.093751 0.085937
0 0.616870 0.573438 0.076563 0.084375
0 0.724275 0.636719 0.085128 0.089062
0 0.517011 0.584165 0.079969 0.093329
0 0.450462 0.558197 0.074998 0.088269
0 0.447336 0.744531 0.068752 0.064063
0 0.377805 0.666406 0.079689 0.060937
0 0.648584 0.908031 0.068118 0.054404
0 0.783530 0.828222 0.059883 0.068944
0 0.597164 0.402012 0.062149 0.050899
0 0.958910 0.982513 0.056273 0.034974
0 0.937805 0.934013 0.085940 0.070099
0 0.568653 0.601036 0.049223 0.069948