0 0.434876 0.960617 0.099159 0.078766
0 0.340674 0.964378 0.090674 0.071244
0 0.991354 0.847324 0.017292 0.091021
0 0.802570 0.443653 0.083979 0.091969
0 0.737694 0.388596 0.071244 0.085482
0 0.508420 0.231865 0.120466 0.126943
0 0.550518 0.329016 0.093264 0.095855
0 0.690090 0.195009 0.143012 0.150112
0 0.465026 0.159974 0.134715 0.136010
0 0.306347 0.301166 0.089378 0.089378
0 0.804404 0.103219 0.132124 0.126784
0 0.358808 0.823187 0.046632 0.086788
0 0.228627 0.903497 0.073834 0.071244
0 0.244819 0.974093 0.067358 0.051813
0 0.331606 0.615285 0.085492 0.059585
0 0.343264 0.667746 0.077720 0.060881
0 0.255829 0.617228 0.068653 0.040155
0 0.445596 0.357513 0.085492 0.113990
0 0.745466 0.226036 0.060881 0.102332
0 0.665803 0.258420 0.075130 0.058290