0 0.392449 0.969075 0.083162 0.061850
0 0.341399 0.988342 0.050363 0.023316
0 0.369057 0.871016 0.088355 0.084025
0 0.209233 0.798684 0.084027 0.079694
0 0.070655 0.666987 0.089260 0.088306
0 0.130405 0.763600 0.078828 0.073631
0 0.199706 0.731981 0.090954 0.074497
0 0.033031 0.870581 0.066062 0.079694
0 0.184112 0.656184 0.080563 0.077097
0 0.235219 0.606572 0.082292 0.075838
0 0.300733 0.619210 0.069518 0.077642
0 0.349805 0.574010 0.082774 0.087732
0 0.409930 0.544689 0.066151 0.060881
0 0.484002 0.715998 0.092356 0.097800
0 0.006946 0.126869 0.013892 0.070095
0 0.079729 0.035084 0.071031 0.070166
0 0.292098 0.135199 0.066062 0.076098
0 0.593416 0.951317 0.103950 0.097366
0 0.677461 0.963731 0.069948 0.072538
0 0.623970 0.825537 0.094028 0.100484
0 0.543173 0.810809 0.102216 0.109147
0 0.517487 0.656736 0.047927 0.056995
0 0.634067 0.889896 0.094560 0.064767
0 0.190415 0.837435 0.067358 0.066062
0 0.016192 0.747409 0.032383 0.056995
0 0.034974 0.762306 0.041451 0.066062
0 0.014249 0.034326 0.028497 0.063472
0 0.165155 0.030440 0.045337 0.060880