0 0.188900 0.959375 0.096876 0.081250
0 0.290462 0.857031 0.074998 0.076562
0 0.299058 0.798437 0.070312 0.059375
0 0.110777 0.463281 0.078123 0.070312
0 0.123274 0.513281 0.071877 0.051562
0 0.144367 0.410156 0.067186 0.070312
0 0.761242 0.889249 0.073437 0.073834
0 0.833119 0.878438 0.089060 0.078125
0 0.677648 0.740156 0.090625 0.079688
0 0.555777 0.805000 0.096876 0.090625
0 0.480775 0.807344 0.068752 0.092188
0 0.519836 0.661250 0.081249 0.075000
0 0.429211 0.624531 0.100002 0.079688
0 0.938587 0.627656 0.087500 0.079688
0 0.839371 0.692500 0.070312 0.056250
0 0.898746 0.409688 0.101562 0.090625
0 0.980232 0.385402 0.039536 0.060803
0 0.794058 0.151875 0.092186 0.075000
0 0.791346 0.083906 0.080521 0.070312