0 0.671242 0.261719 0.085940 0.089063
0 0.639896 0.147668 0.085492 0.085492
0 0.933938 0.064249 0.080311 0.071503
0 0.862694 0.038212 0.088083 0.076424
0 0.838348 0.141208 0.070478 0.069916
0 0.935233 0.172280 0.069948 0.036269
0 0.985230 0.335938 0.029539 0.087500
0 0.979763 0.559375 0.040474 0.081250
0 0.966757 0.546454 0.044913 0.069592
0 0.802461 0.715334 0.104922 0.106833
0 0.882183 0.754687 0.082814 0.084375
0 0.958669 0.760156 0.082661 0.092188
0 0.966482 0.842981 0.067036 0.095288
0 0.974293 0.983808 0.051413 0.032383
0 0.900730 0.912500 0.094913 0.100000
0 0.624369 0.864241 0.073438 0.065269
0 0.568076 0.891771 0.061022 0.063334
0 0.526712 0.970207 0.081249 0.059585
0 0.562045 0.984456 0.083163 0.031088