0 0.981168 0.104687 0.037664 0.106250
0 0.767806 0.128125 0.085940 0.093750
0 0.692023 0.136719 0.084374 0.101562
0 0.802182 0.228125 0.101562 0.090625
0 0.949918 0.217188 0.100164 0.093750
0 0.871713 0.394531 0.074998 0.079687
0 0.902184 0.464844 0.098437 0.098437
0 0.948276 0.467188 0.071877 0.096875
0 0.962418 0.652344 0.075164 0.085937
0 0.915461 0.582031 0.106248 0.076562
0 0.739637 0.815625 0.095855 0.084375
0 0.561528 0.792969 0.086788 0.070313
0 0.606088 0.850781 0.093751 0.082812
0 0.640280 0.917188 0.078487 0.068750
0 0.788899 0.928125 0.100002 0.078125
0 0.970232 0.903906 0.059535 0.076562
0 0.849741 0.887953 0.046632 0.068653