0 0.301086 0.862813 0.100002 0.084375
0 0.222183 0.901094 0.073438 0.073438
0 0.249523 0.962031 0.071877 0.060938
0 0.184682 0.963594 0.082814 0.067188
0 0.140149 0.912813 0.078123 0.071875
0 0.111244 0.974375 0.060935 0.051250
0 0.143275 0.212031 0.084374 0.101562
0 0.237025 0.030469 0.084374 0.060937
0 0.295620 0.048438 0.064061 0.075000
0 0.360462 0.050000 0.074998 0.084375
0 0.358121 0.159375 0.095311 0.081250
0 0.379214 0.290625 0.096876 0.093750
0 0.458898 0.321875 0.084374 0.093750
0 0.250308 0.463281 0.092186 0.089062
0 0.404214 0.746875 0.074998 0.075000
0 0.465149 0.782031 0.068752 0.073438
0 0.506556 0.790625 0.057815 0.068750
0 0.508902 0.840625 0.074998 0.068750
0 0.457338 0.839844 0.081249 0.054688
0 0.420617 0.791406 0.070312 0.060938
0 0.545618 0.674219 0.085940 0.076562
0 0.594056 0.655469 0.076563 0.104687
0 0.655777 0.875000 0.084374 0.087500
0 0.603433 0.978125 0.085940 0.043750
0 0.838588 0.801094 0.084374 0.076562
0 0.894837 0.668281 0.093751 0.082812