0 0.399199 0.012888 0.068004 0.025776
0 0.348195 0.031509 0.105247 0.063018
0 0.389480 0.112403 0.106864 0.102006
0 0.274522 0.046081 0.116579 0.092162
0 0.257518 0.135881 0.111724 0.090675
0 0.072126 0.048447 0.080957 0.042100
0 0.017442 0.028271 0.034883 0.056542
0 0.044157 0.126166 0.088313 0.103628
0 0.137701 0.105116 0.124677 0.106866
0 0.172513 0.198219 0.116579 0.095531
0 0.726267 0.095400 0.090672 0.068006
0 0.724651 0.152881 0.097149 0.085816
0 0.678506 0.219269 0.072864 0.069625
0 0.646932 0.285653 0.087434 0.079341
0 0.684983 0.297797 0.066388 0.077719
0 0.109364 0.436238 0.103626 0.089053
0 0.035255 0.418425 0.070505 0.089053
0 0.046586 0.658872 0.093172 0.110103
0 0.012582 0.736594 0.025164 0.080959
0 0.434007 0.733356 0.076102 0.090675
0 0.390293 0.963278 0.066387 0.071244