0 0.065308 0.017188 0.079688 0.034375
0 0.071492 0.304064 0.070445 0.070628
0 0.139525 0.335156 0.084374 0.085937
0 0.208277 0.260938 0.040627 0.046875
0 0.227025 0.289062 0.074998 0.078125
0 0.431710 0.194531 0.081249 0.073437
0 0.195775 0.413281 0.078123 0.082812
0 0.309054 0.468750 0.092186 0.075000
0 0.373900 0.531250 0.074998 0.065625
0 0.464526 0.515625 0.068752 0.068750
0 0.463745 0.582813 0.073438 0.059375
0 0.009607 0.942969 0.019214 0.064062
0 0.043429 0.946875 0.064061 0.068750
0 0.527492 0.766719 0.064061 0.076562
0 0.550930 0.797188 0.054689 0.059375
0 0.579835 0.610469 0.081249 0.076562
0 0.688434 0.335156 0.089060 0.089062
0 0.547805 0.571875 0.082814 0.068750
0 0.636870 0.585156 0.067186 0.079687
0 0.842340 0.192188 0.093751 0.096875
0 0.890773 0.142187 0.090625 0.087500
0 0.589992 0.188281 0.076563 0.076562
0 0.582961 0.082031 0.074998 0.076562
0 0.524371 0.122656 0.076563 0.079687
0 0.501712 0.021094 0.065626 0.042188
0 0.504838 0.054688 0.068752 0.043750
0 0.544679 0.021875 0.048438 0.043750
0 0.574369 0.018750 0.060936 0.037500
0 0.667335 0.031250 0.081249 0.062500
0 0.012953 0.315415 0.025906 0.042746