0 0.502026 0.046875 0.150001 0.093750
0 0.729370 0.037500 0.098437 0.075000
0 0.748118 0.148438 0.095311 0.084375
0 0.898898 0.089063 0.112499 0.084375
0 0.950231 0.021875 0.099538 0.043750
0 0.972107 0.100000 0.055786 0.100000
0 0.965857 0.170313 0.068286 0.078125
0 0.766086 0.252344 0.093751 0.079687
0 0.714527 0.108594 0.100002 0.057813
0 0.525465 0.306611 0.100002 0.089905
0 0.234055 0.225000 0.107813 0.106250
0 0.148901 0.446094 0.109374 0.101562
0 0.726331 0.450000 0.101742 0.100000
0 0.423117 0.687382 0.082814 0.084609
0 0.816869 0.650425 0.129687 0.127275
0 0.179371 0.613281 0.082814 0.073438
0 0.246557 0.960938 0.095311 0.078124
0 0.978357 0.878930 0.043286 0.076513