0 0.393432 0.201563 0.101562 0.090625
0 0.418432 0.361719 0.101562 0.092187
0 0.273117 0.256250 0.104688 0.081250
0 0.165308 0.359375 0.085939 0.071875
0 0.204370 0.403906 0.101562 0.082812
0 0.259055 0.437500 0.092186 0.093750
0 0.178586 0.439844 0.087500 0.051562
0 0.093431 0.386719 0.098437 0.101562
0 0.047888 0.457031 0.095776 0.085937
0 0.203585 0.651563 0.093751 0.096875
0 0.424683 0.617969 0.082814 0.082812
0 0.516088 0.582813 0.084374 0.071875
0 0.497335 0.626563 0.081249 0.068750
0 0.484838 0.963281 0.093751 0.073437
0 0.189523 0.774219 0.103123 0.089062
0 0.200464 0.840625 0.087500 0.081250
0 0.231715 0.882031 0.118750 0.085938
0 0.212181 0.979688 0.101562 0.040624