0 0.046632 0.869362 0.093264 0.103245
0 0.154145 0.795219 0.085492 0.091822
0 0.018135 0.645791 0.036269 0.084025
0 0.252548 0.503725 0.084027 0.078828
0 0.183247 0.474272 0.094423 0.096153
0 0.115680 0.462352 0.090954 0.080145
0 0.235348 0.418831 0.097639 0.085759
0 0.362553 0.402893 0.096137 0.082989
0 0.407967 0.520821 0.088212 0.085301
0 0.369383 0.513166 0.065190 0.080736
0 0.562824 0.685881 0.097150 0.091969
0 0.106865 0.889249 0.053109 0.094560
0 0.155440 0.632124 0.075130 0.062176
0 0.097798 0.580959 0.050518 0.076425