0 0.110577 0.403725 0.093276 0.114397
0 0.165139 0.510203 0.079200 0.095038
0 0.086818 0.621081 0.070397 0.077438
0 0.670248 0.124769 0.107357 0.102078
0 0.876164 0.235647 0.082720 0.102078
0 0.797844 0.233888 0.091518 0.109119
0 0.627130 0.528681 0.095039 0.100319
0 0.669369 0.736359 0.091518 0.082719
0 0.477534 0.673878 0.077437 0.077438
0 0.484570 0.738119 0.059840 0.054559
0 0.501292 0.511962 0.051037 0.063359
0 0.792565 0.626359 0.073917 0.087997
0 0.679046 0.607000 0.086240 0.080959
0 0.439119 0.551166 0.059585 0.091969