0 0.035332 0.477000 0.070664 0.085334
0 0.091997 0.561241 0.097370 0.091900
0 0.077775 0.491769 0.040481 0.055797
0 0.144511 0.821072 0.073301 0.071112
0 0.748964 0.450744 0.063455 0.072206
0 0.781788 0.396041 0.065640 0.067831
0 0.837582 0.429956 0.070016 0.070019
0 0.840863 0.321100 0.067830 0.068925
0 0.938233 0.242328 0.072206 0.055797
0 0.937687 0.300313 0.077677 0.064547
0 0.942608 0.334775 0.067830 0.056891
0 0.890645 0.352278 0.031725 0.048137
0 0.951360 0.399322 0.063455 0.059078
0 0.273606 0.696353 0.075487 0.073300