0 0.748057 0.915625 0.079016 0.071875
0 0.822963 0.878125 0.074998 0.084375
0 0.882338 0.970313 0.068752 0.059374
0 0.939368 0.990625 0.070312 0.018750
0 0.877652 0.791406 0.068752 0.073438
0 0.829214 0.725781 0.065626 0.067187
0 0.675308 0.654687 0.082814 0.075000
0 0.919839 0.614844 0.081249 0.076562
0 0.940933 0.468750 0.082814 0.084375
0 0.852648 0.407031 0.087500 0.092187
0 0.661245 0.382031 0.076563 0.079687
0 0.615152 0.464844 0.081249 0.089062
0 0.769059 0.243750 0.082814 0.093750
0 0.956795 0.191406 0.086409 0.082812
0 0.740821 0.053125 0.085715 0.093750
0 0.916714 0.334375 0.062501 0.068750
0 0.896974 0.073187 0.048021 0.079016
0 0.784974 0.531088 0.069948 0.075130
0 0.659326 0.571891 0.069948 0.063472