0 0.027346 0.128619 0.054692 0.061372
0 0.086030 0.147553 0.086184 0.088794
0 0.099740 0.094016 0.090099 0.049619
0 0.157851 0.161916 0.047009 0.054844
0 0.228360 0.229819 0.078349 0.080959
0 0.283204 0.276172 0.057453 0.063984
0 0.300834 0.340809 0.069207 0.078347
0 0.268188 0.364313 0.071816 0.067900
0 0.322379 0.419156 0.080957 0.067900
0 0.200940 0.306206 0.094014 0.079653
0 0.057957 0.340156 0.079651 0.079653
0 0.156544 0.454412 0.099240 0.101850
0 0.033875 0.528191 0.067749 0.100544
0 0.022776 0.683578 0.045551 0.061372
0 0.014942 0.729931 0.029884 0.067900
0 0.497355 0.026769 0.094014 0.053538
0 0.545013 0.276825 0.095321 0.104463
0 0.496702 0.258544 0.069207 0.083569
0 0.569171 0.194562 0.067901 0.080959
0 0.630544 0.268338 0.080958 0.097934
0 0.716070 0.102503 0.050925 0.090100
0 0.844690 0.347337 0.099240 0.067900
0 0.954378 0.464859 0.062679 0.096628
0 0.671673 0.582378 0.082264 0.078347
0 0.642947 0.543206 0.092712 0.096628
0 0.571784 0.642444 0.101849 0.107075
0 0.512372 0.574544 0.082264 0.067900
0 0.446426 0.550387 0.067901 0.058759
0 0.356327 0.583031 0.078349 0.061372
0 0.563296 0.418503 0.074429 0.084875
0 0.898228 0.898378 0.080958 0.080959
0 0.680815 0.922534 0.090099 0.087488
0 0.797685 0.979876 0.044396 0.040248