0 0.087182 0.259687 0.089060 0.090625
0 0.090308 0.458863 0.070312 0.095227
0 0.164014 0.513409 0.086480 0.094943
0 0.276245 0.406563 0.082814 0.081250
0 0.231712 0.353438 0.087500 0.084375
0 0.404837 0.366406 0.106248 0.095312
0 0.624369 0.736658 0.092186 0.073316
0 0.778497 0.790559 0.088083 0.089867
0 0.967617 0.338125 0.064766 0.087500
0 0.805904 0.277188 0.072130 0.071875
0 0.746400 0.340469 0.090625 0.079688
0 0.782336 0.396719 0.081249 0.064062
0 0.825127 0.353750 0.069954 0.075000
0 0.976325 0.460781 0.047350 0.085938
0 0.926813 0.852332 0.058290 0.082902
0 0.735104 0.795984 0.047927 0.066062