0 0.158329 0.030619 0.068502 0.057087
0 0.137414 0.077844 0.061960 0.060200
0 0.512784 0.083034 0.094451 0.095491
0 0.159368 0.476409 0.074730 0.068503
0 0.230465 0.545431 0.084074 0.088225
0 0.811709 0.104312 0.086146 0.086147
0 0.919132 0.078363 0.087185 0.077844
0 0.959048 0.154131 0.081904 0.088225
0 0.959613 0.018681 0.066430 0.037362
0 0.964756 0.239244 0.070488 0.094453
0 0.699092 0.269863 0.085112 0.095491
0 0.760850 0.322278 0.088224 0.088225
0 0.247591 0.421919 0.053970 0.079922
0 0.610347 0.475891 0.096529 0.111059
0 0.811187 0.277647 0.058125 0.065391
0 0.814820 0.328506 0.052936 0.071616
0 0.863601 0.406350 0.067464 0.088225
0 0.938336 0.375731 0.086146 0.072656
0 0.985515 0.393375 0.028970 0.080959
0 0.973059 0.586431 0.053882 0.085109
0 0.352942 0.825153 0.102756 0.097566
0 0.552227 0.862000 0.071619 0.063312
0 0.662766 0.885872 0.074730 0.052934
0 0.901554 0.159974 0.041451 0.058290
0 0.716969 0.338731 0.081606 0.073834
0 0.377591 0.466969 0.058290 0.047927