0 0.861399 0.062199 0.082902 0.072494
0 0.670563 0.229522 0.092689 0.077962
0 0.830095 0.184478 0.049655 0.062369
0 0.817971 0.122189 0.068722 0.050078
0 0.784256 0.168450 0.048068 0.059772
0 0.732565 0.227332 0.065958 0.079016
0 0.659387 0.271534 0.090794 0.085759
0 0.909974 0.576923 0.060881 0.065763
0 0.599093 0.616937 0.089378 0.081024
0 0.609518 0.687307 0.081482 0.073573
0 0.457279 0.808290 0.106167 0.098446
0 0.563008 0.843977 0.109735 0.084327
0 0.540803 0.931347 0.068653 0.077720
0 0.685233 0.887306 0.093264 0.085492
0 0.744000 0.965674 0.097492 0.068652
0 0.251943 0.880505 0.073834 0.066709
0 0.146373 0.700393 0.077720 0.071770
0 0.321891 0.547280 0.071244 0.055699
0 0.874352 0.236399 0.072539 0.058290
0 0.924223 0.363342 0.055699 0.053109
0 0.430052 0.186528 0.046632 0.051813
0 0.474741 0.718264 0.076425 0.068653
0 0.770078 0.781736 0.097150 0.060881