0 0.956813 0.950258 0.086374 0.099484
0 0.176720 0.949337 0.141677 0.101325
0 0.291715 0.843475 0.128799 0.117759
0 0.157398 0.641081 0.132479 0.106719
0 0.968771 0.835197 0.062458 0.130637
0 0.913624 0.611641 0.150879 0.121437
0 0.776548 0.617159 0.130637 0.117759
0 0.910865 0.502162 0.090160 0.097519
0 0.788505 0.446044 0.114078 0.103038
0 0.707547 0.543563 0.106718 0.084638
0 0.527232 0.572081 0.114078 0.112238
0 0.322077 0.354966 0.093840 0.101197
0 0.246637 0.400044 0.141677 0.110397
0 0.186839 0.467203 0.139839 0.149038
0 0.071840 0.515041 0.093840 0.104878
0 0.128879 0.563800 0.097520 0.062559
0 0.148200 0.166369 0.125119 0.106719
0 0.051098 0.197647 0.102196 0.110397
0 0.749866 0.217888 0.114078 0.114078
0 0.820705 0.137850 0.163757 0.174797
0 0.754468 0.344844 0.090160 0.091997
0 0.656031 0.370603 0.095678 0.084638
0 0.105877 0.042705 0.117759 0.085410
0 0.531088 0.306995 0.069948 0.064767
0 0.023316 0.505181 0.031088 0.059585
0 0.018135 0.577073 0.036269 0.089378