0 0.030351 0.063891 0.060701 0.097769
0 0.027636 0.626969 0.055272 0.094147
0 0.009067 0.551989 0.018134 0.070300
0 0.611583 0.963760 0.111031 0.072480
0 0.575081 0.866866 0.106822 0.103200
0 0.498133 0.753709 0.101388 0.105012
0 0.843945 0.742844 0.094150 0.108631
0 0.776956 0.678572 0.126740 0.099581
0 0.069032 0.977340 0.065180 0.045320
0 0.245559 0.874109 0.110445 0.110444
0 0.803210 0.882096 0.095960 0.082959
0 0.822216 0.974741 0.079666 0.050518
0 0.908608 0.376295 0.071385 0.071244
0 0.348762 0.320081 0.128550 0.103200
0 0.209351 0.212356 0.121307 0.097769
0 0.214779 0.113681 0.110445 0.103200
0 0.497226 0.068416 0.081475 0.070613
0 0.719019 0.120922 0.086908 0.077853
0 0.989637 0.815436 0.020725 0.076382
0 0.164508 0.036269 0.077720 0.072538
0 0.503238 0.847798 0.066062 0.081606
0 0.349093 0.720207 0.060881 0.067358
0 0.706606 0.454663 0.073834 0.075130
0 0.770725 0.258420 0.054404 0.076425
0 0.718264 0.229922 0.081606 0.079016
0 0.408031 0.009067 0.064767 0.018134
0 0.474741 0.930052 0.058290 0.054404