0 0.467156 0.895609 0.102441 0.091284
0 0.536637 0.814263 0.101426 0.089667
0 0.590391 0.835769 0.091283 0.095344
0 0.950381 0.053757 0.099238 0.107511
0 0.866838 0.154990 0.114505 0.107907
0 0.954947 0.186903 0.090106 0.106966
0 0.874922 0.213731 0.102488 0.062176
0 0.616940 0.240384 0.097726 0.087228
0 0.515055 0.035622 0.071561 0.071244
0 0.581649 0.036917 0.087998 0.073834
0 0.088583 0.082993 0.118171 0.111217
0 0.208182 0.037565 0.101770 0.075130
0 0.341321 0.862047 0.047927 0.071244
0 0.834845 0.507124 0.066062 0.086788
0 0.921632 0.474093 0.104922 0.088083
0 0.874352 0.660622 0.095855 0.067358
0 0.655440 0.781736 0.041451 0.071244