0 0.044274 0.091062 0.087618 0.082124
0 0.091086 0.253906 0.103123 0.079687
0 0.981481 0.175000 0.037038 0.068750
0 0.356711 0.655440 0.103123 0.090674
0 0.423898 0.695260 0.096876 0.049895
0 0.163743 0.764062 0.073437 0.065625
0 0.462198 0.880959 0.085967 0.061917
0 0.374679 0.953574 0.104688 0.052226
0 0.810505 0.840483 0.088834 0.072158
0 0.681712 0.701562 0.059375 0.059375
0 0.937960 0.865625 0.071877 0.071875
0 0.459197 0.009715 0.071244 0.019430
0 0.477979 0.027850 0.064767 0.027202
0 0.292098 0.593912 0.068653 0.058290