0 0.805932 0.025000 0.089060 0.050000
0 0.931714 0.061719 0.074998 0.082812
0 0.473446 0.116406 0.040155 0.070312
0 0.366868 0.120871 0.064061 0.070757
0 0.106033 0.073187 0.066988 0.058290
0 0.805152 0.217188 0.059375 0.050000
0 0.707623 0.493402 0.108070 0.080554
0 0.618669 0.419689 0.102040 0.101036
0 0.178171 0.536318 0.086664 0.064864
0 0.049449 0.514062 0.098897 0.084375
0 0.043983 0.636719 0.087960 0.085937
0 0.623901 0.622656 0.096876 0.079687
0 0.866435 0.742422 0.077430 0.065155
0 0.680913 0.819531 0.073407 0.073438
0 0.822336 0.863212 0.093751 0.073575
0 0.474681 0.897526 0.101562 0.095571