0 0.821603 0.330978 0.077385 0.078578
0 0.774575 0.362528 0.078579 0.082150
0 0.591825 0.190491 0.082151 0.080959
0 0.512057 0.214897 0.079768 0.084531
0 0.381688 0.204181 0.092863 0.086913
0 0.318591 0.273234 0.102390 0.105959
0 0.234653 0.177394 0.089291 0.090484
0 0.191794 0.114294 0.091673 0.080959
0 0.160840 0.014881 0.065480 0.029762
0 0.042620 0.046431 0.085240 0.092862
0 0.082260 0.472059 0.079768 0.075006
0 0.088215 0.541112 0.055958 0.055956
0 0.009879 0.543494 0.019758 0.063100
0 0.012854 0.490513 0.025708 0.061909
0 0.377524 0.445272 0.096435 0.097625
0 0.401334 0.510753 0.091673 0.085722
0 0.349545 0.604213 0.095246 0.094056
0 0.388240 0.682194 0.072624 0.078578
0 0.451934 0.692909 0.052386 0.064291
0 0.547772 0.945906 0.094056 0.086912
0 0.284657 0.944716 0.089291 0.084531
0 0.138816 0.812562 0.080957 0.072625
0 0.160840 0.850659 0.063102 0.055956
0 0.150721 0.889353 0.059530 0.045241
0 0.644803 0.964359 0.042859 0.057147
0 0.856727 0.940547 0.097628 0.092866
0 0.798390 0.979798 0.092863 0.040403
0 0.192983 0.283950 0.063102 0.048812