0 0.186726 0.013281 0.059980 0.026562
0 0.137807 0.029688 0.082814 0.059375
0 0.100389 0.103789 0.058290 0.082578
0 0.214370 0.089844 0.057815 0.076562
0 0.153430 0.232813 0.060935 0.084375
0 0.198743 0.231250 0.073437 0.087500
0 0.297180 0.222656 0.092186 0.104687
0 0.540151 0.124219 0.084374 0.089062
0 0.482336 0.258594 0.093751 0.079687
0 0.576087 0.355469 0.078123 0.073437
0 0.642493 0.194531 0.073438 0.079687
0 0.129211 0.398575 0.125001 0.102850
0 0.162003 0.469912 0.074957 0.067948
0 0.073834 0.492228 0.049223 0.093264
0 0.045856 0.581606 0.091712 0.075130
0 0.091759 0.521219 0.062595 0.061188
0 0.216930 0.976563 0.081685 0.046874
0 0.146553 0.960853 0.072178 0.056421
0 0.368671 0.947612 0.058586 0.061027
0 0.963784 0.188281 0.057102 0.082812
0 0.286269 0.501295 0.067358 0.075130
0 0.264896 0.284326 0.050518 0.053109
0 0.252591 0.476036 0.056995 0.073834
0 0.227979 0.911917 0.051813 0.049223