0 0.035701 0.965000 0.071401 0.070000
0 0.045857 0.540425 0.091714 0.092725
0 0.217171 0.649246 0.105327 0.099010
0 0.213588 0.537813 0.093751 0.084375
0 0.406287 0.081875 0.076027 0.068750
0 0.335464 0.185000 0.078123 0.075000
0 0.276088 0.122500 0.056250 0.068750
0 0.271868 0.850313 0.079688 0.071875
0 0.218899 0.830483 0.054379 0.052158
0 0.185604 0.921553 0.082160 0.076267
0 0.077200 0.745521 0.052853 0.068543
0 0.842180 0.971250 0.089060 0.057500
0 0.778899 0.906710 0.090625 0.046580
0 0.864058 0.592500 0.117190 0.100000
0 0.936711 0.506563 0.100002 0.125000
0 0.471867 0.378438 0.092186 0.071875
0 0.623433 0.323750 0.060936 0.075000
0 0.689839 0.338594 0.081249 0.079688
0 0.314767 0.393135 0.051813 0.045337
0 0.185233 0.332902 0.080311 0.056995
0 0.213731 0.449482 0.049223 0.062176
0 0.310233 0.595855 0.055699 0.056995