0 0.131863 0.126628 0.092374 0.080959
0 0.209188 0.158284 0.101717 0.094453
0 0.175456 0.331100 0.096529 0.095491
0 0.282362 0.347706 0.086146 0.093412
0 0.398090 0.252216 0.078885 0.072656
0 0.424560 0.327984 0.088224 0.085109
0 0.407951 0.385072 0.096529 0.095491
0 0.477492 0.457728 0.088224 0.089262
0 0.509151 0.303594 0.097567 0.096528
0 0.563643 0.297366 0.063314 0.084072
0 0.603602 0.235609 0.074730 0.083034
0 0.558454 0.142716 0.100679 0.096528
0 0.441166 0.079922 0.090301 0.085109
0 0.565198 0.032694 0.105868 0.065388
0 0.653422 0.042038 0.097567 0.084072
0 0.720369 0.253775 0.086146 0.098603
0 0.841808 0.318125 0.096529 0.090300
0 0.765517 0.339403 0.083035 0.093413
0 0.744762 0.406350 0.049820 0.057088
0 0.580248 0.570863 0.081996 0.083034
0 0.880728 0.109503 0.068503 0.081997
0 0.834541 0.075769 0.052936 0.076806
0 0.964238 0.020759 0.071524 0.041518
0 0.978768 0.073694 0.042464 0.078881
0 0.107992 0.853178 0.094451 0.087188
0 0.165078 0.927391 0.081996 0.059162
0 0.240847 0.961360 0.102756 0.077280
0 0.056330 0.965512 0.112659 0.068975
0 0.238252 0.788309 0.066430 0.067466
0 0.517456 0.995612 0.095490 0.008776
0 0.843885 0.247547 0.046709 0.050859