0 0.334845 0.220312 0.089378 0.100000
0 0.484524 0.274012 0.085628 0.089475
0 0.308290 0.090722 0.054404 0.043944
0 0.332805 0.032813 0.095311 0.065625
0 0.420304 0.015625 0.092186 0.031250
0 0.506244 0.015625 0.067186 0.031250
0 0.700777 0.032031 0.084374 0.064062
0 0.770304 0.092188 0.095311 0.096875
0 0.799214 0.273438 0.074998 0.115625
0 0.639837 0.407031 0.090625 0.095313
0 0.747650 0.298438 0.071877 0.096875
0 0.223472 0.496875 0.076477 0.087500
0 0.530463 0.516406 0.074998 0.060938
0 0.536714 0.580469 0.087500 0.070313
0 0.550776 0.666406 0.078123 0.076563
0 0.514055 0.749219 0.079689 0.089063
0 0.439057 0.667969 0.060936 0.079688
0 0.310280 0.625336 0.081513 0.091297
0 0.249210 0.603125 0.087500 0.081250
0 0.215568 0.557031 0.089167 0.073438
0 0.837495 0.358594 0.079689 0.089062
0 0.867961 0.264062 0.049999 0.078125
0 0.923430 0.362500 0.073437 0.075000
0 0.803900 0.409375 0.065626 0.075000
0 0.863275 0.419531 0.049999 0.060938
0 0.867180 0.511719 0.085940 0.073438
0 0.926555 0.768750 0.098437 0.112500
0 0.713516 0.960492 0.091104 0.079016