0 0.226557 0.893953 0.103085 0.085759
0 0.219197 0.719403 0.086626 0.064103
0 0.021373 0.560013 0.042746 0.077962
0 0.316647 0.565213 0.101351 0.086625
0 0.249517 0.415431 0.095288 0.089929
0 0.171632 0.429472 0.079016 0.073971
0 0.148599 0.297541 0.097887 0.084894
0 0.171986 0.226506 0.097887 0.088356
0 0.021241 0.316597 0.042482 0.091822
0 0.418435 0.420116 0.065833 0.075363
0 0.308068 0.077513 0.091117 0.097019
0 0.510691 0.035291 0.080563 0.070581
0 0.480804 0.896119 0.084891 0.081428
0 0.629366 0.849341 0.085761 0.072766
0 0.859456 0.510638 0.063472 0.060637