0 0.956190 0.116303 0.087620 0.112850
0 0.898273 0.075212 0.121439 0.116531
0 0.698330 0.009699 0.082184 0.019398
0 0.676866 0.112625 0.066237 0.068691
0 0.568305 0.183769 0.099358 0.107944
0 0.650494 0.296622 0.091998 0.090772
0 0.505748 0.033620 0.099358 0.067239
0 0.825903 0.541950 0.091998 0.098131
0 0.814862 0.424191 0.089544 0.076053
0 0.721022 0.477550 0.078504 0.060106
0 0.644360 0.473872 0.077277 0.074825
0 0.650494 0.552991 0.074824 0.068691
0 0.722249 0.554828 0.080958 0.077278
0 0.643745 0.614322 0.080958 0.076053
0 0.668890 0.692213 0.074824 0.089544
0 0.967845 0.710187 0.064310 0.073223
0 0.981951 0.749866 0.036098 0.069919
0 0.732062 0.932022 0.085864 0.085866
0 0.824676 0.891544 0.069917 0.063784
0 0.951021 0.850450 0.060104 0.050294
0 0.392896 0.184381 0.045388 0.052747
0 0.239563 0.170891 0.091998 0.087091
0 0.264713 0.269022 0.093225 0.065013
0 0.132850 0.383100 0.074824 0.079731
0 0.139594 0.527844 0.071144 0.069919
0 0.365285 0.297280 0.051813 0.060881