0 0.688486 0.023008 0.101200 0.046016
0 0.983559 0.154637 0.032881 0.066116
0 0.850406 0.182297 0.052621 0.072863
0 0.984908 0.805003 0.030183 0.087706
0 0.185196 0.291591 0.114689 0.113341
0 0.285043 0.307784 0.103898 0.116041
0 0.357907 0.377947 0.101200 0.107944
0 0.276273 0.418425 0.121439 0.113341
0 0.295839 0.510853 0.117392 0.125484
0 0.515775 0.444737 0.120090 0.122788
0 0.613601 0.417750 0.102549 0.090403
0 0.662176 0.500059 0.080958 0.095800
0 0.382869 0.592488 0.094451 0.124138
0 0.851078 0.527047 0.083655 0.076909
0 0.358579 0.808375 0.064766 0.083656
0 0.425371 0.985821 0.071515 0.028358
0 0.345762 0.960185 0.079609 0.079630
0 0.291792 0.957475 0.052621 0.082309
0 0.257384 0.968280 0.037779 0.063439
0 0.415155 0.452073 0.058290 0.054404
0 0.950777 0.241580 0.049223 0.068653
0 0.915155 0.704663 0.071244 0.077720