0 0.037617 0.363275 0.075234 0.095491
0 0.247530 0.087706 0.080958 0.088225
0 0.289567 0.052934 0.086146 0.083034
0 0.414117 0.120400 0.077846 0.072656
0 0.368969 0.140122 0.091340 0.074731
0 0.357552 0.195131 0.089262 0.078881
0 0.382462 0.309822 0.097567 0.098603
0 0.222620 0.460841 0.070580 0.070578
0 0.200304 0.590062 0.075769 0.096528
0 0.038906 0.742637 0.076807 0.081997
0 0.029315 0.778447 0.058630 0.060200
0 0.357031 0.595772 0.108984 0.103794
0 0.422939 0.507028 0.097567 0.086147
0 0.503901 0.448384 0.122477 0.122475
0 0.472242 0.242875 0.059164 0.068503
0 0.564620 0.232497 0.119361 0.118325
0 0.603541 0.295809 0.095490 0.087188
0 0.556315 0.101716 0.088224 0.089262
0 0.607691 0.034253 0.076807 0.068503
0 0.450965 0.010378 0.083035 0.020756
0 0.720825 0.055009 0.087185 0.093412
0 0.693320 0.177487 0.065391 0.043594
0 0.632601 0.156209 0.072657 0.065391
0 0.833441 0.014531 0.098601 0.029062
0 0.908693 0.400122 0.099640 0.077844
0 0.860429 0.506509 0.108984 0.091337
0 0.815281 0.540244 0.095490 0.096528
0 0.882223 0.613416 0.052936 0.076806
0 0.992750 0.708637 0.014500 0.096031
0 0.965763 0.663756 0.068474 0.102756
0 0.727574 0.665831 0.073691 0.059163
0 0.709930 0.751981 0.086146 0.090300
0 0.636234 0.779484 0.090301 0.095491
0 0.470169 0.847469 0.106906 0.088225
0 0.869768 0.707869 0.036326 0.062275
0 0.819431 0.728628 0.074730 0.087187
0 0.932047 0.832938 0.098601 0.102756
0 0.770128 0.929466 0.100679 0.086147
0 0.712524 0.892619 0.031138 0.049822
0 0.831886 0.947631 0.074730 0.080959