0 0.029864 0.019842 0.059728 0.039684
0 0.172344 0.059925 0.061236 0.104831
0 0.398090 0.067191 0.103795 0.088225
0 0.455698 0.120644 0.032176 0.056047
0 0.337371 0.148669 0.096529 0.099641
0 0.547033 0.275816 0.065391 0.086147
0 0.331143 0.224956 0.094451 0.084072
0 0.445316 0.347950 0.096529 0.087188
0 0.331143 0.363519 0.106906 0.091338
0 0.284956 0.404000 0.116250 0.066428
0 0.058689 0.618850 0.089262 0.033212
0 0.575059 0.608472 0.100679 0.099641
0 0.786277 0.607434 0.083035 0.095491
0 0.107992 0.821247 0.079919 0.060200
0 0.147430 0.857056 0.067464 0.052934
0 0.258491 0.943722 0.111056 0.091338
0 0.428194 0.963039 0.089262 0.073922
0 0.654461 0.777653 0.066430 0.091338
0 0.739051 0.817616 0.092374 0.088225
0 0.658094 0.963963 0.067464 0.055009