0 0.025907 0.397394 0.051813 0.098994
0 0.028497 0.311891 0.056994 0.084184
0 0.011732 0.247234 0.023464 0.087732
0 0.031736 0.227235 0.063472 0.089184
0 0.033679 0.135406 0.067358 0.090272
0 0.102582 0.944365 0.087227 0.083030
0 0.022021 0.770078 0.044041 0.079016
0 0.001083 0.753609 0.002166 0.091284
0 0.175202 0.917098 0.064104 0.075130
0 0.161915 0.255600 0.086212 0.095344
0 0.262953 0.171095 0.072539 0.067579
0 0.291235 0.262700 0.075059 0.075056
0 0.297829 0.301750 0.076069 0.072013
0 0.235959 0.285519 0.072013 0.078100
0 0.197414 0.312400 0.094329 0.073028
0 0.128954 0.306819 0.077085 0.076072
0 0.631529 0.164822 0.096355 0.078100
0 0.605921 0.228903 0.074537 0.078463
0 0.668044 0.260730 0.090273 0.087348
0 0.918394 0.154958 0.080311 0.089709
0 0.840674 0.160225 0.072539 0.087288
0 0.616315 0.505619 0.096355 0.104472
0 0.679866 0.545499 0.093637 0.092941
0 0.608808 0.577777 0.085492 0.090560
0 0.322539 0.656088 0.067358 0.058290
0 0.137306 0.967617 0.062176 0.056995
0 0.038212 0.960492 0.047927 0.066062
0 0.715674 0.974093 0.029793 0.051813
0 0.750000 0.979922 0.046632 0.040155
0 0.239637 0.114637 0.064767 0.042746
0 0.321891 0.212435 0.073834 0.075130
0 0.059585 0.464378 0.056995 0.045337