0 0.096817 0.065581 0.070166 0.076909
0 0.059711 0.031850 0.076911 0.063419
0 0.169677 0.035827 0.078260 0.071653
0 0.214882 0.083122 0.058022 0.055322
0 0.195992 0.165431 0.074213 0.082309
0 0.233094 0.178250 0.043179 0.059369
0 0.349137 0.434619 0.099847 0.102547
0 0.415929 0.481844 0.082306 0.094453
0 0.566376 0.473072 0.110643 0.120088
0 0.287741 0.567525 0.109294 0.103897
0 0.157537 0.500059 0.080958 0.076909
0 0.028843 0.722022 0.057685 0.102547
0 0.079949 0.741584 0.063417 0.066116
0 0.217579 0.825244 0.095800 0.106597
0 0.115030 0.849531 0.074213 0.085006
0 0.304609 0.787463 0.097149 0.093103
0 0.438193 0.655231 0.118741 0.117391
0 0.649359 0.687613 0.136281 0.138978
0 0.523197 0.178925 0.094451 0.076909
0 0.591337 0.241666 0.098498 0.089053
0 0.657452 0.380647 0.101200 0.102547
0 0.938785 0.375878 0.086358 0.077003
0 0.984235 0.594512 0.031530 0.098500
0 0.908423 0.603281 0.103898 0.107944
0 0.745159 0.893384 0.114689 0.121437
0 0.633840 0.946017 0.132235 0.107966
0 0.769444 0.991219 0.141677 0.017562
0 0.247265 0.977052 0.093102 0.045896
0 0.057685 0.976376 0.089056 0.047248
0 0.869967 0.197141 0.086358 0.105247
0 0.802504 0.243691 0.086358 0.087706
0 0.529027 0.615285 0.079487 0.051813