0 0.043981 0.940156 0.087962 0.101562
0 0.137181 0.950313 0.101562 0.090625
0 0.269994 0.852656 0.085939 0.089062
0 0.204360 0.626362 0.079704 0.079149
0 0.144993 0.340506 0.076563 0.069613
0 0.217650 0.451094 0.084374 0.064062
0 0.178858 0.508125 0.056791 0.068750
0 0.126549 0.503961 0.066570 0.069798
0 0.468432 0.331562 0.089060 0.084375
0 0.512340 0.092560 0.081249 0.071130
0 0.712339 0.210938 0.084374 0.075000
0 0.977264 0.450955 0.045472 0.064411
0 0.940463 0.128906 0.078123 0.060938
0 0.985855 0.089844 0.028289 0.070312
0 0.025907 0.246114 0.051813 0.075130
0 0.022021 0.169041 0.044041 0.063472
0 0.774611 0.727979 0.028497 0.069948