0 0.359384 0.246509 0.049820 0.052934
0 0.314753 0.290100 0.072657 0.071616
0 0.210958 0.262078 0.056047 0.079922
0 0.151278 0.253256 0.065391 0.066428
0 0.261300 0.176966 0.067464 0.069541
0 0.165288 0.503916 0.066430 0.071616
0 0.086925 0.481081 0.073691 0.052934
0 0.106646 0.726031 0.077846 0.092375
0 0.033862 0.733816 0.067723 0.064353
0 0.152833 0.900403 0.080958 0.073694
0 0.230162 0.965512 0.086146 0.068976
0 0.522338 0.625872 0.047743 0.049822
0 0.502100 0.696450 0.071619 0.078881
0 0.668169 0.608228 0.069541 0.070578
0 0.695674 0.628984 0.066430 0.064353
0 0.685813 0.798687 0.057086 0.065391
0 0.769365 0.819447 0.072657 0.079922
0 0.830601 0.822559 0.066430 0.073694
0 0.924536 0.940884 0.079919 0.075769