0 0.585636 0.802147 0.096153 0.081428
0 0.497618 0.794464 0.072956 0.065612
0 0.536210 0.875000 0.070066 0.040155
0 0.509407 0.585584 0.075365 0.083159
0 0.439241 0.616772 0.087491 0.084894
0 0.324030 0.567828 0.073630 0.071900
0 0.278803 0.640594 0.080922 0.075363
0 0.537992 0.506756 0.080563 0.081428
0 0.472592 0.334372 0.086626 0.086625
0 0.311471 0.219163 0.084891 0.086625
0 0.234372 0.238653 0.074500 0.082294
0 0.006739 0.103516 0.013477 0.084025
0 0.035760 0.138600 0.071520 0.081428
0 0.393066 0.062803 0.076563 0.077097
0 0.417583 0.025122 0.085761 0.050244
0 0.606386 0.110881 0.080648 0.098753
0 0.712978 0.066700 0.101351 0.100484
0 0.706046 0.170650 0.096153 0.090091
0 0.773408 0.155747 0.074946 0.083515
0 0.850159 0.205064 0.084656 0.104428
0 0.928675 0.121709 0.096153 0.104816
0 0.798302 0.283262 0.095288 0.098753
0 0.772316 0.361659 0.086626 0.084025
0 0.674861 0.323978 0.094423 0.091822
0 0.686555 0.356897 0.090090 0.072766
0 0.884928 0.969076 0.079693 0.061848
0 0.883420 0.869819 0.051813 0.058290
0 0.928109 0.875000 0.029793 0.037565
0 0.593912 0.757772 0.053109 0.056995
0 0.495466 0.625000 0.073834 0.060881
0 0.315415 0.700777 0.055699 0.062176
0 0.671632 0.125000 0.063472 0.066062
0 0.401554 0.843912 0.041451 0.060881
0 0.683938 0.230570 0.069948 0.082902