0 0.260495 0.527850 0.103363 0.102332
0 0.354360 0.418391 0.106497 0.098384
0 0.424348 0.414334 0.094329 0.104472
0 0.338083 0.363342 0.088083 0.063472
0 0.208106 0.391192 0.083788 0.075130
0 0.164889 0.385786 0.065530 0.082453
0 0.427240 0.109456 0.082459 0.097150
0 0.393695 0.043616 0.100861 0.087228
0 0.456606 0.038034 0.060881 0.076068
0 0.855925 0.357534 0.099400 0.094328
0 0.890409 0.432351 0.095344 0.093847
0 0.820308 0.425000 0.073259 0.085234
0 0.920928 0.411870 0.075242 0.093171
0 0.656088 0.311528 0.040155 0.037565
0 0.614637 0.314767 0.066062 0.049223
0 0.193653 0.551813 0.047927 0.069948
0 0.307642 0.478627 0.073834 0.079016
0 0.279145 0.400259 0.042746 0.082902
0 0.282383 0.314119 0.044041 0.042746
0 0.362047 0.327073 0.076425 0.066062