0 0.002263 0.999375 0.004526 0.001250
0 0.452180 0.815938 0.073437 0.078125
0 0.491241 0.859688 0.073438 0.096875
0 0.661555 0.830781 0.070312 0.073438
0 0.658430 0.881563 0.089060 0.084375
0 0.371711 0.665156 0.090625 0.079688
0 0.264354 0.619663 0.085282 0.079326
0 0.072626 0.746416 0.085667 0.079707
0 0.336382 0.456563 0.076909 0.075000
0 0.455857 0.417421 0.072335 0.093909
0 0.264683 0.130469 0.079689 0.082812
0 0.217805 0.117228 0.057815 0.084197
0 0.400016 0.200130 0.074643 0.091969
0 0.578749 0.052971 0.101569 0.087807
0 0.972106 0.963438 0.055788 0.073124
0 0.075130 0.794689 0.051813 0.029793
0 0.976036 0.693005 0.047927 0.054404
0 0.942358 0.676813 0.042746 0.058290
0 0.970855 0.555699 0.058290 0.041451
0 0.930699 0.534326 0.037565 0.058290