0 0.089765 0.694619 0.089262 0.083034
0 0.172283 0.863803 0.092374 0.083034
0 0.325893 0.768831 0.071619 0.065391
0 0.298389 0.610028 0.047743 0.055009
0 0.403222 0.943203 0.091340 0.061237
0 0.180583 0.981203 0.075769 0.037594
0 0.436954 0.732503 0.052936 0.044631
0 0.505974 0.642203 0.083035 0.092375
0 0.573959 0.688909 0.086146 0.081997
0 0.384018 0.158528 0.084074 0.092375
0 0.528811 0.342763 0.039442 0.056047
0 0.486252 0.347950 0.058125 0.056047
0 0.447853 0.350547 0.033215 0.055009
0 0.522583 0.248309 0.058125 0.058125
0 0.565137 0.129984 0.091340 0.074731
0 0.811647 0.027627 0.098601 0.055254
0 0.851085 0.063559 0.059164 0.074731
0 0.819948 0.118569 0.084074 0.112097
0 0.926337 0.274256 0.076807 0.068503
0 0.854718 0.276334 0.039442 0.076806
0 0.815798 0.280484 0.067464 0.076806
0 0.868212 0.332900 0.056047 0.069541
0 0.826697 0.375975 0.062275 0.047744
0 0.822025 0.418012 0.071619 0.050859
0 0.872367 0.383241 0.041515 0.047744
0 0.641423 0.386872 0.046709 0.057087
0 0.674121 0.272181 0.080958 0.074731
0 0.682943 0.908434 0.069541 0.047744
0 0.632084 0.895459 0.048781 0.044631
0 0.912843 0.936975 0.072657 0.073694