0 0.084113 0.959845 0.093433 0.080310
0 0.233808 0.668394 0.094560 0.101036
0 0.320745 0.634981 0.083899 0.074599
0 0.348278 0.566744 0.094329 0.100413
0 0.392405 0.577178 0.064932 0.096940
0 0.321399 0.338121 0.089258 0.082977
0 0.248057 0.376065 0.084197 0.104461
0 0.170778 0.165597 0.126787 0.115628
0 0.042535 0.108288 0.085070 0.118672
0 0.355883 0.031070 0.115629 0.062139
0 0.263311 0.031088 0.102911 0.062176
0 0.532368 0.036648 0.129828 0.073296
0 0.791357 0.217831 0.118984 0.132872
0 0.854311 0.220207 0.102259 0.103627