0 0.886010 0.991580 0.069948 0.016839
0 0.680924 0.969334 0.068432 0.060637
0 0.022333 0.897003 0.044666 0.040713
0 0.850279 0.742378 0.090090 0.079694
0 0.783679 0.755871 0.054404 0.068568
0 0.819090 0.680872 0.103950 0.077963
0 0.895078 0.594897 0.082902 0.078396
0 0.845946 0.620234 0.098752 0.077963
0 0.784326 0.596407 0.071244 0.073643
0 0.912433 0.681306 0.084461 0.085759
0 0.750480 0.539241 0.084531 0.075362
0 0.670095 0.272869 0.079693 0.077962
0 0.595018 0.251943 0.076804 0.079016
0 0.585943 0.297906 0.069046 0.067400
0 0.523784 0.308171 0.076065 0.064529
0 0.541024 0.248181 0.081428 0.078828
0 0.831606 0.063238 0.075130 0.093556
0 0.763601 0.066269 0.071244 0.078828
0 0.906158 0.140331 0.089239 0.083159
0 0.843800 0.139633 0.078792 0.062703
0 0.772021 0.494171 0.054404 0.058290
0 0.895725 0.198834 0.040155 0.040155
0 0.810233 0.012953 0.097150 0.025906