0 0.096730 0.225612 0.067863 0.070244
0 0.059826 0.250616 0.082151 0.084531
0 0.558078 0.093459 0.083340 0.091675
0 0.422948 0.161916 0.084529 0.071434
0 0.081850 0.370266 0.095245 0.073816
0 0.154475 0.435153 0.073814 0.086913
0 0.015328 0.402412 0.030655 0.047622
0 0.017113 0.546469 0.034225 0.095247
0 0.159833 0.614331 0.094056 0.080959
0 0.033782 0.722675 0.067564 0.083341
0 0.038545 0.818516 0.077089 0.079769
0 0.698565 0.307763 0.119056 0.108341
0 0.627130 0.359550 0.092863 0.116675
0 0.840242 0.064291 0.104768 0.109531
0 0.931916 0.154178 0.095245 0.094056
0 0.998104 0.166678 0.003792 0.073816
0 0.979648 0.232159 0.040704 0.095247
0 0.843217 0.386934 0.082151 0.085722
0 0.849172 0.479800 0.070241 0.085722
0 0.989174 0.381578 0.021652 0.098816
0 0.984412 0.683981 0.031175 0.075006
0 0.667014 0.600641 0.086912 0.094056
0 0.501523 0.569091 0.055958 0.076197
0 0.747375 0.755416 0.090484 0.089294
0 0.960600 0.765534 0.078800 0.085722
0 0.938463 0.925394 0.098818 0.068405
0 0.524144 0.902450 0.094056 0.078578
0 0.430092 0.893522 0.077385 0.077388
0 0.621175 0.975631 0.078579 0.048737
0 0.586649 0.611356 0.064291 0.094056
0 0.813472 0.800518 0.106218 0.095855