0 0.215592 0.258516 0.077277 0.071759
0 0.479629 0.334875 0.082800 0.091997
0 0.510907 0.481150 0.053359 0.093838
0 0.442828 0.484831 0.086480 0.101197
0 0.516430 0.681706 0.042319 0.079119
0 0.348071 0.688147 0.099358 0.110397
0 0.325074 0.810506 0.126956 0.126956
0 0.108874 0.684469 0.080958 0.080959
0 0.050758 0.724947 0.101516 0.106719
0 0.022240 0.290716 0.044479 0.047841
0 0.045237 0.367072 0.090474 0.115919
0 0.037879 0.438831 0.075758 0.079119
0 0.045396 0.467353 0.075440 0.066237
0 0.108874 0.471950 0.062557 0.075438
0 0.050918 0.540031 0.090160 0.090159
0 0.107036 0.594309 0.088318 0.077278
0 0.128196 0.538191 0.075440 0.093838
0 0.168677 0.488513 0.049679 0.068078
0 0.202714 0.410313 0.073597 0.084637
0 0.280913 0.441591 0.086480 0.091997
0 0.266192 0.518872 0.079120 0.080959
0 0.074837 0.887784 0.049679 0.071759
0 0.036038 0.950344 0.072075 0.093837
0 0.127275 0.958622 0.077277 0.080959