0 0.009605 0.973594 0.019210 0.052812
0 0.034607 0.872188 0.069214 0.096875
0 0.325555 0.885738 0.100186 0.097900
0 0.455152 0.875648 0.084374 0.080311
0 0.392652 0.975938 0.084374 0.048124
0 0.230930 0.901875 0.082814 0.106250
0 0.143853 0.887953 0.088224 0.068653
0 0.126242 0.982187 0.073438 0.035625
0 0.306347 0.710492 0.076425 0.089378
0 0.569992 0.637031 0.082814 0.079688
0 0.485618 0.497969 0.098437 0.095312
0 0.393432 0.447188 0.098437 0.093750
0 0.650461 0.415156 0.074998 0.079688
0 0.727804 0.439375 0.095311 0.081250
0 0.829663 0.451094 0.081606 0.082812
0 0.896957 0.400313 0.078889 0.071875
0 0.848119 0.056563 0.092186 0.090625
0 0.771556 0.060469 0.079689 0.085938
0 0.965074 0.172969 0.069852 0.073438
0 0.976012 0.455000 0.047975 0.075000
0 0.510617 0.901094 0.070312 0.067188
0 0.722798 0.266839 0.069948 0.054404
0 0.314767 0.805699 0.088083 0.054404