0 0.123901 0.071320 0.093751 0.116734
0 0.222338 0.095312 0.103123 0.125000
0 0.308273 0.051562 0.109374 0.096875
0 0.353372 0.091329 0.080821 0.076409
0 0.106865 0.148826 0.110104 0.103902
0 0.191868 0.185156 0.110939 0.107813
0 0.278588 0.253125 0.118750 0.131250
0 0.345774 0.289063 0.096876 0.131250
0 0.382957 0.215625 0.099370 0.106250
0 0.654235 0.084197 0.083082 0.093264
0 0.701527 0.124818 0.102128 0.109739
0 0.456211 0.415054 0.104132 0.091767
0 0.372339 0.447920 0.106248 0.097912
0 0.241867 0.422656 0.107813 0.110937
0 0.123901 0.407813 0.128127 0.106250
0 0.114384 0.308938 0.102839 0.094560
0 0.159057 0.562500 0.120311 0.112500
0 0.386401 0.594531 0.096876 0.089063
0 0.473901 0.549219 0.096876 0.095313
0 0.219993 0.652344 0.101562 0.095312
0 0.017418 0.659375 0.034836 0.118750
0 0.173120 0.820386 0.101562 0.096730
0 0.280933 0.835156 0.114064 0.120312
0 0.359837 0.771094 0.087500 0.079688
0 0.259839 0.902344 0.112499 0.073437
0 0.040857 0.983594 0.081714 0.032812
0 0.755149 0.252344 0.084374 0.095312
0 0.841088 0.277344 0.093751 0.120313
0 0.823094 0.367228 0.104737 0.099741
0 0.912181 0.402344 0.067186 0.070313
0 0.956480 0.324219 0.087039 0.085937
0 0.922337 0.702344 0.093751 0.095312
0 0.805932 0.639844 0.095311 0.070313
0 0.769936 0.728040 0.073550 0.090795
0 0.837521 0.728712 0.086616 0.091799
0 0.096503 0.824482 0.063472 0.071244
0 0.046632 0.516839 0.093264 0.069948