0 0.002847 0.724719 0.005694 0.089262
0 0.055511 0.695137 0.074730 0.081997
0 0.084055 0.610547 0.063314 0.060200
0 0.019453 0.529069 0.038906 0.067466
0 0.117269 0.373381 0.063314 0.065391
0 0.199787 0.487553 0.076807 0.071616
0 0.414117 0.451225 0.063314 0.050859
0 0.514278 0.368709 0.074730 0.085109
0 0.606652 0.348469 0.114172 0.102756
0 0.355475 0.394138 0.060198 0.059162
0 0.220026 0.129984 0.071619 0.070578
0 0.237669 0.091581 0.069541 0.039441
0 0.436432 0.161644 0.080958 0.065391
0 0.560987 0.083797 0.107945 0.088225
0 0.416194 0.039563 0.077846 0.079126
0 0.938792 0.047987 0.070580 0.087188
0 0.871328 0.060962 0.066430 0.069541
0 0.870289 0.164237 0.070580 0.062275
0 0.770649 0.145553 0.062275 0.064353
0 0.872884 0.645838 0.117284 0.097566
0 0.885339 0.415416 0.065391 0.056047