0 0.140463 0.928906 0.078123 0.060938
0 0.205674 0.890609 0.067927 0.068782
0 0.329525 0.753906 0.078123 0.073437
0 0.359210 0.632813 0.062501 0.075000
0 0.202183 0.539063 0.089060 0.078125
0 0.299055 0.433594 0.095311 0.101562
0 0.367235 0.492969 0.066048 0.082812
0 0.338901 0.540625 0.071877 0.068750
0 0.369648 0.066860 0.091627 0.081906
0 0.748256 0.876094 0.081209 0.095312
0 0.702183 0.650313 0.076563 0.071875
0 0.444369 0.755000 0.079689 0.056250
0 0.442804 0.704219 0.079689 0.070312
0 0.429527 0.645625 0.062501 0.056250
0 0.582026 0.379219 0.076880 0.076562
0 0.552801 0.315938 0.080926 0.078125
0 0.459212 0.344844 0.078123 0.060937
0 0.439684 0.273750 0.079689 0.075000
0 0.492023 0.213594 0.074998 0.082812
0 0.483431 0.029063 0.085940 0.058125
0 0.488902 0.092500 0.084374 0.071875
0 0.569301 0.102979 0.063472 0.037565
0 0.619095 0.161903 0.064615 0.054432
0 0.671713 0.160469 0.068752 0.070312
0 0.978824 0.331563 0.042352 0.065625
0 0.982730 0.254219 0.034539 0.085937
0 0.975699 0.170625 0.048602 0.081250
0 0.971794 0.023594 0.056412 0.047188
0 0.931087 0.062813 0.062501 0.059375
0 0.952683 0.115285 0.071317 0.054404
0 0.654793 0.700777 0.060881 0.059585
0 0.561528 0.755181 0.058290 0.062176