0 0.634223 0.025552 0.106906 0.051103
0 0.648750 0.128428 0.079919 0.079922
0 0.494102 0.102481 0.075769 0.063312
0 0.533544 0.159047 0.100679 0.103794
0 0.387712 0.238969 0.097567 0.095491
0 0.322321 0.244156 0.037365 0.053972
0 0.352942 0.403481 0.106906 0.098603
0 0.221643 0.504159 0.122477 0.113134
0 0.398612 0.525438 0.096529 0.089263
0 0.174417 0.686834 0.084074 0.065391
0 0.504479 0.679569 0.094451 0.094453
0 0.385118 0.845638 0.075769 0.102756
0 0.473342 0.925041 0.104829 0.087188
0 0.973060 0.832144 0.053880 0.081997
0 0.771228 0.912584 0.088224 0.074731
0 0.743723 0.727834 0.091340 0.095491
0 0.970985 0.553459 0.058030 0.114172
0 0.966313 0.610028 0.067374 0.067466
0 0.936776 0.407113 0.093412 0.087188
0 0.745801 0.454338 0.097567 0.094453
0 0.360751 0.647668 0.045337 0.025907