0 0.013897 0.180081 0.027794 0.067466
0 0.021682 0.081478 0.043363 0.071616
0 0.068273 0.215372 0.043592 0.075769
0 0.026352 0.265709 0.052704 0.087188
0 0.050225 0.298925 0.100450 0.114172
0 0.061007 0.469663 0.110022 0.081997
0 0.132109 0.347706 0.111056 0.097566
0 0.081250 0.391819 0.121439 0.115209
0 0.204244 0.352378 0.064352 0.104831
0 0.140409 0.205509 0.104829 0.112097
0 0.246281 0.220041 0.106906 0.112097
0 0.277419 0.131297 0.104829 0.094453
0 0.260292 0.052934 0.099640 0.087188
0 0.432067 0.123512 0.106906 0.110022
0 0.476182 0.044631 0.056047 0.039441
0 0.559733 0.090819 0.090301 0.102756
0 0.421690 0.300481 0.086146 0.090300
0 0.343844 0.351341 0.088224 0.102756
0 0.386398 0.442159 0.098601 0.091337
0 0.327756 0.495094 0.064352 0.097566
0 0.272230 0.500800 0.090301 0.081997
0 0.494342 0.419844 0.081996 0.077844
0 0.497976 0.499244 0.093412 0.095491
0 0.432067 0.523634 0.052936 0.071616
0 0.598137 0.593178 0.092374 0.094453
0 0.442450 0.621200 0.050859 0.086147
0 0.504725 0.652859 0.113134 0.105869
0 0.631352 0.757169 0.100679 0.092375
0 0.685844 0.845912 0.074730 0.072656
0 0.049187 0.726031 0.098374 0.100678
0 0.012340 0.765475 0.024680 0.084072
0 0.952577 0.153345 0.035261 0.043052
0 0.957094 0.264153 0.085811 0.088225
0 0.939616 0.978769 0.073691 0.041519