0 0.231711 0.075781 0.065626 0.060938
0 0.266839 0.045337 0.064767 0.054404
0 0.215308 0.025000 0.067187 0.050000
0 0.064119 0.175664 0.068653 0.061173
0 0.117652 0.848750 0.134373 0.112500
0 0.206712 0.794173 0.115625 0.093528
0 0.362963 0.712813 0.125001 0.125000
0 0.463745 0.425313 0.114064 0.103125
0 0.839054 0.851094 0.117190 0.107812
0 0.728120 0.737812 0.101562 0.081250
0 0.693745 0.468281 0.101562 0.101563
0 0.707807 0.618281 0.095311 0.073438
0 0.653898 0.541719 0.074998 0.060938
0 0.498431 0.336250 0.098437 0.087500
0 0.705462 0.143281 0.093751 0.085938
0 0.854682 0.043125 0.101562 0.086250