0 0.225539 0.118982 0.150560 0.134337
0 0.336788 0.231865 0.069948 0.062176
0 0.375498 0.167384 0.070248 0.076072
0 0.290671 0.174582 0.081141 0.078296
0 0.228627 0.521373 0.123057 0.102332
0 0.757124 0.614637 0.107513 0.104922
0 0.679404 0.764249 0.084197 0.090674
0 0.931995 0.860104 0.071244 0.090674
0 0.626295 0.966321 0.097150 0.067358
0 0.515336 0.892191 0.124757 0.113397
0 0.400259 0.886924 0.116580 0.115817
0 0.384067 0.723446 0.086788 0.086788
0 0.710492 0.173575 0.063472 0.080311
0 0.314119 0.133420 0.094560 0.090674