0 0.855151 0.021875 0.081249 0.043750
0 0.762180 0.091406 0.101562 0.089062
0 0.685617 0.096875 0.067187 0.081250
0 0.744992 0.156250 0.076563 0.068750
0 0.178109 0.284816 0.120466 0.108492
0 0.045543 0.094657 0.091086 0.085687
0 0.309362 0.157821 0.067804 0.078141
0 0.366088 0.334375 0.106248 0.100000
0 0.259055 0.380469 0.104688 0.123437
0 0.541868 0.408594 0.060936 0.073437
0 0.919992 0.210938 0.085940 0.096875
0 0.852025 0.201563 0.096876 0.090625
0 0.975389 0.299219 0.049222 0.098437
0 0.831712 0.595313 0.074998 0.078125
0 0.759840 0.951562 0.106248 0.096875
0 0.573118 0.975781 0.117190 0.048437
0 0.312964 0.672656 0.071877 0.067187
0 0.357491 0.706250 0.060936 0.050000
0 0.127807 0.619641 0.082814 0.076781
0 0.047108 0.672656 0.094212 0.101562
0 0.077809 0.790625 0.092186 0.071875
0 0.244212 0.727344 0.074998 0.067187
0 0.178586 0.900000 0.096876 0.090625