0 0.043355 0.971250 0.086710 0.057500
0 0.340621 0.896406 0.107813 0.101563
0 0.454155 0.972031 0.102611 0.055938
0 0.072337 0.592500 0.100633 0.100000
0 0.145078 0.507977 0.101036 0.122172
0 0.578586 0.982187 0.093751 0.035625
0 0.624679 0.736033 0.082814 0.074566
0 0.429371 0.726094 0.089060 0.079688
0 0.709058 0.643281 0.095311 0.085938
0 0.856433 0.616719 0.075560 0.092188
0 0.937962 0.634687 0.090625 0.090625
0 0.515305 0.285469 0.095311 0.070312
0 0.403586 0.172969 0.068752 0.073438
0 0.477024 0.147188 0.090625 0.090625
0 0.727026 0.014063 0.084374 0.028125
0 0.787182 0.096094 0.089060 0.095312
0 0.884058 0.160937 0.067186 0.084375
0 0.932492 0.864375 0.073437 0.084375
0 0.096503 0.113990 0.045337 0.044041
0 0.331606 0.736399 0.072539 0.060881
0 0.248705 0.795337 0.044041 0.044041