0 0.130929 0.023438 0.064061 0.046875
0 0.057491 0.028906 0.073437 0.057812
0 0.050460 0.240625 0.074998 0.068750
0 0.200461 0.263281 0.074998 0.070312
0 0.332493 0.420313 0.073437 0.065625
0 0.383021 0.431250 0.052612 0.075000
0 0.329368 0.487500 0.070312 0.062500
0 0.166090 0.507813 0.081249 0.065625
0 0.194995 0.467969 0.067187 0.064062
0 0.263742 0.511719 0.073438 0.073437
0 0.221554 0.532813 0.045313 0.062500
0 0.351241 0.619531 0.064061 0.073437
0 0.411401 0.600000 0.074998 0.075000
0 0.082495 0.693750 0.085939 0.078125
0 0.018981 0.524219 0.037962 0.051562
0 0.004919 0.477344 0.009838 0.045312
0 0.141086 0.838731 0.087500 0.076425
0 0.545930 0.619531 0.064061 0.067187
0 0.578408 0.735144 0.063391 0.060962
0 0.511699 0.753886 0.070031 0.075130
0 0.572494 0.797656 0.060936 0.060938
0 0.805660 0.920312 0.080391 0.078125
0 0.891243 0.854688 0.085939 0.078125
0 0.913188 0.970207 0.082951 0.059585
0 0.284326 0.568005 0.053109 0.063472