0 0.296007 0.022021 0.091453 0.044041
0 0.350724 0.082887 0.089953 0.088456
0 0.539632 0.019331 0.089953 0.038662
0 0.550874 0.041659 0.088454 0.080959
0 0.368716 0.199828 0.077959 0.085456
0 0.026190 0.754544 0.052380 0.076459
0 0.277263 0.723059 0.119939 0.100450
0 0.735278 0.978845 0.085455 0.042309
0 0.737530 0.931453 0.077959 0.079459
0 0.630332 0.972848 0.076460 0.054303
0 0.565867 0.939700 0.088454 0.074962
0 0.695549 0.870734 0.068963 0.071963
0 0.478912 0.726809 0.082457 0.092953
0 0.574111 0.512419 0.104946 0.104947
0 0.532135 0.566391 0.089953 0.065966
0 0.548627 0.607619 0.065965 0.049475
0 0.671561 0.636106 0.110943 0.115441
0 0.807245 0.598625 0.124437 0.109444
0 0.876208 0.631606 0.091453 0.085456
0 0.771262 0.684831 0.061467 0.080959
0 0.805746 0.708819 0.046478 0.071963
0 0.834980 0.753044 0.059967 0.067466
0 0.744819 0.204663 0.041451 0.059585
0 0.799870 0.297927 0.068653 0.051813
0 0.928109 0.564119 0.102332 0.099741
0 0.191710 0.722798 0.056995 0.093264