0 0.086555 0.228712 0.092186 0.091799
0 0.067807 0.267969 0.076563 0.076562
0 0.244819 0.111719 0.080311 0.082812
0 0.115207 0.517382 0.072383 0.083986
0 0.170149 0.534375 0.053124 0.081250
0 0.056870 0.962500 0.095311 0.075000
0 0.254040 0.975389 0.072848 0.049222
0 0.543588 0.984531 0.084374 0.030938
0 0.610387 0.890544 0.060153 0.047927
0 0.609994 0.751350 0.089060 0.080201
0 0.471372 0.688594 0.080572 0.085937
0 0.410775 0.667500 0.078123 0.075000
0 0.384211 0.626875 0.087500 0.071875
0 0.397939 0.124399 0.075671 0.067451
0 0.505553 0.186250 0.061433 0.075000
0 0.515463 0.115156 0.087500 0.067187
0 0.499352 0.055699 0.084197 0.056995
0 0.615465 0.039219 0.071877 0.078437
0 0.472798 0.019688 0.064767 0.039375
0 0.737336 0.385114 0.074998 0.082103
0 0.821715 0.627362 0.074998 0.050975
0 0.982575 0.169531 0.034850 0.092187
0 0.933119 0.175000 0.079689 0.087500
0 0.977106 0.737500 0.045787 0.115625
0 0.828431 0.903906 0.076563 0.070312
0 0.745617 0.832031 0.067186 0.073438
0 0.728429 0.978125 0.064061 0.043750
0 0.616580 0.798575 0.067358 0.037565
0 0.797927 0.933290 0.044041 0.040155