0 0.863554 0.952928 0.095866 0.091075
0 0.696986 0.589831 0.117439 0.103056
0 0.729341 0.389709 0.115042 0.100659
0 0.397404 0.416075 0.112645 0.095866
0 0.238022 0.552684 0.095866 0.076694
0 0.297541 0.589165 0.075902 0.072965
0 0.216454 0.689294 0.086283 0.086281
0 0.140672 0.671397 0.084452 0.083727
0 0.072652 0.712063 0.081489 0.079091
0 0.138560 0.009831 0.069504 0.019662
0 0.152942 0.049622 0.055122 0.069503
0 0.565170 0.173050 0.098263 0.105453
0 0.874341 0.163463 0.098263 0.086281
0 0.511658 0.582254 0.056995 0.063472
0 0.974741 0.727332 0.050518 0.068653
0 0.365933 0.884715 0.053109 0.046632
0 0.084845 0.904793 0.071244 0.071244
0 0.253238 0.361399 0.079016 0.069948