0 0.033356 0.585644 0.062679 0.105769
0 0.265785 0.678353 0.107075 0.100544
0 0.640544 0.165181 0.107075 0.082266
0 0.656867 0.115562 0.066594 0.037869
0 0.709098 0.141678 0.056151 0.066594
0 0.729337 0.196522 0.062679 0.066594
0 0.820742 0.128619 0.067901 0.061372
0 0.886030 0.147553 0.086184 0.088794
0 0.899740 0.094016 0.090099 0.049619
0 0.957851 0.161916 0.047009 0.054844
0 0.976967 0.306206 0.046066 0.079653
0 0.857957 0.340156 0.079651 0.079653
0 0.953462 0.454412 0.093076 0.101850
0 0.778306 0.365619 0.074429 0.052231
0 0.728683 0.420463 0.079651 0.052231
0 0.684940 0.492281 0.104462 0.099241
0 0.820742 0.528191 0.094014 0.100544
0 0.751535 0.584337 0.083571 0.058759
0 0.818782 0.683578 0.053538 0.061372
0 0.792016 0.729931 0.075736 0.067900
0 0.687554 0.827866 0.062679 0.073125
0 0.707792 0.932328 0.100547 0.054844
0 0.715627 0.722097 0.056151 0.065291
0 0.443653 0.307642 0.076425 0.091969