0 0.417746 0.933290 0.123057 0.133420
0 0.131171 0.906736 0.110715 0.126943
0 0.281260 0.955959 0.074787 0.088082
0 0.627858 0.650450 0.088843 0.078103
0 0.081606 0.263601 0.075130 0.071244
0 0.370536 0.195375 0.106079 0.096297
0 0.912613 0.576887 0.091824 0.097019
0 0.531736 0.750648 0.068653 0.053109
0 0.086140 0.659326 0.068653 0.075130
0 0.237694 0.279793 0.084197 0.085492
0 0.099093 0.165155 0.055699 0.050518
0 0.718264 0.629534 0.058290 0.064767
0 0.781736 0.458549 0.050518 0.046632
0 0.724093 0.483808 0.059585 0.060881