0 0.984410 0.557781 0.031180 0.070244
0 0.980245 0.617309 0.039510 0.065481
0 0.953940 0.024406 0.089291 0.048812
0 0.968934 0.072028 0.062132 0.091675
0 0.955242 0.152394 0.089516 0.083341
0 0.985603 0.266687 0.028794 0.090484
0 0.990365 0.211325 0.019270 0.058337
0 0.918225 0.229184 0.096435 0.079769
0 0.975481 0.734581 0.049038 0.069053
0 0.921200 0.691719 0.064291 0.045241
0 0.849764 0.825062 0.061908 0.050003
0 0.277699 0.105366 0.060719 0.063100
0 0.228288 0.110722 0.040481 0.061909
0 0.147331 0.065481 0.071435 0.080959
0 0.173524 0.707791 0.083340 0.075006
0 0.837435 0.430052 0.055699 0.088083