0 0.379622 0.062519 0.084074 0.093413
0 0.011028 0.032937 0.022056 0.055009
0 0.382738 0.136213 0.086146 0.074731
0 0.220302 0.252462 0.110022 0.116247
0 0.391560 0.413859 0.064352 0.071616
0 0.030230 0.401403 0.060459 0.077844
0 0.241057 0.448631 0.070580 0.076806
0 0.222374 0.499487 0.056047 0.053972
0 0.481857 0.528031 0.066430 0.077844
0 0.290882 0.573181 0.091340 0.087188
0 0.407648 0.638572 0.090301 0.091338
0 0.408165 0.698772 0.078885 0.049822
0 0.178265 0.551903 0.061236 0.061237
0 0.084331 0.558650 0.031138 0.060200
0 0.120140 0.717453 0.092374 0.087188
0 0.325130 0.824878 0.062275 0.069541
0 0.259739 0.845119 0.058125 0.053972
0 0.758466 0.911028 0.081996 0.081997
0 0.691002 0.850828 0.063314 0.079922
0 0.847211 0.890269 0.056047 0.063312