0 0.057165 0.048511 0.084196 0.097022
0 0.640063 0.022603 0.100387 0.045206
0 0.210986 0.318037 0.093911 0.098769
0 0.164029 0.257319 0.071243 0.071244
0 0.057165 0.394138 0.106864 0.102006
0 0.631970 0.264606 0.100387 0.095531
0 0.766362 0.315609 0.123055 0.116581
0 0.812506 0.375519 0.111724 0.103628
0 0.786600 0.208744 0.114962 0.097150
0 0.174552 0.772216 0.098770 0.110103
0 0.257939 0.756834 0.093911 0.111722
0 0.422284 0.762500 0.089056 0.100388
0 0.122739 0.621631 0.098770 0.090675
0 0.032630 0.527719 0.065260 0.093912
0 0.578536 0.846697 0.077719 0.084197
0 0.811698 0.879081 0.090672 0.103628
0 0.815745 0.962209 0.069626 0.075582
0 0.210986 0.935750 0.084196 0.080959
0 0.310881 0.975389 0.069948 0.049222
0 0.472798 0.907383 0.062176 0.066062
0 0.487047 0.801813 0.051813 0.051813
0 0.859456 0.277850 0.053109 0.073834