0 0.077464 0.976205 0.096355 0.047590
0 0.023772 0.972148 0.047544 0.055703
0 0.711391 0.986348 0.076069 0.027304
0 0.021743 0.790631 0.043485 0.086213
0 0.045337 0.897638 0.090674 0.103456
0 0.137812 0.789619 0.083171 0.094328
0 0.087099 0.736369 0.097370 0.093313
0 0.073911 0.672469 0.095344 0.107512
0 0.047099 0.635953 0.094198 0.085200
0 0.063835 0.554033 0.087356 0.083644
0 0.043043 0.517495 0.086086 0.086804
0 0.141349 0.517487 0.108495 0.099741
0 0.167225 0.700869 0.109543 0.105484
0 0.261733 0.782265 0.095704 0.082664
0 0.278825 0.851997 0.062832 0.085200
0 0.253315 0.917746 0.078862 0.079016
0 0.430699 0.828737 0.076425 0.066801
0 0.437824 0.883947 0.072539 0.063900
0 0.609452 0.850475 0.085202 0.078100
0 0.653258 0.896933 0.079494 0.086612
0 0.595009 0.950261 0.066458 0.060618
0 0.541596 0.939225 0.072830 0.064913
0 0.462888 0.690219 0.084186 0.069984
0 0.477774 0.622262 0.093674 0.086213
0 0.356858 0.641738 0.079030 0.073631
0 0.286403 0.627841 0.088242 0.066944
0 0.265107 0.664863 0.090273 0.084184
0 0.402032 0.516839 0.082156 0.080311
0 0.464378 0.575571 0.063472 0.057877
0 0.219545 0.347994 0.066091 0.063079
0 0.219460 0.277406 0.080130 0.078100
0 0.165464 0.361259 0.065446 0.075409
0 0.289903 0.263596 0.091178 0.071233
0 0.272711 0.293128 0.103456 0.089256
0 0.163860 0.155942 0.073834 0.073542
0 0.249352 0.210982 0.066062 0.085177
0 0.088083 0.417098 0.072539 0.072539
0 0.175518 0.842617 0.060881 0.076425
0 0.020725 0.849093 0.033679 0.071244
0 0.261010 0.490933 0.058290 0.067358
0 0.358808 0.557642 0.072539 0.053109
0 0.462435 0.733161 0.080311 0.067358
0 0.496114 0.786269 0.075130 0.077720
0 0.451425 0.947539 0.071244 0.055699