0 0.092024 0.566406 0.121876 0.110938
0 0.264683 0.930469 0.079689 0.082812
0 0.217805 0.910937 0.057815 0.075000
0 0.388899 0.973438 0.096876 0.053124
0 0.118888 0.107270 0.105652 0.097959
0 0.580045 0.851563 0.104159 0.090625
0 0.625364 0.643750 0.092696 0.090625
0 0.710774 0.695062 0.096876 0.097377
0 0.668587 0.296094 0.068752 0.067187
0 0.631870 0.319531 0.076563 0.073437
0 0.630305 0.171094 0.082814 0.076562
0 0.672492 0.089844 0.076563 0.073437
0 0.871547 0.039508 0.085922 0.079015
0 0.737471 0.061053 0.075978 0.091018
0 0.842617 0.735104 0.066062 0.084197