0 0.202027 0.265625 0.065626 0.071875
0 0.269213 0.268750 0.078123 0.090625
0 0.080931 0.542969 0.082814 0.073437
0 0.044995 0.596875 0.082814 0.081250
0 0.028356 0.665625 0.056712 0.071875
0 0.022105 0.882031 0.044210 0.089062
0 0.022106 0.798437 0.044212 0.078125
0 0.078586 0.747656 0.068752 0.070313
0 0.099680 0.664063 0.073437 0.078125
0 0.355933 0.552344 0.085939 0.098437
0 0.198117 0.943750 0.089060 0.096875
0 0.400461 0.975000 0.087500 0.050000
0 0.323898 0.972656 0.065626 0.054687
0 0.534058 0.965625 0.082814 0.068750
0 0.654369 0.900000 0.079689 0.087500
0 0.735618 0.916406 0.082814 0.082812
0 0.745775 0.831250 0.090625 0.087500
0 0.537179 0.829687 0.089060 0.096875
0 0.570775 0.864062 0.071877 0.078125
0 0.463742 0.855469 0.076563 0.085938
0 0.784836 0.639375 0.100002 0.093750
0 0.572335 0.507344 0.090625 0.092187
0 0.471558 0.406562 0.082814 0.087500
0 0.644212 0.301094 0.100002 0.095312
0 0.764523 0.415937 0.074998 0.071875
0 0.844992 0.462812 0.089060 0.087500
0 0.972888 0.586250 0.054224 0.075000
0 0.714524 0.101875 0.090625 0.093750
0 0.596554 0.155000 0.092186 0.087500
0 0.828589 0.076875 0.078123 0.084375
0 0.908277 0.062031 0.078123 0.076562
0 0.983161 0.963731 0.033678 0.072538
0 0.389896 0.681995 0.049223 0.076425
0 0.443005 0.544041 0.064767 0.064767