0 0.318653 0.991580 0.062176 0.016839
0 0.418913 0.954765 0.096894 0.090470
0 0.481219 0.979020 0.098752 0.041959
0 0.523847 0.935950 0.097383 0.108281
0 0.274908 0.882675 0.099038 0.102219
0 0.089243 0.751438 0.073630 0.066700
0 0.270720 0.725450 0.084891 0.082294
0 0.281549 0.805147 0.099617 0.077097
0 0.334894 0.796050 0.060782 0.072766
0 0.348953 0.884177 0.055980 0.061100
0 0.714378 0.753822 0.104922 0.098318
0 0.781736 0.569917 0.063472 0.046694
0 0.670260 0.615529 0.061035 0.061687
0 0.928109 0.429194 0.063472 0.073631
0 0.332523 0.588602 0.052571 0.068396
0 0.493523 0.516192 0.056995 0.063472
0 0.088374 0.454747 0.051108 0.036381
0 0.639335 0.348706 0.068481 0.061656
0 0.754019 0.356580 0.041716 0.052539
0 0.491580 0.339186 0.066062 0.070334
0 0.055023 0.290159 0.065833 0.062369
0 0.100389 0.268152 0.055699 0.064802
0 0.904007 0.126295 0.052090 0.053109
0 0.873631 0.054541 0.069302 0.057172
0 0.483818 0.119075 0.083162 0.084025
0 0.430699 0.223446 0.037565 0.032383
0 0.058054 0.049775 0.080563 0.075363
0 0.261010 0.016192 0.047927 0.032383
0 0.308837 0.164987 0.072765 0.063237
0 0.200986 0.084859 0.077094 0.064103
0 0.575777 0.113342 0.053109 0.047927
0 0.443653 0.206606 0.040155 0.042746
0 0.450777 0.257772 0.069948 0.044041
0 0.934585 0.500000 0.027202 0.038860
0 0.929404 0.759067 0.053109 0.044041