0 0.112181 0.940156 0.064061 0.070312
0 0.077673 0.558507 0.070043 0.069514
0 0.343430 0.510469 0.076563 0.082812
0 0.399680 0.508125 0.051564 0.056250
0 0.283712 0.173575 0.080378 0.082902
0 0.242648 0.268009 0.074998 0.067107
0 0.291435 0.295313 0.072571 0.053125
0 0.842945 0.940156 0.090036 0.101562
0 0.937181 0.950313 0.101562 0.090625
0 0.726684 0.734070 0.082902 0.086264
0 0.978356 0.624531 0.043288 0.082812
0 0.623898 0.490938 0.068752 0.078125
0 0.597338 0.461250 0.062501 0.071875
0 0.638745 0.392728 0.085940 0.080793
0 0.515334 0.452322 0.070369 0.067856
0 0.494211 0.497188 0.071877 0.065625
0 0.598899 0.180000 0.059375 0.062500
0 0.652023 0.162031 0.065626 0.060938
0 0.944993 0.339210 0.076563 0.072203
0 0.987731 0.451094 0.024537 0.064062
0 0.975232 0.508125 0.049536 0.068750
0 0.927456 0.503313 0.064757 0.068503