0 0.895820 0.041706 0.099358 0.083412
0 0.768863 0.152103 0.078504 0.073600
0 0.620437 0.222637 0.085864 0.087091
0 0.877419 0.155784 0.082184 0.090772
0 0.939981 0.216503 0.106718 0.114078
0 0.970297 0.286422 0.059406 0.096906
0 0.988083 0.555056 0.023834 0.091997
0 0.873739 0.450791 0.065010 0.072372
0 0.801369 0.453244 0.069917 0.069919
0 0.956190 0.916303 0.087620 0.112850
0 0.898273 0.875212 0.121439 0.116531
0 0.835716 0.747641 0.099358 0.094453
0 0.698330 0.776466 0.082184 0.085866
0 0.630251 0.770947 0.051521 0.067466
0 0.676866 0.912625 0.066237 0.068691
0 0.568305 0.964898 0.099358 0.070203
0 0.505748 0.820013 0.099358 0.094453
0 0.403937 0.759294 0.099358 0.107944
0 0.930778 0.383325 0.083411 0.074825
0 0.981950 0.082184 0.036100 0.068691
0 0.392896 0.979004 0.045388 0.041992
0 0.239563 0.963673 0.091998 0.072654