0 0.988874 0.217934 0.022252 0.102756
0 0.973593 0.215341 0.051897 0.093413
0 0.990948 0.379853 0.018104 0.063312
0 0.868764 0.338334 0.068503 0.081997
0 0.983682 0.668397 0.032636 0.081997
0 0.979532 0.743647 0.040936 0.070578
0 0.812712 0.742091 0.064352 0.055009
0 0.764969 0.832391 0.083035 0.084072
0 0.037891 0.923209 0.075782 0.105869
0 0.199296 0.567197 0.097567 0.114172
0 0.253788 0.649713 0.077846 0.057087
0 0.276625 0.725481 0.088224 0.065391
0 0.337340 0.732228 0.037365 0.039441
0 0.449957 0.485722 0.073691 0.073694
0 0.413113 0.606641 0.058125 0.053972
0 0.303608 0.457178 0.038404 0.043594
0 0.033748 0.335741 0.065391 0.039441
0 0.160376 0.151506 0.075769 0.077844
0 0.343567 0.173303 0.068503 0.055009
0 0.306724 0.132825 0.079919 0.077844
0 0.216423 0.324841 0.050859 0.040478
0 0.011944 0.236097 0.023888 0.053972