0 0.132380 0.035809 0.116250 0.071616
0 0.285478 0.068503 0.115211 0.120400
0 0.222164 0.106906 0.106906 0.083034
0 0.208149 0.196688 0.122477 0.108981
0 0.127713 0.252738 0.106906 0.102756
0 0.167673 0.373656 0.120400 0.085109
0 0.303639 0.480044 0.103795 0.096528
0 0.303639 0.573456 0.112095 0.104831
0 0.094498 0.616531 0.059164 0.085109
0 0.031185 0.618606 0.061236 0.087187
0 0.189466 0.706312 0.114172 0.096528
0 0.188949 0.761841 0.104829 0.064353
0 0.335815 0.691781 0.087185 0.102756
0 0.342564 0.637291 0.065391 0.053972
0 0.413144 0.757169 0.088224 0.088225
0 0.485797 0.309822 0.100679 0.059163
0 0.395496 0.269344 0.075769 0.094453
0 0.400167 0.092894 0.078885 0.077844
0 0.417811 0.173334 0.087185 0.083034
0 0.498252 0.176447 0.086146 0.091338
0 0.647716 0.056569 0.090301 0.079922
0 0.622285 0.014531 0.091340 0.029062
0 0.533544 0.009341 0.073691 0.018681
0 0.798215 0.056569 0.067464 0.073694
0 0.828314 0.079922 0.063314 0.085109
0 0.972021 0.207066 0.055958 0.069541
0 0.770189 0.275050 0.067464 0.066428
0 0.809631 0.322278 0.069541 0.079922
0 0.730230 0.403756 0.045670 0.064353
0 0.804960 0.455650 0.091340 0.083034
0 0.784200 0.525712 0.070580 0.067466
0 0.721925 0.475372 0.085112 0.080959
0 0.582325 0.317087 0.088224 0.108981
0 0.329588 0.265709 0.043593 0.045669
0 0.260046 0.862000 0.091340 0.090300
0 0.412622 0.909228 0.085112 0.080959
0 0.347231 0.967350 0.056047 0.062275
0 0.283918 0.977447 0.039442 0.045106
0 0.039724 0.967069 0.079448 0.065862