0 0.577658 0.139466 0.098320 0.083159
0 0.721239 0.210931 0.060639 0.066700
0 0.726004 0.246447 0.078828 0.052841
0 0.618158 0.198372 0.077964 0.069300
0 0.530668 0.184512 0.098752 0.081428
0 0.540627 0.331341 0.096153 0.078828
0 0.565748 0.409738 0.096153 0.081428
0 0.583505 0.492031 0.091824 0.081428
0 0.638514 0.465609 0.066702 0.075363
0 0.358713 0.077048 0.103085 0.091920
0 0.278174 0.088066 0.082255 0.080277
0 0.247836 0.161122 0.106549 0.098753
0 0.325362 0.217862 0.093554 0.097887
0 0.274254 0.276334 0.093554 0.084894
0 0.318002 0.357328 0.075365 0.084025
0 0.225405 0.330550 0.069982 0.077243
0 0.209719 0.446984 0.099617 0.109147
0 0.462663 0.566094 0.084027 0.073631
0 0.451402 0.458681 0.077094 0.071900
0 0.471325 0.378984 0.082292 0.071900
0 0.165317 0.530116 0.100064 0.090028
0 0.128343 0.586884 0.101246 0.094422
0 0.188498 0.697766 0.105684 0.082294
0 0.335759 0.777459 0.119544 0.113478
0 0.540758 0.814801 0.084288 0.080379
0 0.770078 0.915155 0.071244 0.073834
0 0.914846 0.972973 0.085761 0.054054
0 0.174223 0.257804 0.073834 0.080374
0 0.498705 0.236399 0.082902 0.060881
0 0.477332 0.177461 0.042746 0.051813
0 0.330311 0.582902 0.069948 0.072539
0 0.803756 0.856218 0.060881 0.049223
0 0.639249 0.082254 0.071244 0.081606