0 0.637181 0.783030 0.107414 0.110102
0 0.738569 0.805945 0.105763 0.104117
0 0.793394 0.912565 0.073834 0.071244
0 0.537565 0.611399 0.103627 0.095855
0 0.572539 0.492876 0.108808 0.112694
0 0.479922 0.503886 0.089378 0.090674
0 0.967617 0.455311 0.064766 0.086788
0 0.960492 0.406736 0.079016 0.049223
0 0.034326 0.186230 0.068652 0.087486
0 0.728195 0.692194 0.100605 0.083869
0 0.054404 0.569587 0.085492 0.074407
0 0.227979 0.908730 0.075130 0.073732
0 0.180699 0.429404 0.076425 0.084197
0 0.116580 0.469560 0.067358 0.073834
0 0.108161 0.768782 0.063472 0.066062
0 0.459197 0.404145 0.084197 0.103627
0 0.461140 0.609456 0.072539 0.084197