0 0.256368 0.762266 0.119387 0.112615
0 0.127806 0.642725 0.104815 0.107416
0 0.447684 0.620407 0.102622 0.093145
0 0.364728 0.137141 0.086626 0.092936
0 0.301283 0.148959 0.081841 0.095287
0 0.448755 0.135534 0.083162 0.075363
0 0.480804 0.219994 0.086626 0.076231
0 0.636731 0.985104 0.088355 0.029792
0 0.951425 0.981218 0.097150 0.037564
0 0.837435 0.715674 0.099741 0.104922
0 0.638601 0.569160 0.077720 0.091687
0 0.889069 0.223459 0.087147 0.083159
0 0.841635 0.193005 0.087415 0.088083
0 0.566458 0.272021 0.089881 0.095855
0 0.521520 0.264606 0.102216 0.104816
0 0.614209 0.712891 0.091824 0.079694
0 0.515885 0.138566 0.094423 0.086625
0 0.566128 0.080959 0.090954 0.082294
0 0.922280 0.744171 0.067358 0.079016
0 0.618523 0.876943 0.081606 0.062176
0 0.175518 0.832254 0.071244 0.073834
0 0.320596 0.808938 0.079016 0.091969
0 0.047280 0.738990 0.094560 0.094560
0 0.477979 0.573187 0.082902 0.068653
0 0.611399 0.248705 0.031088 0.069948
0 0.930052 0.311528 0.075130 0.081606
0 0.479922 0.968912 0.040155 0.062176
0 0.283679 0.917746 0.095855 0.102332
0 0.544041 0.796632 0.067358 0.046632
0 0.724093 0.767487 0.072539 0.089378
0 0.489637 0.691062 0.049223 0.037565