0 0.446293 0.893628 0.092374 0.081997
0 0.358591 0.961084 0.099640 0.077831
0 0.145813 0.830313 0.068503 0.084072
0 0.201343 0.508037 0.030099 0.053972
0 0.218470 0.382966 0.083035 0.092375
0 0.047211 0.090269 0.056047 0.063312
0 0.226253 0.039928 0.052936 0.060200
0 0.278667 0.014256 0.062275 0.028512
0 0.557871 0.018927 0.066430 0.037853
0 0.513240 0.015295 0.087185 0.030589
0 0.824619 0.017888 0.099640 0.035776
0 0.763900 0.209631 0.077846 0.079922
0 0.824102 0.257375 0.042554 0.073694
0 0.758194 0.374663 0.095490 0.086147
0 0.965763 0.579134 0.068474 0.063312
0 0.933603 0.628437 0.078885 0.066428
0 0.952286 0.821491 0.091340 0.064353