0 0.006631 0.243394 0.013262 0.063312
0 0.033620 0.196687 0.067239 0.088225
0 0.062567 0.262597 0.069541 0.070578
0 0.221371 0.475372 0.065391 0.062275
0 0.256142 0.521041 0.066430 0.068503
0 0.174141 0.499244 0.068503 0.062275
0 0.141969 0.536609 0.056048 0.056047
0 0.341249 0.530900 0.070580 0.077844
0 0.384325 0.556850 0.052936 0.073694
0 0.312189 0.583834 0.070580 0.063312
0 0.351627 0.082516 0.062275 0.069541
0 0.422207 0.090819 0.076807 0.069541
0 0.478254 0.565672 0.080958 0.062275
0 0.469954 0.751462 0.105868 0.091337
0 0.559733 0.726550 0.071619 0.091337
0 0.563884 0.794016 0.067464 0.064353
0 0.470471 0.908709 0.100679 0.088225
0 0.348516 0.914934 0.095490 0.075769
0 0.337099 0.786750 0.037365 0.047744
0 0.355782 0.702678 0.056047 0.060200
0 0.663528 0.509106 0.084074 0.081997
0 0.687917 0.443716 0.099640 0.111059
0 0.750196 0.477447 0.072657 0.070578
0 0.801055 0.444234 0.099640 0.095491
0 0.856581 0.257925 0.104829 0.117288
0 0.936504 0.256369 0.092374 0.105869
0 0.932871 0.372097 0.097567 0.092375
0 0.970587 0.175928 0.058826 0.115209
0 0.939616 0.064353 0.071619 0.058125
0 0.985637 0.069022 0.028725 0.042556
0 0.991344 0.285431 0.017311 0.091338
0 0.988232 0.904556 0.023536 0.067466
0 0.901212 0.894178 0.079919 0.081997
0 0.817143 0.874456 0.096529 0.094453
0 0.702971 0.930503 0.088224 0.094453
0 0.742408 0.981080 0.088224 0.037839