0 0.654367 0.025000 0.079688 0.050000
0 0.691051 0.048437 0.068676 0.068750
0 0.624682 0.110937 0.085940 0.084375
0 0.212962 0.152344 0.112499 0.092188
0 0.640304 0.203906 0.057815 0.045312
0 0.691585 0.199219 0.057244 0.064062
0 0.797336 0.109375 0.081249 0.075000
0 0.877805 0.186719 0.079688 0.073438
0 0.939525 0.249219 0.071877 0.073438
0 0.462269 0.615625 0.129867 0.109375
0 0.198899 0.639063 0.084374 0.087500
0 0.282494 0.643750 0.085940 0.100000
0 0.719993 0.911269 0.117190 0.097150
0 0.775462 0.961875 0.125001 0.076250
0 0.888742 0.974375 0.089060 0.051250
0 0.840308 0.595625 0.082814 0.081250
0 0.750463 0.497969 0.074998 0.089062
0 0.837963 0.490156 0.078123 0.082812