0 0.198120 0.189062 0.082814 0.084375
0 0.254550 0.226563 0.073802 0.087500
0 0.378586 0.273611 0.093751 0.080901
0 0.199681 0.970312 0.073437 0.059375
0 0.630099 0.985313 0.081770 0.029374
0 0.796242 0.849531 0.076563 0.085937
0 0.878238 0.607070 0.080311 0.076016
0 0.971502 0.627925 0.056994 0.082275
0 0.541559 0.248750 0.073438 0.081250
0 0.542339 0.165324 0.078123 0.079352
0 0.600397 0.191384 0.050501 0.045981
0 0.575930 0.290937 0.070312 0.065625
0 0.473587 0.254534 0.093751 0.040155
0 0.049223 0.112694 0.046632 0.075130
0 0.371114 0.086788 0.068653 0.067358