0 0.327999 0.854922 0.053847 0.093264
0 0.849463 0.732813 0.145633 0.131669
0 0.956606 0.623234 0.086788 0.127337
0 0.800518 0.585015 0.090674 0.094218
0 0.572746 0.566007 0.077305 0.070058
0 0.838731 0.441710 0.117876 0.103627
0 0.444084 0.247072 0.088515 0.073213
0 0.637181 0.019041 0.107414 0.038081
0 0.737921 0.024611 0.104468 0.049222
0 0.795984 0.115933 0.073834 0.068653
0 0.227332 0.106081 0.073834 0.068434
0 0.169041 0.224093 0.076425 0.069948
0 0.521373 0.256477 0.068653 0.054404
0 0.872409 0.367876 0.073834 0.098446
0 0.389249 0.795337 0.068653 0.056995
0 0.271373 0.836788 0.063472 0.051813
0 0.478627 0.782383 0.045337 0.038860
0 0.399611 0.475389 0.086788 0.072539
0 0.347150 0.360104 0.046632 0.088083
0 0.946891 0.809585 0.106218 0.085492