0 0.234837 0.139844 0.068752 0.079687
0 0.207492 0.176563 0.079688 0.084375
0 0.270773 0.221875 0.084374 0.078125
0 0.277804 0.151562 0.054689 0.046875
0 0.197335 0.364063 0.081249 0.078125
0 0.271558 0.357031 0.076563 0.082813
0 0.334839 0.364844 0.056250 0.070313
0 0.368429 0.300000 0.073437 0.068750
0 0.229371 0.425000 0.076563 0.062500
0 0.109055 0.310156 0.082814 0.079687
0 0.186398 0.643750 0.084374 0.087500
0 0.278589 0.656250 0.093751 0.090625
0 0.264526 0.539062 0.071877 0.065625
0 0.131714 0.744531 0.087500 0.073438
0 0.262181 0.825000 0.085940 0.075000
0 0.122337 0.849219 0.087500 0.079687
0 0.520775 0.221875 0.090625 0.081250
0 0.688744 0.210938 0.076563 0.084375
0 0.707492 0.293750 0.076563 0.087500
0 0.639525 0.264062 0.084374 0.078125
0 0.599683 0.322656 0.076563 0.089062
0 0.547340 0.368750 0.065626 0.075000
0 0.474682 0.376563 0.082814 0.078125
0 0.368429 0.457813 0.085939 0.084375
0 0.487180 0.548437 0.089060 0.075000
0 0.504368 0.753906 0.092186 0.089063
0 0.448898 0.625000 0.065626 0.075000
0 0.858273 0.199219 0.084374 0.092187
0 0.915307 0.482812 0.079689 0.075000
0 0.942652 0.535938 0.065626 0.062500
0 0.981481 0.573438 0.037037 0.078125
0 0.916087 0.621875 0.087500 0.068750
0 0.881712 0.569531 0.074998 0.073438
0 0.948898 0.670312 0.081249 0.078125