0 0.112630 0.903050 0.104815 0.109147
0 0.386363 0.837647 0.110013 0.097887
0 0.659236 0.850641 0.085761 0.082294
0 0.261485 0.458015 0.077374 0.074061
0 0.468660 0.476178 0.071901 0.074118
0 0.426215 0.357744 0.071901 0.077097
0 0.660965 0.402791 0.087491 0.085759
0 0.823554 0.878363 0.073098 0.087491
0 0.920842 0.768347 0.101351 0.094422
0 0.816841 0.242961 0.089116 0.086616
0 0.893554 0.031394 0.116076 0.062788
0 0.930699 0.645078 0.099741 0.082902
0 0.919041 0.818005 0.060881 0.027202
0 0.240933 0.542746 0.064767 0.072539
0 0.544689 0.454016 0.058290 0.032383
0 0.156088 0.651554 0.063472 0.069948
0 0.613342 0.470207 0.050518 0.038860
0 0.209197 0.664508 0.045337 0.067358
0 0.970207 0.851036 0.059585 0.064767