0 0.981970 0.014287 0.036060 0.028574
0 0.991494 0.115484 0.017012 0.088103
0 0.880599 0.019644 0.078579 0.039287
0 0.707371 0.018453 0.041670 0.036906
0 0.890718 0.171441 0.086912 0.073816
0 0.909767 0.211922 0.084529 0.088103
0 0.422231 0.527422 0.088102 0.083341
0 0.331150 0.504800 0.077385 0.090484
0 0.958158 0.788156 0.083683 0.085722
0 0.680581 0.642309 0.109534 0.060719
0 0.853217 0.511944 0.066669 0.078578
0 0.737136 0.473250 0.046431 0.058338
0 0.598434 0.616712 0.061908 0.059528
0 0.030148 0.330978 0.060296 0.078578
0 0.006932 0.362528 0.013864 0.082150
0 0.056727 0.940547 0.097628 0.092866
0 0.022411 0.979798 0.044821 0.040403
0 0.231143 0.899472 0.053575 0.077388
0 0.862147 0.039884 0.051192 0.044050
0 0.653497 0.321244 0.060881 0.075130
0 0.834197 0.969560 0.085492 0.060880