0 0.554849 0.967550 0.103950 0.064900
0 0.670929 0.969716 0.077964 0.060568
0 0.280251 0.841616 0.112612 0.095149
0 0.053780 0.717924 0.089330 0.080925
0 0.468228 0.697174 0.103950 0.091239
0 0.688621 0.687219 0.083897 0.081693
0 0.628916 0.671328 0.080563 0.085759
0 0.389832 0.563913 0.110013 0.099619
0 0.459566 0.534025 0.103950 0.103950
0 0.523435 0.498754 0.072302 0.090576
0 0.590670 0.474753 0.085499 0.089353
0 0.703264 0.448741 0.113781 0.104736
0 0.793483 0.422927 0.094382 0.086788
0 0.599111 0.247085 0.076389 0.065415
0 0.599461 0.151578 0.089225 0.078828
0 0.524966 0.142916 0.089225 0.070166
0 0.789381 0.200087 0.084450 0.082294
0 0.701682 0.102542 0.089225 0.078141
0 0.757772 0.065342 0.077720 0.065918
0 0.019716 0.037889 0.039432 0.075778
0 0.471692 0.926872 0.116076 0.110013
0 0.575130 0.310881 0.056995 0.064767
0 0.491580 0.418394 0.094560 0.088083
0 0.216321 0.582254 0.056995 0.055699
0 0.254534 0.531736 0.058290 0.063472
0 0.086140 0.319301 0.068653 0.040155
0 0.200130 0.220855 0.047927 0.040155
0 0.261658 0.258420 0.088083 0.063472
0 0.664508 0.115933 0.059585 0.066062
0 0.722798 0.024611 0.075130 0.049222
0 0.852332 0.218912 0.056995 0.059585
0 0.084845 0.521373 0.071244 0.084197