0 0.131304 0.014607 0.101811 0.029214
0 0.062613 0.022579 0.079731 0.045158
0 0.337380 0.993611 0.099358 0.012778
0 0.172396 0.965398 0.110398 0.069203
0 0.197546 0.748025 0.074824 0.066238
0 0.185890 0.796478 0.076051 0.047841
0 0.142960 0.804450 0.083411 0.073600
0 0.279730 0.785438 0.094451 0.094453
0 0.051850 0.456084 0.103700 0.090772
0 0.178529 0.443819 0.090771 0.088319
0 0.241091 0.532750 0.107945 0.091997
0 0.214715 0.645600 0.094451 0.084638
0 0.396873 0.641306 0.093224 0.090772
0 0.125170 0.145131 0.106718 0.087091
0 0.379699 0.337713 0.071144 0.067466
0 0.384606 0.443819 0.083411 0.078506
0 0.291381 0.136544 0.098131 0.089544
0 0.663668 0.063559 0.079731 0.071147
0 0.566764 0.618000 0.082184 0.078506
0 0.681453 0.535816 0.083411 0.083413
0 0.726230 0.818556 0.077277 0.072372
0 0.739108 0.904422 0.068690 0.079731
0 0.872198 0.900128 0.067464 0.068691
0 0.769775 0.395366 0.080957 0.089544
0 0.886918 0.523550 0.099358 0.085866
0 0.982406 0.426644 0.035188 0.095678
0 0.330020 0.849225 0.079731 0.067466
0 0.123944 0.257369 0.060104 0.049066
0 0.753828 0.186834 0.061330 0.062559