0 0.039996 0.973594 0.067186 0.052812
0 0.061089 0.699531 0.081249 0.085938
0 0.197027 0.608125 0.071877 0.068750
0 0.257963 0.587031 0.062501 0.067188
0 0.201713 0.646406 0.068752 0.051563
0 0.016481 0.508125 0.032962 0.093750
0 0.065775 0.377344 0.100002 0.092188
0 0.242335 0.434375 0.065626 0.071875
0 0.266554 0.376563 0.079689 0.078125
0 0.293119 0.446875 0.067186 0.084375
0 0.326714 0.450781 0.049999 0.073438
0 0.211870 0.492969 0.048438 0.070313
0 0.183745 0.464062 0.070312 0.078125
0 0.042263 0.238281 0.084526 0.076562
0 0.116559 0.311719 0.073437 0.067188
0 0.243120 0.215625 0.082814 0.081250
0 0.154055 0.027344 0.092186 0.054688
0 0.149744 0.072656 0.055434 0.054688
0 0.469679 0.094531 0.092186 0.085937
0 0.443899 0.048263 0.071877 0.062848
0 0.079057 0.053125 0.079689 0.081250
0 0.261920 0.987656 0.079787 0.024688