0 0.515544 0.948187 0.080311 0.075130
0 0.318005 0.836788 0.086788 0.080311
0 0.261152 0.735442 0.070960 0.074510
0 0.276190 0.666250 0.080878 0.076023
0 0.348056 0.591969 0.099226 0.090674
0 0.250796 0.549145 0.095288 0.088239
0 0.258420 0.460422 0.099741 0.099600
0 0.421144 0.380719 0.092945 0.085759
0 0.507205 0.239084 0.090090 0.093556
0 0.521502 0.174116 0.113477 0.084894
0 0.581162 0.231299 0.078608 0.081444
0 0.580407 0.139034 0.087491 0.075363
0 0.643131 0.137596 0.086781 0.099026
0 0.722470 0.115750 0.085761 0.089013
0 0.988342 0.129100 0.023316 0.084625
0 0.971708 0.324569 0.056583 0.107512
0 0.918582 0.371114 0.090297 0.060881
0 0.855631 0.434550 0.084075 0.073906
0 0.799973 0.407062 0.076220 0.061524
0 0.768842 0.466321 0.089498 0.069948
0 0.854671 0.609465 0.110558 0.097133
0 0.919432 0.590674 0.057509 0.062176
0 0.463731 0.802461 0.080311 0.063472
0 0.659974 0.207254 0.037565 0.059585
0 0.481865 0.922280 0.056995 0.056995