0 0.026482 0.120312 0.052964 0.078125
0 0.091243 0.054687 0.085939 0.078125
0 0.394370 0.987656 0.067186 0.024688
0 0.379527 0.904219 0.078123 0.067188
0 0.469368 0.897188 0.057815 0.065625
0 0.184214 0.790937 0.074998 0.065625
0 0.152183 0.871406 0.064061 0.054688
0 0.105306 0.899531 0.067186 0.054688
0 0.258432 0.726094 0.070312 0.064062
0 0.134803 0.727979 0.038685 0.038860
0 0.502183 0.621246 0.070312 0.060617
0 0.535774 0.572969 0.059375 0.073438
0 0.118588 0.177656 0.093751 0.076562
0 0.403389 0.067500 0.071027 0.068750
0 0.813276 0.975156 0.062501 0.049688
0 0.882023 0.974375 0.065626 0.051250
0 0.986324 0.893281 0.027352 0.092188
0 0.652339 0.080000 0.087500 0.075000
0 0.644527 0.029062 0.071877 0.058124
0 0.846867 0.715830 0.073437 0.068965