0 0.721503 0.899553 0.085492 0.081490
0 0.500095 0.834181 0.077529 0.084025
0 0.987942 0.723857 0.024116 0.073011
0 0.551420 0.601159 0.077964 0.080563
0 0.651664 0.653367 0.082682 0.074094
0 0.483781 0.656078 0.076370 0.076406
0 0.460466 0.711175 0.076229 0.059772
0 0.814767 0.560013 0.064767 0.077962
0 0.963688 0.427044 0.072624 0.078828
0 0.948598 0.297541 0.097887 0.084894
0 0.961521 0.226506 0.076958 0.088356
0 0.800036 0.316597 0.084891 0.091822
0 0.561281 0.273151 0.087283 0.085161
0 0.438028 0.090868 0.090264 0.080701
0 0.509180 0.036917 0.074905 0.073834
0 0.727271 0.096569 0.093553 0.090091
0 0.774811 0.022298 0.062576 0.044595
0 0.522021 0.078368 0.051813 0.032383