0 0.225152 0.283594 0.074998 0.073438
0 0.282182 0.228906 0.089060 0.092188
0 0.339992 0.151562 0.089060 0.081250
0 0.143899 0.523438 0.090625 0.084375
0 0.077876 0.671094 0.092953 0.085938
0 0.109523 0.925000 0.106248 0.109375
0 0.411089 0.541406 0.093751 0.098438
0 0.540776 0.614844 0.090625 0.092188
0 0.692337 0.775781 0.081249 0.089062
0 0.575419 0.934375 0.084913 0.075000
0 0.661086 0.396406 0.093751 0.095312
0 0.822987 0.238561 0.097549 0.108371
0 0.943005 0.194394 0.069948 0.083088
0 0.974741 0.661269 0.050518 0.050518
0 0.398964 0.115933 0.088083 0.079016
0 0.575130 0.852332 0.090674 0.093264
0 0.404145 0.246114 0.062176 0.082902