0 0.010718 0.522116 0.021436 0.074044
0 0.016804 0.450609 0.033607 0.056800
0 0.102074 0.981918 0.086212 0.036164
0 0.319130 0.934422 0.098385 0.089256
0 0.401286 0.888272 0.110558 0.092300
0 0.080266 0.847194 0.101426 0.083172
0 0.161407 0.745766 0.095344 0.091284
0 0.692358 0.974741 0.071244 0.050518
0 0.598572 0.700890 0.083154 0.082676
0 0.821828 0.771723 0.089504 0.090079
0 0.459354 0.899934 0.050204 0.071000
0 0.972725 0.598692 0.054550 0.073032
0 0.981346 0.495238 0.037308 0.071000
0 0.972725 0.546966 0.054550 0.071000
0 0.683448 0.683811 0.068338 0.067103
0 0.195896 0.651438 0.075059 0.058828
0 0.068814 0.522622 0.082578 0.073028
0 0.658409 0.343700 0.099400 0.094135
0 0.734456 0.315874 0.088083 0.093641
0 0.783161 0.240144 0.083171 0.084184
0 0.756476 0.205507 0.077719 0.056092
0 0.887632 0.277166 0.097370 0.087228
0 0.831340 0.212253 0.074044 0.081144
0 0.887604 0.187452 0.048626 0.053661
0 0.987047 0.294470 0.025906 0.069091
0 0.992502 0.227975 0.014995 0.092300
0 0.568772 0.436916 0.096093 0.086213
0 0.576425 0.835492 0.033679 0.069948
0 0.532383 0.832254 0.072539 0.076425
0 0.485104 0.433938 0.040155 0.064767
0 0.860104 0.549223 0.056995 0.036269
0 0.395725 0.586788 0.045337 0.059585
0 0.589378 0.648964 0.062176 0.056995