0 0.432344 0.023872 0.087185 0.047744
0 0.381485 0.011419 0.024910 0.022834
0 0.246036 0.016606 0.104829 0.033212
0 0.284956 0.065909 0.099640 0.071616
0 0.236175 0.065391 0.045670 0.060200
0 0.371624 0.359644 0.084074 0.081997
0 0.456737 0.390781 0.079919 0.096528
0 0.370586 0.423994 0.081996 0.079922
0 0.348270 0.463956 0.080957 0.078881
0 0.298972 0.462397 0.063314 0.075769
0 0.423522 0.518966 0.081996 0.089262
0 0.333221 0.530381 0.032176 0.062275
0 0.464520 0.658566 0.049820 0.050859
0 0.415738 0.701641 0.060198 0.070578
0 0.365397 0.759766 0.075769 0.072656
0 0.293261 0.772738 0.078885 0.073694
0 0.325954 0.819447 0.071619 0.063312
0 0.234098 0.761322 0.060198 0.075769
0 0.840769 0.923756 0.075769 0.083034
0 0.620729 0.982118 0.086146 0.035764
0 0.642523 0.510663 0.057086 0.056047
0 0.656017 0.446828 0.081996 0.079922
0 0.726597 0.472259 0.075769 0.078881
0 0.718292 0.406350 0.077846 0.069541
0 0.804443 0.358606 0.042554 0.048781
0 0.838692 0.385072 0.077846 0.083034
0 0.385635 0.154131 0.076807 0.079922
0 0.493063 0.132337 0.059164 0.059163
0 0.528350 0.088744 0.084074 0.088225
0 0.627995 0.182156 0.077846 0.088225
0 0.653422 0.257925 0.080958 0.077844
0 0.718292 0.240800 0.077846 0.085109
0 0.766039 0.193056 0.094451 0.076806
0 0.790949 0.127666 0.079919 0.083034
0 0.695459 0.015569 0.090301 0.031138
0 0.838175 0.019203 0.060198 0.038403
0 0.773822 0.046706 0.083035 0.083034
0 0.670027 0.051378 0.064352 0.073694
0 0.911349 0.098603 0.050859 0.058125
0 0.877617 0.079922 0.037365 0.058125
0 0.968435 0.180081 0.057086 0.077844
0 0.911349 0.183713 0.052936 0.070578
0 0.851668 0.198762 0.076807 0.069541
0 0.857374 0.230941 0.069541 0.034253
0 0.817415 0.303594 0.064352 0.050859
0 0.898372 0.289062 0.022833 0.032175
0 0.682487 0.104831 0.070580 0.076806
0 0.624879 0.026469 0.048781 0.052934