0 0.038639 0.056222 0.077277 0.112444
0 0.127502 0.062969 0.118440 0.125934
0 0.197964 0.244375 0.115441 0.116941
0 0.349389 0.341075 0.109444 0.109444
0 0.412355 0.348572 0.070462 0.109444
0 0.053632 0.398797 0.107263 0.110944
0 0.184470 0.458016 0.118440 0.082456
0 0.050633 0.517984 0.101266 0.109444
0 0.462579 0.485750 0.116941 0.107944
0 0.659730 0.550219 0.103447 0.098950
0 0.727945 0.523231 0.065965 0.086956
0 0.287917 0.755613 0.091453 0.092953
0 0.763924 0.913781 0.101948 0.094453
0 0.818646 0.967010 0.085455 0.065980
0 0.642485 0.916031 0.062966 0.086956
0 0.525545 0.969259 0.053970 0.061481
0 0.644737 0.985002 0.052471 0.029996