0 0.028275 0.969907 0.056550 0.060186
0 0.147368 0.988071 0.075769 0.023858
0 0.234036 0.854184 0.064352 0.069541
0 0.016859 0.723406 0.033718 0.061237
0 0.126091 0.558375 0.049820 0.059162
0 0.096510 0.542288 0.042554 0.060200
0 0.011151 0.518416 0.022301 0.068503
0 0.081460 0.412028 0.072657 0.061237
0 0.146334 0.417216 0.046709 0.050859
0 0.187849 0.547478 0.061236 0.072656
0 0.297872 0.590031 0.050859 0.066428
0 0.258429 0.623247 0.063314 0.066428
0 0.403222 0.716659 0.066430 0.062275
0 0.379868 0.730672 0.044631 0.052934
0 0.491963 0.557856 0.071619 0.072656
0 0.273479 0.404244 0.049820 0.051897
0 0.408928 0.386078 0.061236 0.065391
0 0.594719 0.516341 0.077846 0.076806
0 0.686576 0.487797 0.078885 0.077844
0 0.973548 0.578616 0.052903 0.080959
0 0.853679 0.529313 0.087185 0.071616
0 0.759750 0.420850 0.069541 0.060200
0 0.839669 0.322766 0.061236 0.067466
0 0.868212 0.372588 0.064352 0.048781
0 0.754561 0.149431 0.086146 0.071616
0 0.715119 0.199253 0.061236 0.069541
0 0.573959 0.215859 0.061236 0.059162
0 0.409967 0.211706 0.069541 0.059162
0 0.418788 0.106875 0.074730 0.065391
0 0.480025 0.010623 0.085112 0.021246
0 0.194594 0.020483 0.064352 0.040966
0 0.125574 0.026192 0.075769 0.052384
0 0.968374 0.397497 0.057086 0.094453