0 0.040211 0.400122 0.080421 0.067466
0 0.016859 0.570344 0.033718 0.075769
0 0.032426 0.614453 0.064852 0.083034
0 0.220026 0.929984 0.071619 0.070578
0 0.237669 0.891581 0.069541 0.039441
0 0.436432 0.961644 0.080958 0.065391
0 0.560987 0.883797 0.107945 0.088225
0 0.416194 0.838647 0.077846 0.080959
0 0.054994 0.686591 0.067464 0.075769
0 0.111564 0.627947 0.087185 0.093412
0 0.278667 0.555294 0.060198 0.064353
0 0.059145 0.320722 0.096529 0.085109
0 0.113636 0.343034 0.087185 0.073694
0 0.432282 0.321759 0.093413 0.072656
0 0.441104 0.383516 0.046709 0.055009
0 0.419827 0.557887 0.105867 0.073694
0 0.327970 0.576050 0.052936 0.062275
0 0.555793 0.186828 0.089262 0.072656
0 0.534517 0.421919 0.077846 0.046706
0 0.566176 0.404275 0.078885 0.050859
0 0.620668 0.391300 0.059164 0.033213
0 0.668932 0.407906 0.080958 0.058125
0 0.727052 0.435412 0.072657 0.065391
0 0.727574 0.502359 0.096529 0.076806
0 0.660110 0.557369 0.075769 0.091337
0 0.728613 0.584353 0.075769 0.089262
0 0.577075 0.488347 0.063314 0.055009
0 0.856279 0.438525 0.086146 0.084072
0 0.861984 0.383516 0.072657 0.057088
0 0.949676 0.407388 0.100648 0.086147
0 0.936197 0.293734 0.075769 0.078881
0 0.938792 0.847987 0.070580 0.087188
0 0.871328 0.860962 0.066430 0.069541
0 0.870289 0.964237 0.070580 0.062275
0 0.770649 0.945553 0.062275 0.064353
0 0.660622 0.990285 0.077720 0.019430