0 0.022889 0.222188 0.045778 0.081250
0 0.026013 0.283906 0.052026 0.064062
0 0.015856 0.580781 0.031712 0.089062
0 0.251295 0.909341 0.072539 0.072568
0 0.255267 0.966562 0.077891 0.066875
0 0.412025 0.931250 0.100002 0.084375
0 0.465633 0.830748 0.079096 0.076004
0 0.547963 0.910937 0.071877 0.071875
0 0.648745 0.987500 0.079689 0.025000
0 0.685462 0.682031 0.100002 0.101563
0 0.597182 0.778125 0.073438 0.068750
0 0.831691 0.623393 0.085662 0.087411
0 0.862807 0.753125 0.089060 0.078125
0 0.910460 0.529793 0.087500 0.054404
0 0.971638 0.532987 0.056724 0.099652
0 0.864624 0.385091 0.058318 0.079558
0 0.535252 0.278125 0.074574 0.081250
0 0.461244 0.303125 0.089060 0.081250
0 0.616710 0.378906 0.074998 0.070312
0 0.537807 0.357031 0.070312 0.073437
0 0.572670 0.483687 0.061915 0.061124
0 0.630166 0.059913 0.089408 0.066702
0 0.694869 0.066710 0.068812 0.066062
0 0.610464 0.009375 0.087500 0.018750
0 0.937680 0.054534 0.095566 0.090933
0 0.970207 0.168394 0.059585 0.077720
0 0.980231 0.872969 0.039538 0.076562
0 0.938590 0.915938 0.081249 0.084375