0 0.987047 0.015691 0.025906 0.031382
0 0.985483 0.376494 0.029034 0.055009
0 0.953841 0.735100 0.067464 0.076806
0 0.800748 0.696175 0.074730 0.067466
0 0.878073 0.991581 0.081996 0.016837
0 0.643500 0.972900 0.079919 0.054200
0 0.490924 0.917256 0.063314 0.077844
0 0.381941 0.793741 0.077846 0.079922
0 0.338870 0.902725 0.085112 0.081997
0 0.331604 0.974974 0.083035 0.050052
0 0.237669 0.810869 0.075769 0.080959
0 0.118308 0.706038 0.075769 0.080959
0 0.113636 0.605356 0.074730 0.074731
0 0.114158 0.431503 0.065391 0.077844
0 0.164495 0.312662 0.078885 0.080959