0 0.045506 0.661055 0.091012 0.112265
0 0.241793 0.438281 0.098437 0.089063
0 0.111325 0.415625 0.100002 0.093750
0 0.701171 0.379688 0.107813 0.096875
0 0.762106 0.378906 0.067186 0.076562
0 0.827732 0.378906 0.079689 0.085938
0 0.887888 0.381250 0.090625 0.118750
0 0.955663 0.387500 0.088674 0.096875
0 0.964257 0.304688 0.071486 0.075000
0 0.922263 0.282031 0.096876 0.089062
0 0.982225 0.428125 0.035550 0.081250
0 0.899605 0.506477 0.085940 0.080311
0 0.961133 0.837500 0.077734 0.078125
0 0.974414 0.892187 0.051172 0.065625
0 0.912887 0.840674 0.071877 0.049223
0 0.990933 0.499352 0.018134 0.047927