0 0.293778 0.225231 0.125589 0.116247
0 0.706875 0.281797 0.081996 0.073694
0 0.749429 0.349262 0.113134 0.111059
0 0.734901 0.449425 0.067464 0.080959
0 0.402245 0.675175 0.093413 0.090300
0 0.506035 0.637291 0.101717 0.101716
0 0.545999 0.698009 0.081996 0.071616
0 0.824681 0.215891 0.085112 0.058125
0 0.836097 0.245991 0.093412 0.093412
0 0.833503 0.121438 0.075769 0.076806
0 0.954897 0.182675 0.090206 0.089262
0 0.853741 0.044112 0.105868 0.088224
0 0.979807 0.685034 0.040386 0.101716
0 0.785238 0.760284 0.089262 0.084072
0 0.724519 0.746791 0.059164 0.075769
0 0.661727 0.827231 0.089262 0.080959
0 0.882284 0.863559 0.086146 0.085109
0 0.869312 0.967350 0.062275 0.064353
0 0.908754 0.962916 0.068503 0.074167
0 0.603602 0.821522 0.056048 0.079922
0 0.622285 0.895216 0.078885 0.073694
0 0.643045 0.952300 0.076807 0.069541
0 0.206076 0.915453 0.122477 0.114172
0 0.301566 0.967588 0.101717 0.064823
0 0.576098 0.605112 0.077846 0.083034