0 0.783281 0.945134 0.109872 0.105534
0 0.682085 0.995337 0.078067 0.009326
0 0.505708 0.992446 0.115653 0.015108
0 0.604737 0.858394 0.111319 0.134450
0 0.542575 0.859838 0.053491 0.085297
0 0.956123 0.888031 0.082573 0.101197
0 0.241869 0.975098 0.085296 0.049804
0 0.288131 0.687803 0.079515 0.076622
0 0.514384 0.689247 0.080958 0.093969
0 0.485470 0.658888 0.063610 0.076622
0 0.621366 0.556244 0.121439 0.122884
0 0.968985 0.687078 0.062030 0.080959
0 0.575823 0.353125 0.128667 0.118547
0 0.673409 0.379869 0.080958 0.114209
0 0.803519 0.345175 0.127220 0.128666
0 0.857733 0.178197 0.093972 0.118547
0 0.396560 0.430469 0.088186 0.082403
0 0.259940 0.402278 0.080958 0.072284
0 0.392222 0.326381 0.114210 0.088187
0 0.239702 0.236747 0.078067 0.076622
0 0.225389 0.811528 0.059585 0.047927
0 0.891839 0.447539 0.081606 0.089378
0 0.562392 0.275259 0.098590 0.107225
0 0.557355 0.591897 0.077001 0.065486
0 0.990069 0.911773 0.019862 0.057571