0 0.237694 0.982513 0.073834 0.034974
0 0.644207 0.912315 0.081160 0.075926
0 0.637070 0.962809 0.079840 0.056248
0 0.747653 0.900300 0.082415 0.080229
0 0.800866 0.840263 0.071031 0.067569
0 0.702720 0.956640 0.073834 0.073902
0 0.818790 0.535532 0.082628 0.076605
0 0.033031 0.455005 0.066062 0.086177
0 0.969301 0.400209 0.061398 0.081428
0 0.981860 0.351266 0.036279 0.070166
0 0.938167 0.387216 0.085761 0.084894
0 0.833622 0.148267 0.081752 0.081704
0 0.866703 0.081582 0.090090 0.082852
0 0.907017 0.141839 0.071976 0.060881
0 0.945062 0.095202 0.089151 0.081596
0 0.805052 0.893782 0.047927 0.059585