0 0.045411 0.712500 0.090526 0.112500
0 0.161868 0.963281 0.085940 0.073437
0 0.009715 0.896389 0.019430 0.080278
0 0.529210 0.986399 0.087500 0.027202
0 0.590761 0.921886 0.067532 0.068146
0 0.901997 0.544063 0.120056 0.096875
0 0.651871 0.405781 0.092186 0.085938
0 0.571488 0.514611 0.072049 0.069223
0 0.490931 0.501943 0.098442 0.084197
0 0.698753 0.491368 0.076587 0.066486
0 0.656557 0.187031 0.101562 0.085938
0 0.676085 0.063594 0.096876 0.092188
0 0.848058 0.921460 0.087307 0.104579
0 0.659326 0.856865 0.054404 0.063472
0 0.964378 0.587435 0.055699 0.045337