0 0.024399 0.811663 0.048798 0.078881
0 0.094984 0.830344 0.092374 0.095491
0 0.079935 0.590581 0.097567 0.099641
0 0.020767 0.584353 0.041534 0.093413
0 0.035297 0.411541 0.070594 0.088225
0 0.067480 0.439563 0.047743 0.052934
0 0.346167 0.280241 0.073691 0.072656
0 0.226284 0.482119 0.083035 0.092375
0 0.312430 0.504953 0.095490 0.081997
0 0.277142 0.552178 0.072657 0.066428
0 0.582812 0.435931 0.111056 0.110022
0 0.783652 0.341478 0.080958 0.064353
0 0.350317 0.615494 0.084074 0.107944
0 0.386643 0.643516 0.108984 0.091337
0 0.584889 0.670503 0.084074 0.093412
0 0.686606 0.578647 0.057086 0.057087
0 0.733310 0.629503 0.059164 0.086147
0 0.772236 0.622241 0.043592 0.067466
0 0.962924 0.694375 0.074152 0.105869
0 0.845927 0.719803 0.099640 0.063312
0 0.935711 0.908709 0.092374 0.098603
0 0.739021 0.867709 0.070580 0.074731
0 0.819461 0.892100 0.104829 0.102756
0 0.468639 0.754268 0.071619 0.094029
0 0.495110 0.932063 0.080958 0.097566
0 0.600455 0.969663 0.069541 0.060673
0 0.431274 0.909747 0.121439 0.121437
0 0.375227 0.872900 0.094451 0.097566
0 0.303091 0.885872 0.068503 0.088225
0 0.132124 0.532383 0.051813 0.036269
0 0.353627 0.357513 0.062176 0.046632