0 0.658005 0.677375 0.107414 0.097019
0 0.159043 0.589881 0.083162 0.069300
0 0.230944 0.553500 0.100486 0.076231
0 0.245237 0.620634 0.087490 0.087491
0 0.239174 0.695997 0.080563 0.080562
0 0.790155 0.553500 0.082902 0.083159
0 0.626166 0.462206 0.087047 0.085952
0 0.567046 0.476837 0.088355 0.090956
0 0.155579 0.421828 0.088355 0.072766
0 0.025951 0.737262 0.049134 0.064336
0 0.022668 0.411963 0.045336 0.090765
0 0.077801 0.277900 0.106055 0.086888
0 0.263426 0.258109 0.090954 0.091822
0 0.225389 0.294213 0.072539 0.067014
0 0.358713 0.272834 0.096153 0.088356
0 0.501323 0.195946 0.088139 0.081011
0 0.081833 0.018607 0.072993 0.037214
0 0.692112 0.071173 0.087278 0.067216
0 0.866580 0.983808 0.082902 0.032383
0 0.820596 0.945596 0.040155 0.036269
0 0.755181 0.952073 0.056995 0.085492
0 0.719560 0.445596 0.071244 0.075130
0 0.827720 0.115285 0.077720 0.062176
0 0.170337 0.784974 0.066062 0.054404
0 0.334197 0.332254 0.067358 0.053109