0 0.204159 0.060184 0.136620 0.118066
0 0.162836 0.179934 0.094451 0.097825
0 0.678102 0.094759 0.102883 0.099512
0 0.516187 0.165600 0.113007 0.136619
0 0.904111 0.017443 0.089394 0.034886
0 0.819765 0.183647 0.070166 0.083656
0 0.522917 0.365803 0.083655 0.094453
0 0.649079 0.420450 0.085004 0.074213
0 0.376517 0.699756 0.087707 0.101197
0 0.105980 0.926441 0.116038 0.095800
0 0.983421 0.593793 0.033158 0.045962
0 0.740828 0.235594 0.101200 0.101197
0 0.558506 0.545337 0.049655 0.051813
0 0.476036 0.566062 0.113558 0.097582
0 0.011442 0.079447 0.022884 0.059585
0 0.015760 0.237263 0.031520 0.071244
0 0.351684 0.938687 0.053972 0.057858