0 0.785563 0.026126 0.064550 0.052252
0 0.680537 0.035427 0.103931 0.070853
0 0.847927 0.216906 0.082053 0.082053
0 0.921224 0.437353 0.088619 0.091900
0 0.928335 0.739853 0.083148 0.073300
0 0.904816 0.954987 0.103931 0.090025
0 0.263162 0.103125 0.089709 0.088616
0 0.178374 0.431334 0.099555 0.086428
0 0.542690 0.398516 0.084243 0.079866
0 0.025460 0.733291 0.050920 0.099556
0 0.018894 0.823547 0.037788 0.087522
0 0.107263 0.919275 0.044857 0.060172
0 0.153215 0.913259 0.075487 0.074394
0 0.932710 0.513388 0.072206 0.079866
0 0.211788 0.306347 0.094560 0.091969