0 0.447100 0.034478 0.093102 0.068956
0 0.522662 0.038526 0.087707 0.077052
0 0.530083 0.099316 0.037779 0.044528
0 0.551675 0.151263 0.070166 0.075562
0 0.743947 0.021659 0.103898 0.043317
0 0.200176 0.154637 0.066115 0.066116
0 0.050406 0.182297 0.052621 0.072863
0 0.989702 0.014238 0.020596 0.028476
0 0.932868 0.036269 0.044492 0.044041
0 0.783080 0.097291 0.093102 0.107944
0 0.786454 0.192416 0.086358 0.090403
0 0.922735 0.504106 0.075562 0.079609
0 0.960514 0.784763 0.056673 0.066116
0 0.677833 0.218728 0.103898 0.107944
0 0.716288 0.324650 0.116038 0.117391
0 0.674458 0.408306 0.099847 0.093103
0 0.471390 0.396838 0.076911 0.080959
0 0.405275 0.426522 0.074213 0.072862
0 0.505799 0.466328 0.072864 0.068816
0 0.320943 0.476447 0.072864 0.091753
0 0.208947 0.805003 0.078260 0.087706
0 0.598224 0.930488 0.079609 0.060719
0 0.051078 0.527047 0.083655 0.076909
0 0.150259 0.242876 0.046632 0.068653
0 0.478627 0.744171 0.055699 0.086788
0 0.115933 0.704663 0.076425 0.075130