0 0.036795 0.700781 0.073590 0.107812
0 0.299369 0.638281 0.089060 0.098438
0 0.034450 0.982812 0.068899 0.034375
0 0.183744 0.990781 0.095311 0.018438
0 0.232962 0.893281 0.087500 0.092188
0 0.442183 0.629688 0.085939 0.084375
0 0.563274 0.642969 0.078123 0.085938
0 0.392180 0.689063 0.085940 0.084375
0 0.590618 0.859375 0.085939 0.093750
0 0.443743 0.971875 0.098437 0.056250
0 0.347652 0.964844 0.100002 0.070312
0 0.963200 0.955000 0.073600 0.078125
0 0.934212 0.885029 0.074998 0.052442
0 0.770149 0.979063 0.071877 0.041874
0 0.721916 0.990933 0.037096 0.018134
0 0.805660 0.220625 0.080390 0.081250
0 0.777180 0.151875 0.089060 0.075000
0 0.727182 0.056563 0.089060 0.078125
0 0.131477 0.227332 0.053109 0.066062
0 0.154793 0.327073 0.040155 0.055699
0 0.121762 0.388601 0.062176 0.064767
0 0.449482 0.412565 0.062176 0.066062