0 0.578368 0.952720 0.102332 0.094560
0 0.689162 0.453384 0.087996 0.085200
0 0.630966 0.408247 0.091283 0.096356
0 0.614229 0.478741 0.084186 0.083172
0 0.677559 0.513701 0.074933 0.065862
0 0.481355 0.351679 0.122726 0.110093
0 0.589888 0.326600 0.090273 0.103456
0 0.619808 0.235822 0.105487 0.088244
0 0.388986 0.290303 0.114760 0.109103
0 0.287214 0.126943 0.119872 0.108808
0 0.367228 0.121114 0.091969 0.081606
0 0.426813 0.036917 0.125648 0.073834
0 0.574409 0.041451 0.099886 0.082902
0 0.606112 0.158228 0.100415 0.111572
0 0.569095 0.095344 0.103456 0.095344
0 0.524801 0.045644 0.070328 0.091284
0 0.503238 0.117228 0.071244 0.068653