0 0.011169 0.314063 0.022338 0.071875
0 0.040075 0.971875 0.080150 0.056250
0 0.428589 0.977344 0.093751 0.045312
0 0.218429 0.925000 0.085939 0.096875
0 0.162179 0.864844 0.110939 0.070312
0 0.182493 0.757031 0.082814 0.076563
0 0.230151 0.697745 0.090625 0.063884
0 0.128588 0.615625 0.093751 0.093750
0 0.318431 0.509375 0.101562 0.093750
0 0.167650 0.487500 0.093751 0.087500
0 0.335619 0.250000 0.073437 0.075000
0 0.262181 0.031250 0.085940 0.062500
0 0.122337 0.049219 0.087500 0.079687
0 0.984607 0.265625 0.030786 0.071875
0 0.880931 0.542969 0.082814 0.073437
0 0.844995 0.596875 0.082814 0.081250
0 0.818431 0.665625 0.076563 0.071875
0 0.759836 0.662500 0.068752 0.075000
0 0.592652 0.899219 0.103123 0.089062
0 0.696555 0.892188 0.095311 0.109375
0 0.794992 0.882031 0.098437 0.089062
0 0.796557 0.798437 0.095311 0.078125
0 0.878586 0.747656 0.068752 0.070313
0 0.899680 0.664063 0.073437 0.078125
0 0.976793 0.943750 0.046414 0.096875