0 0.580518 0.981218 0.066944 0.037564
0 0.652202 0.890052 0.055699 0.080623
0 0.628238 0.735104 0.082902 0.094560
0 0.472038 0.740933 0.089155 0.093264
0 0.430699 0.682461 0.066062 0.079949
0 0.648964 0.347798 0.075130 0.081606
0 0.571891 0.330311 0.079016 0.069948
0 0.433938 0.303109 0.082902 0.080311
0 0.353627 0.284974 0.075130 0.080311
0 0.743713 0.259067 0.103247 0.098446
0 0.800518 0.161545 0.103627 0.105473
0 0.017487 0.204278 0.034974 0.073309
0 0.013601 0.134715 0.027202 0.085492
0 0.618523 0.075130 0.097150 0.088083