0 0.167366 0.069022 0.085112 0.088225
0 0.217186 0.115209 0.078885 0.074731
0 0.315270 0.064353 0.084074 0.066428
0 0.423736 0.040997 0.085112 0.081994
0 0.476151 0.051897 0.067464 0.089262
0 0.401938 0.242356 0.085112 0.086147
0 0.208364 0.356009 0.088224 0.080959
0 0.138822 0.364831 0.067464 0.071616
0 0.204214 0.439044 0.088224 0.095491
0 0.511960 0.310859 0.074730 0.069541
0 0.707607 0.202916 0.100679 0.077844
0 0.727328 0.310341 0.098601 0.091338
0 0.575791 0.591619 0.069541 0.064353
0 0.453314 0.730703 0.075769 0.070578
0 0.187087 0.626909 0.087185 0.051897
0 0.303854 0.423475 0.077846 0.064353
0 0.836829 0.400122 0.087185 0.067466
0 0.796352 0.570344 0.074730 0.075769
0 0.821779 0.614453 0.086146 0.083034
0 0.560225 0.814775 0.073691 0.074731
0 0.697230 0.881722 0.077846 0.079922
0 0.854994 0.686591 0.067464 0.075769
0 0.911564 0.627947 0.087185 0.093412
0 0.859144 0.320722 0.096529 0.085109
0 0.913636 0.343034 0.087185 0.073694
0 0.612047 0.348446 0.058290 0.054404
0 0.683938 0.418394 0.111399 0.088083
0 0.713083 0.497409 0.066062 0.062176