0 0.318431 0.028125 0.098437 0.056250
0 0.055151 0.021875 0.081249 0.043750
0 0.124227 0.210492 0.077470 0.081606
0 0.031586 0.210873 0.055998 0.072005
0 0.187183 0.299219 0.085939 0.098437
0 0.300463 0.367969 0.074998 0.079687
0 0.234056 0.585156 0.076563 0.073437
0 0.190304 0.616536 0.064061 0.067447
0 0.262181 0.659375 0.079688 0.068750
0 0.034326 0.590026 0.063472 0.060881
0 0.240309 0.793301 0.060928 0.058476
0 0.352026 0.747442 0.071877 0.069883
0 0.951638 0.771094 0.096724 0.089062
0 0.503277 0.011010 0.078123 0.022020
0 0.470462 0.045313 0.071877 0.071875
0 0.518900 0.045313 0.053124 0.065625
0 0.650932 0.006250 0.076563 0.012500
0 0.722805 0.010156 0.070312 0.020312
0 0.650932 0.036719 0.101562 0.073437
0 0.279145 0.056347 0.079016 0.058290