0 0.017133 0.776372 0.034265 0.056047
0 0.012983 0.195650 0.025965 0.086147
0 0.072152 0.289063 0.067464 0.084072
0 0.104845 0.364312 0.074730 0.085109
0 0.185286 0.437488 0.055009 0.059163
0 0.244449 0.417247 0.071619 0.066428
0 0.274548 0.448906 0.044631 0.025947
0 0.278698 0.231459 0.079919 0.089263
0 0.239777 0.175928 0.062275 0.079922
0 0.175942 0.135969 0.067464 0.083034
0 0.139099 0.067984 0.072657 0.075769
0 0.307241 0.160878 0.074730 0.076806
0 0.354467 0.108462 0.092374 0.102756
0 0.470200 0.060200 0.101717 0.101716
0 0.654947 0.194094 0.068503 0.080959
0 0.597344 0.246509 0.086146 0.081997
0 0.681418 0.262597 0.071619 0.068503
0 0.676746 0.389225 0.091340 0.095491
0 0.396504 0.489903 0.058125 0.066428
0 0.339939 0.464475 0.052936 0.061238
0 0.321774 0.523116 0.068503 0.058125
0 0.644570 0.533497 0.072657 0.070578
0 0.647164 0.459284 0.071619 0.071616
0 0.720855 0.455650 0.079919 0.080959
0 0.785729 0.434375 0.072657 0.086147
0 0.857343 0.437488 0.091340 0.088225
0 0.786246 0.600962 0.059164 0.072656
0 0.863054 0.537647 0.075769 0.089262
0 0.985241 0.408425 0.029518 0.079922
0 0.414669 0.896253 0.075769 0.073694
0 0.280254 0.987827 0.099640 0.024345
0 0.105367 0.975891 0.081996 0.048218