0 0.731807 0.060184 0.082306 0.079609
0 0.793199 0.121578 0.099847 0.094453
0 0.793876 0.371875 0.082306 0.079609
0 0.857965 0.390766 0.053970 0.052622
0 0.939599 0.365803 0.047226 0.062069
0 0.822884 0.863025 0.089056 0.076909
0 0.715616 0.395488 0.071515 0.062069
0 0.673786 0.345563 0.079609 0.059369
0 0.531432 0.209959 0.083655 0.095800
0 0.210300 0.011538 0.089056 0.023076
0 0.282487 0.187694 0.098498 0.091753
0 0.331734 0.313181 0.086358 0.089053
0 0.129338 0.178250 0.051272 0.059369
0 0.038358 0.796231 0.076716 0.113341
0 0.111125 0.836713 0.093102 0.110644
0 0.043081 0.894056 0.086161 0.095800
0 0.351977 0.608003 0.072864 0.055322
0 0.148904 0.068281 0.079609 0.076909