0 0.204526 0.105469 0.109374 0.092188
0 0.384992 0.008594 0.098437 0.017188
0 0.049835 0.501777 0.081249 0.068321
0 0.023355 0.546875 0.046710 0.068750
0 0.184585 0.574219 0.091969 0.076562
0 0.198275 0.629688 0.103123 0.084375
0 0.663499 0.425000 0.096428 0.100000
0 0.745308 0.393135 0.085939 0.089378
0 0.539058 0.471875 0.067186 0.081250
0 0.477338 0.470628 0.081249 0.083744
0 0.379681 0.329517 0.092186 0.071535
0 0.486714 0.314063 0.074998 0.081250
0 0.673431 0.623437 0.073438 0.090625
0 0.805699 0.681250 0.098446 0.087500
0 0.891398 0.684375 0.084374 0.093750
0 0.861713 0.844560 0.065626 0.067358
0 0.544524 0.706606 0.096876 0.076425
0 0.462220 0.869063 0.088514 0.103125
0 0.401555 0.830370 0.101562 0.064885
0 0.339839 0.885762 0.087500 0.083399
0 0.919689 0.195596 0.072539 0.088083