0 0.029145 0.175781 0.058290 0.079688
0 0.137953 0.066410 0.042746 0.064071
0 0.293431 0.577344 0.085940 0.079688
0 0.247409 0.594560 0.046632 0.064767
0 0.388743 0.679688 0.048438 0.059375
0 0.350461 0.692969 0.043752 0.057812
0 0.173901 0.892969 0.074998 0.076562
0 0.373120 0.010937 0.101562 0.021874
0 0.928589 0.847969 0.106248 0.085938
0 0.956482 0.697969 0.087036 0.076562
0 0.888743 0.613594 0.085939 0.067188
0 0.797337 0.623750 0.093751 0.096875
0 0.779145 0.494171 0.073834 0.066062
0 0.838731 0.462435 0.055699 0.049223
0 0.965674 0.541451 0.040155 0.033679
0 0.659326 0.333549 0.059585 0.066062
0 0.144430 0.955959 0.060881 0.075130
0 0.909974 0.749352 0.047927 0.058290