0 0.781713 0.016839 0.074998 0.033678
0 0.837963 0.026554 0.087500 0.053108
0 0.147336 0.446875 0.074998 0.081250
0 0.219213 0.412601 0.093751 0.097077
0 0.126242 0.622656 0.092186 0.092187
0 0.189523 0.704688 0.081249 0.075000
0 0.305932 0.630424 0.107813 0.073348
0 0.447337 0.546875 0.093751 0.090625
0 0.427023 0.763281 0.103123 0.092188
0 0.362182 0.805339 0.101562 0.088804
0 0.162963 0.817187 0.071877 0.071875
0 0.063741 0.876518 0.095311 0.081161
0 0.735621 0.192188 0.076563 0.078125
0 0.802807 0.176563 0.079689 0.081250
0 0.890307 0.234375 0.076563 0.071875
0 0.931995 0.162241 0.084197 0.074482
0 0.952417 0.102429 0.083590 0.070142
0 0.828587 0.260938 0.093751 0.059375
0 0.651241 0.493758 0.073438 0.093734
0 0.720658 0.505975 0.071637 0.099449
0 0.763745 0.627344 0.101562 0.095312
0 0.872339 0.621875 0.071877 0.081250
0 0.948902 0.656250 0.071877 0.075000
0 0.985388 0.644531 0.029224 0.085937
0 0.928588 0.506250 0.068752 0.075000
0 0.948117 0.779687 0.085940 0.075000
0 0.981481 0.984375 0.037038 0.031250
0 0.784938 0.928109 0.075201 0.073834