0 0.047182 0.184816 0.089060 0.091507
0 0.116714 0.133905 0.100002 0.107189
0 0.027105 0.018135 0.054210 0.036269
0 0.380149 0.011719 0.103123 0.023437
0 0.559839 0.050781 0.081249 0.076562
0 0.655931 0.017188 0.085940 0.034375
0 0.737047 0.007772 0.041451 0.015544
0 0.266869 0.130469 0.070312 0.079688
0 0.559839 0.972813 0.068752 0.054374
0 0.637963 0.961875 0.087500 0.076250
0 0.429367 0.890156 0.076563 0.082812
0 0.344213 0.787813 0.074998 0.071875
0 0.619994 0.719844 0.092186 0.104688
0 0.547337 0.733125 0.093751 0.106250
0 0.680930 0.688594 0.082814 0.060938
0 0.256514 0.360751 0.062102 0.068653
0 0.385075 0.455512 0.069229 0.076023
0 0.600782 0.248057 0.075639 0.079016
0 0.652109 0.175573 0.053294 0.071354
0 0.741556 0.192500 0.079065 0.090625
0 0.781088 0.304219 0.064767 0.079688
0 0.673904 0.547792 0.071882 0.080040
0 0.856870 0.179688 0.095311 0.109375
0 0.989637 0.724895 0.020725 0.068961
0 0.848081 0.499340 0.084764 0.091945
0 0.873277 0.850389 0.081249 0.071244
0 0.922496 0.948437 0.089060 0.103125
0 0.981170 0.957031 0.037660 0.085937
0 0.797927 0.603627 0.077720 0.077720
0 0.643782 0.798575 0.088083 0.086788