0 0.105933 0.011719 0.098437 0.023437
0 0.038512 0.025000 0.077024 0.050000
0 0.287504 0.190625 0.100914 0.093750
0 0.391867 0.246875 0.101562 0.093750
0 0.560327 0.063468 0.074021 0.069941
0 0.608274 0.115625 0.090625 0.075000
0 0.659838 0.190625 0.078123 0.081250
0 0.787964 0.142969 0.062501 0.064062
0 0.843429 0.146875 0.064061 0.068750
0 0.350460 0.299219 0.100002 0.092188
0 0.324681 0.237500 0.101562 0.087500
0 0.208825 0.392883 0.082349 0.079518
0 0.040857 0.322656 0.081714 0.095312
0 0.573898 0.432942 0.084374 0.065366
0 0.799681 0.489062 0.070312 0.081250
0 0.889527 0.496094 0.078123 0.082812
0 0.923118 0.404687 0.073438 0.071875
0 0.084055 0.726563 0.092186 0.084375
0 0.412181 0.983750 0.129687 0.032500
0 0.555052 0.657244 0.081606 0.058012
0 0.984451 0.887031 0.031097 0.073438
0 0.950857 0.815156 0.098286 0.082812
0 0.583549 0.871762 0.060881 0.064767
0 0.033679 0.794689 0.044041 0.084197
0 0.303109 0.640544 0.059585 0.058290
0 0.251943 0.687824 0.042746 0.036269
0 0.196891 0.122409 0.088083 0.071244
0 0.295337 0.258420 0.072539 0.037565