0 0.322745 0.925988 0.132535 0.117809
0 0.458749 0.780891 0.123873 0.130803
0 0.453984 0.653119 0.119544 0.097019
0 0.252579 0.641425 0.113477 0.096153
0 0.198007 0.842828 0.135999 0.124741
0 0.576633 0.526554 0.098029 0.081606
0 0.525619 0.549350 0.075704 0.080056
0 0.165958 0.119941 0.115211 0.103084
0 0.298493 0.087891 0.120409 0.123875
0 0.625938 0.082694 0.139468 0.129072
0 0.756739 0.864916 0.092689 0.085759
0 0.698698 0.848891 0.089225 0.081428
0 0.897504 0.786245 0.095288 0.085444
0 0.963912 0.528813 0.072176 0.084025
0 0.907900 0.502825 0.088355 0.082294
0 0.680509 0.655284 0.106549 0.094422
0 0.923495 0.345600 0.093553 0.098753
0 0.899238 0.394109 0.083162 0.076231
0 0.866319 0.210897 0.110882 0.099619
0 0.847698 0.304884 0.123873 0.128206
0 0.120466 0.165155 0.067358 0.050518
0 0.161917 0.026554 0.077720 0.053108
0 0.495466 0.850389 0.073834 0.089378
0 0.696244 0.255181 0.094560 0.049223
0 0.780440 0.254534 0.063472 0.058290
0 0.612047 0.317358 0.091969 0.082902
0 0.457254 0.273316 0.077720 0.059585
0 0.964378 0.397021 0.053109 0.037565