0 0.487694 0.106554 0.089378 0.086164
0 0.437824 0.196244 0.101036 0.091969
0 0.942358 0.391944 0.115284 0.107723
0 0.808748 0.404334 0.115664 0.123974
0 0.711140 0.386506 0.101036 0.094255
0 0.214683 0.525907 0.093951 0.093264
0 0.247103 0.763097 0.093876 0.075416
0 0.744171 0.838731 0.117876 0.117876
0 0.862694 0.915155 0.082902 0.089378
0 0.900259 0.735104 0.103627 0.091969
0 0.150259 0.158679 0.103627 0.071244
0 0.807642 0.621079 0.084197 0.081537
0 0.815415 0.849741 0.068653 0.090674
0 0.494819 0.775907 0.067358 0.067358
0 0.498057 0.957902 0.066062 0.058290
0 0.372409 0.977332 0.066062 0.045336