0 0.197491 0.926875 0.092186 0.096875
0 0.615152 0.103125 0.109374 0.109375
0 0.797964 0.134019 0.087500 0.094462
0 0.790155 0.061528 0.067358 0.066062
0 0.932337 0.092718 0.109374 0.107311
0 0.875209 0.155477 0.092386 0.082829
0 0.547803 0.554688 0.109057 0.131250
0 0.483808 0.714305 0.055699 0.115139
0 0.343277 0.727927 0.106242 0.103522
0 0.256556 0.990625 0.082814 0.018750
0 0.303692 0.976036 0.073963 0.047927
0 0.430776 0.926562 0.074998 0.096875
0 0.472963 0.914062 0.084374 0.100000
0 0.537915 0.881250 0.123652 0.137500
0 0.692495 0.885937 0.120311 0.121875
0 0.872181 0.772604 0.107813 0.104793
0 0.854993 0.945469 0.114064 0.109062
0 0.985388 0.387500 0.029224 0.093750
0 0.591321 0.895078 0.066062 0.098446