0 0.877591 0.323187 0.125648 0.117876
0 0.782593 0.284974 0.090255 0.075130
0 0.672927 0.227056 0.055699 0.089929
0 0.173575 0.311609 0.095855 0.081767
0 0.348090 0.397356 0.073251 0.065391
0 0.276473 0.389249 0.102441 0.089378
0 0.156495 0.444948 0.093745 0.073834
0 0.564024 0.654747 0.107513 0.091284
0 0.788860 0.794671 0.072539 0.089343
0 0.455999 0.746541 0.067957 0.055784
0 0.109283 0.713469 0.131174 0.105695
0 0.784974 0.596425 0.069948 0.063900
0 0.711788 0.601684 0.045337 0.060881
0 0.582902 0.917746 0.028497 0.066062
0 0.171632 0.854275 0.125648 0.110104
0 0.680052 0.014249 0.093264 0.028497