0 0.606897 0.868416 0.090090 0.084025
0 0.552753 0.786988 0.094423 0.085759
0 0.454866 0.774428 0.120409 0.107416
0 0.479555 0.871447 0.102216 0.097019
0 0.415803 0.874346 0.067358 0.090686
0 0.816526 0.819906 0.079693 0.080563
0 0.797905 0.858453 0.070166 0.058906
0 0.818261 0.696900 0.079693 0.082294
0 0.865472 0.727219 0.058040 0.054575
0 0.065490 0.781791 0.083162 0.080563
0 0.038808 0.702097 0.077616 0.080562
0 0.095810 0.605944 0.086626 0.080563
0 0.324930 0.488131 0.096153 0.099619
0 0.429749 0.516719 0.101351 0.090956
0 0.466997 0.620669 0.096153 0.097888
0 0.337925 0.708594 0.063238 0.062369
0 0.330128 0.780059 0.058040 0.059772
0 0.570947 0.629576 0.108283 0.093180
0 0.775797 0.616088 0.083121 0.079327
0 0.547122 0.493762 0.114346 0.117809
0 0.511609 0.350647 0.084891 0.091451
0 0.581191 0.407872 0.083732 0.090356
0 0.262993 0.244281 0.090090 0.093556
0 0.260827 0.140831 0.092689 0.087361
0 0.682694 0.220207 0.063238 0.072539
0 0.556995 0.706606 0.080311 0.071244
0 0.331606 0.146373 0.075130 0.072539
0 0.399611 0.584845 0.063472 0.063472
0 0.652202 0.884067 0.050518 0.063472
0 0.082902 0.847150 0.049223 0.080311