0 0.061001 0.092100 0.122002 0.108981
0 0.662244 0.016210 0.059164 0.032420
0 0.818453 0.030223 0.072657 0.060445
0 0.682487 0.101962 0.080957 0.066428
0 0.609313 0.144516 0.073691 0.070578
0 0.482685 0.295016 0.059164 0.097566
0 0.406917 0.292941 0.088224 0.103794
0 0.295339 0.410225 0.083035 0.078881
0 0.711030 0.402441 0.063314 0.063313
0 0.677293 0.395697 0.045670 0.066428
0 0.616057 0.411784 0.064352 0.055009
0 0.661727 0.283081 0.066430 0.063313
0 0.600486 0.275816 0.047743 0.063313
0 0.237731 0.538931 0.111056 0.089263
0 0.131863 0.521803 0.104829 0.100678
0 0.185833 0.692025 0.090301 0.088225
0 0.325954 0.658291 0.113134 0.095491
0 0.688193 0.651544 0.036326 0.057087
0 0.723485 0.649469 0.067464 0.057087
0 0.333742 0.791147 0.105868 0.099641
0 0.180127 0.887156 0.091340 0.100678
0 0.023115 0.960444 0.046229 0.079112