0 0.616085 0.006250 0.071877 0.012500
0 0.551244 0.028906 0.064061 0.057812
0 0.458274 0.053125 0.090625 0.081250
0 0.316869 0.038281 0.073437 0.060937
0 0.270776 0.067969 0.065626 0.070312
0 0.348900 0.081250 0.059375 0.071875
0 0.046323 0.085937 0.092646 0.081250
0 0.556710 0.101562 0.062501 0.065625
0 0.577804 0.207031 0.057815 0.057812
0 0.577024 0.271875 0.071877 0.056250
0 0.391867 0.278906 0.089060 0.079687
0 0.327026 0.361719 0.100002 0.089062
0 0.482493 0.253906 0.064061 0.067187
0 0.221503 0.510938 0.080311 0.068750
0 0.112881 0.452344 0.059212 0.054687
0 0.169214 0.553125 0.074998 0.068750
0 0.121556 0.545313 0.076563 0.071875
0 0.038742 0.936719 0.064061 0.073438
0 0.015858 0.885156 0.031711 0.057812
0 0.284054 0.992969 0.073437 0.014062
0 0.473121 0.987500 0.067187 0.025000