0 0.008904 0.087475 0.017808 0.070166
0 0.017567 0.184494 0.035134 0.080563
0 0.072819 0.275884 0.077094 0.081428
0 0.138994 0.282812 0.084706 0.083159
0 0.108071 0.499375 0.086967 0.079694
0 0.360332 0.473388 0.096312 0.086625
0 0.412304 0.505461 0.082127 0.084934
0 0.539294 0.750156 0.090090 0.082294
0 0.286350 0.908681 0.107414 0.101350
0 0.117133 0.818156 0.110294 0.107416
0 0.034326 0.843842 0.068652 0.099881
0 0.794689 0.935233 0.102332 0.106218
0 0.821891 0.855570 0.086788 0.081606
0 0.530592 0.981865 0.065758 0.036269
0 0.946362 0.946794 0.107275 0.103084
0 0.944629 0.980545 0.110741 0.038910
0 0.938165 0.773931 0.082219 0.086722
0 0.036269 0.136010 0.069948 0.088083