0 0.534030 0.029703 0.127666 0.059406
0 0.411553 0.186034 0.117284 0.124553
0 0.769641 0.038525 0.046709 0.077050
0 0.906129 0.176172 0.107945 0.108981
0 0.633153 0.286713 0.083035 0.049822
0 0.701139 0.327191 0.086146 0.068503
0 0.616543 0.327191 0.076807 0.045669
0 0.879142 0.509869 0.105867 0.103794
0 0.781575 0.554500 0.107945 0.120400
0 0.439057 0.435138 0.078885 0.070578
0 0.610316 0.506234 0.080958 0.090300
0 0.250677 0.405556 0.119361 0.123513
0 0.299975 0.447072 0.116250 0.125591
0 0.414147 0.766237 0.105868 0.101716
0 0.023361 0.747553 0.046722 0.114172