0 0.675707 0.956689 0.103795 0.086622
0 0.569318 0.839684 0.102756 0.112097
0 0.573990 0.910784 0.095490 0.073694
0 0.115744 0.418284 0.079919 0.078881
0 0.300497 0.431259 0.090301 0.090300
0 0.448401 0.324353 0.087185 0.098603
0 0.854232 0.023872 0.062275 0.047744
0 0.913912 0.035809 0.077846 0.071616
0 0.871359 0.080959 0.055009 0.080959
0 0.970189 0.081997 0.059622 0.091338
0 0.989911 0.161916 0.020177 0.080959
0 0.975898 0.281797 0.048203 0.086147
0 0.834511 0.251178 0.070580 0.074731
0 0.768603 0.206547 0.081996 0.085109
0 0.702694 0.300481 0.083035 0.092375
0 0.629520 0.278166 0.081996 0.087188
0 0.691278 0.476409 0.064352 0.078881
0 0.620698 0.457209 0.089262 0.090300
0 0.911318 0.388184 0.068503 0.072656
0 0.990430 0.431778 0.019140 0.089262
0 0.934672 0.458766 0.075769 0.087187
0 0.878103 0.505991 0.089262 0.096528
0 0.963445 0.545431 0.073110 0.059163
0 0.892636 0.579684 0.076807 0.086147
0 0.878103 0.679844 0.058125 0.083034
0 0.833472 0.652341 0.097567 0.081997
0 0.779502 0.572419 0.072657 0.081997
0 0.783652 0.475891 0.049820 0.059163
0 0.795590 0.417766 0.050859 0.055009
0 0.749920 0.442159 0.046709 0.056047
0 0.913860 0.162565 0.068653 0.073834