0 0.446891 0.108402 0.111399 0.115768
0 0.508140 0.175816 0.107414 0.079694
0 0.320596 0.433938 0.112694 0.113990
0 0.405440 0.521373 0.103627 0.104922
0 0.542635 0.439861 0.105996 0.097340
0 0.713083 0.462793 0.107513 0.112114
0 0.809924 0.518173 0.128857 0.132048
0 0.715173 0.533550 0.093558 0.098703
0 0.953308 0.668278 0.093384 0.084025
0 0.884715 0.844624 0.082902 0.083030
0 0.831379 0.861399 0.067812 0.072539
0 0.258664 0.856768 0.140333 0.128043
0 0.062824 0.665831 0.125648 0.116637
0 0.933039 0.999377 0.120409 0.001246
0 0.891907 0.915762 0.086653 0.082820
0 0.722602 0.908663 0.085884 0.086625
0 0.640544 0.901300 0.091969 0.096153
0 0.533031 0.342617 0.079016 0.079016
0 0.698834 0.358808 0.060881 0.075130