0 0.156712 0.121094 0.112499 0.101563
0 0.659057 0.293750 0.070312 0.075000
0 0.743432 0.280469 0.098437 0.098437
0 0.159838 0.384375 0.115625 0.096875
0 0.519214 0.466406 0.087500 0.082813
0 0.307493 0.599219 0.114064 0.098438
0 0.194994 0.514063 0.085939 0.078125
0 0.179371 0.706250 0.070312 0.062500
0 0.618431 0.795312 0.098437 0.084375
0 0.536402 0.675000 0.078123 0.062500
0 0.573898 0.901563 0.087500 0.081250
0 0.153587 0.875781 0.106248 0.101562
0 0.332492 0.978906 0.076563 0.042188
0 0.348900 0.757812 0.084374 0.075000
0 0.106714 0.964063 0.078123 0.071874
0 0.983824 0.176563 0.032352 0.084375
0 0.978355 0.364063 0.043289 0.078125
0 0.909055 0.310156 0.082814 0.079687
0 0.972106 0.643750 0.055788 0.087500
0 0.931714 0.744531 0.087500 0.073438
0 0.922337 0.849219 0.087500 0.079687