0 0.209848 0.963731 0.106224 0.072538
0 0.305615 0.079092 0.093432 0.101190
0 0.432642 0.090127 0.098446 0.102129
0 0.163588 0.183125 0.081249 0.093750
0 0.862694 0.957902 0.090674 0.084196
0 0.779213 0.709688 0.084374 0.084375
0 0.834861 0.694930 0.073801 0.076389
0 0.843912 0.553756 0.104922 0.071244
0 0.663280 0.556520 0.093130 0.100086
0 0.515092 0.536269 0.096759 0.090674
0 0.337027 0.514413 0.084374 0.078049
0 0.921632 0.171818 0.094560 0.100113
0 0.561528 0.556995 0.042746 0.059585
0 0.906088 0.431995 0.091969 0.060881
0 0.781088 0.490285 0.041451 0.071244
0 0.746114 0.534974 0.038860 0.059585
0 0.968264 0.466321 0.063472 0.054404
0 0.431995 0.735104 0.063472 0.060881