0 0.049836 0.742876 0.081249 0.068653
0 0.243142 0.672813 0.082139 0.078125
0 0.259067 0.778614 0.075130 0.072772
0 0.415155 0.300518 0.076425 0.069948
0 0.389964 0.351420 0.064631 0.066590
0 0.734993 0.999375 0.101562 0.001250
0 0.680157 0.960492 0.083112 0.079016
0 0.754351 0.958750 0.087154 0.082500
0 0.843814 0.830000 0.099546 0.103125
0 0.912338 0.901094 0.106248 0.114062
0 0.963200 0.920416 0.073600 0.099582
0 0.670932 0.567969 0.095311 0.085938
0 0.701402 0.503906 0.078123 0.079688
0 0.651909 0.083938 0.066648 0.067876
0 0.654793 0.027202 0.058290 0.054404