0 0.140687 0.956712 0.103837 0.086576
0 0.258606 0.878225 0.103837 0.112637
0 0.269162 0.976952 0.086240 0.046096
0 0.304365 0.528872 0.072159 0.072159
0 0.548121 0.673188 0.126717 0.128478
0 0.511160 0.748866 0.126717 0.121437
0 0.346604 0.693428 0.128479 0.116159
0 0.545479 0.961113 0.107357 0.077774
0 0.731158 0.827184 0.130237 0.144319
0 0.411722 0.023759 0.079200 0.047518
0 0.500599 0.047519 0.084478 0.095037
0 0.661635 0.045759 0.114398 0.091518
0 0.598279 0.074800 0.107357 0.114397
0 0.559561 0.130238 0.061598 0.059838
0 0.746113 0.176878 0.117918 0.114397
0 0.607078 0.229675 0.058078 0.089759
0 0.541959 0.234075 0.082720 0.098559
0 0.761957 0.352875 0.131999 0.139037
0 0.736436 0.472550 0.109120 0.103837
0 0.614118 0.426794 0.072159 0.075678
0 0.606199 0.392472 0.066881 0.059837
0 0.658999 0.611587 0.116156 0.131997
0 0.728516 0.703106 0.128479 0.124956
0 0.982616 0.125837 0.034768 0.096797
0 0.903634 0.153997 0.049280 0.058078
0 0.772513 0.019359 0.054558 0.038718
0 0.958857 0.607191 0.082285 0.091519
0 0.827075 0.400394 0.068639 0.103838