0 0.059837 0.273879 0.093751 0.086618
0 0.118690 0.236399 0.086455 0.068653
0 0.345775 0.269859 0.103123 0.091531
0 0.262961 0.436719 0.112499 0.110937
0 0.430762 0.355570 0.091844 0.097150
0 0.453589 0.531250 0.093751 0.087500
0 0.244993 0.642969 0.101562 0.114062
0 0.146556 0.649219 0.104688 0.110937
0 0.309054 0.683363 0.089060 0.089523
0 0.333520 0.748737 0.066120 0.072475
0 0.513119 0.501417 0.079689 0.090917
0 0.573274 0.469531 0.109374 0.098437
0 0.613342 0.589520 0.112694 0.069665
0 0.523550 0.696875 0.096323 0.090625
0 0.555125 0.753906 0.091823 0.082813
0 0.020078 0.690415 0.040155 0.090674
0 0.213083 0.575130 0.068653 0.064767
0 0.206606 0.966969 0.091969 0.066062
0 0.298575 0.240933 0.055699 0.069948