0 0.409835 0.036719 0.103123 0.073437
0 0.962435 0.383420 0.075130 0.072539
0 0.545773 0.568750 0.100002 0.078125
0 0.484393 0.640896 0.095981 0.090083
0 0.418009 0.712055 0.089905 0.082141
0 0.526245 0.792188 0.089060 0.096875
0 0.584840 0.761719 0.078123 0.085938
0 0.577804 0.822656 0.079689 0.054688
0 0.481712 0.827344 0.087500 0.082812
0 0.773482 0.782031 0.103958 0.101562
0 0.854371 0.742969 0.104688 0.114062
0 0.782494 0.976563 0.104688 0.046874
0 0.937730 0.943750 0.124540 0.112500
0 0.869993 0.953125 0.089060 0.093750
0 0.018135 0.204663 0.036269 0.062176
0 0.053756 0.223446 0.058290 0.050518
0 0.011010 0.279145 0.022020 0.063472