0 0.197224 0.798412 0.074730 0.062275
0 0.010387 0.727834 0.020774 0.097566
0 0.086163 0.448112 0.110022 0.102756
0 0.006236 0.368191 0.012471 0.086147
0 0.020248 0.193819 0.040495 0.102756
0 0.076824 0.246234 0.110022 0.097566
0 0.169198 0.225475 0.068503 0.068503
0 0.208640 0.261803 0.085112 0.089263
0 0.272992 0.297091 0.078885 0.093413
0 0.169198 0.317331 0.076807 0.079922
0 0.196702 0.062000 0.075769 0.071616
0 0.277142 0.161122 0.070580 0.066428
0 0.190474 0.145034 0.115211 0.092375
0 0.412592 0.029184 0.067464 0.058368
0 0.353950 0.042800 0.058125 0.056047
0 0.396504 0.092100 0.060198 0.065391
0 0.343567 0.108709 0.064352 0.067466
0 0.484727 0.206272 0.089262 0.086147
0 0.539741 0.068228 0.091340 0.088225