0 0.056174 0.618971 0.076078 0.087683
0 0.137962 0.634687 0.090625 0.090625
0 0.084058 0.160937 0.067186 0.084375
0 0.132492 0.863814 0.073437 0.083253
0 0.377151 0.061567 0.088499 0.086865
0 0.492493 0.094844 0.085940 0.085938
0 0.643273 0.301094 0.090625 0.079688
0 0.504215 0.336250 0.062501 0.065625
0 0.437808 0.502656 0.079689 0.082812
0 0.395616 0.771875 0.129687 0.106250
0 0.458902 0.814062 0.112499 0.106250
0 0.612808 0.816406 0.107813 0.120312
0 0.711245 0.881432 0.089060 0.097239
0 0.810704 0.888844 0.075483 0.090188
0 0.962435 0.492500 0.075130 0.075000
0 0.775306 0.381563 0.095311 0.087500
0 0.477650 0.975156 0.074998 0.049688
0 0.854994 0.261719 0.092186 0.085938
0 0.137953 0.178756 0.042746 0.062176
0 0.284974 0.522668 0.051813 0.058290