0 0.220207 0.351563 0.085492 0.109375
0 0.141089 0.295563 0.121876 0.116127
0 0.663743 0.240625 0.073437 0.081250
0 0.743432 0.246875 0.079689 0.106250
0 0.777808 0.538281 0.117190 0.098438
0 0.717648 0.414844 0.096876 0.095312
0 0.604368 0.374219 0.095311 0.101562
0 0.597337 0.969688 0.121876 0.060624
0 0.480932 0.968125 0.114064 0.063750
0 0.276243 0.799531 0.117190 0.120312
0 0.220773 0.769275 0.140624 0.121451
0 0.040857 0.703969 0.081714 0.063564
0 0.083549 0.591321 0.112694 0.110104
0 0.126295 0.475389 0.102332 0.090674
0 0.014896 0.842617 0.029792 0.089378