0 0.178273 0.990000 0.090625 0.020000
0 0.254056 0.974375 0.095311 0.051250
0 0.160305 0.894063 0.110939 0.106250
0 0.280739 0.540156 0.110701 0.104687
0 0.388429 0.563594 0.101562 0.104687
0 0.330619 0.354054 0.104688 0.101891
0 0.633745 0.556563 0.101562 0.125000
0 0.599691 0.688988 0.095954 0.100773
0 0.550321 0.191710 0.090280 0.080311
0 0.603973 0.899760 0.101728 0.094856
0 0.674621 0.921465 0.098944 0.092304
0 0.750048 0.316719 0.121666 0.114062
0 0.886088 0.193281 0.115625 0.107812
0 0.975857 0.234688 0.048285 0.118750
0 0.586312 0.073381 0.102675 0.096762
0 0.636871 0.031250 0.079689 0.062500