0 0.550364 0.068747 0.068502 0.060200
0 0.387405 0.149188 0.062275 0.075769
0 0.437225 0.178769 0.074730 0.051897
0 0.592396 0.193300 0.071619 0.066428
0 0.550364 0.315256 0.058125 0.069541
0 0.602778 0.334978 0.088224 0.081997
0 0.619905 0.385316 0.033215 0.047744
0 0.246250 0.631825 0.056047 0.052934
0 0.418543 0.440325 0.091340 0.097566
0 0.503138 0.534259 0.094451 0.084072
0 0.609006 0.549828 0.081996 0.084072
0 0.680103 0.423719 0.070580 0.078881
0 0.729923 0.413341 0.053970 0.072656
0 0.905853 0.750669 0.100679 0.091337
0 0.991071 0.764678 0.017858 0.098603