0 0.402762 0.031656 0.127666 0.061238
0 0.411067 0.143234 0.094451 0.076806
0 0.506035 0.233534 0.049820 0.049822
0 0.431827 0.233534 0.113134 0.110022
0 0.357614 0.304631 0.110022 0.086147
0 0.441687 0.409462 0.099640 0.057088
0 0.427672 0.359125 0.108984 0.101716
0 0.341004 0.392856 0.095490 0.102756
0 0.416255 0.457209 0.108984 0.079922
0 0.524200 0.356009 0.081996 0.053972
0 0.672626 0.510663 0.094451 0.091337
0 0.807037 0.543356 0.074730 0.067466
0 0.635778 0.785194 0.056048 0.055009
0 0.784200 0.249622 0.097567 0.098603
0 0.756178 0.295291 0.095490 0.073694
0 0.866718 0.349781 0.096529 0.093412
0 0.176494 0.936213 0.098601 0.087188
0 0.610868 0.978250 0.078885 0.040478
0 0.495140 0.971740 0.098601 0.056520
0 0.759290 0.036328 0.074730 0.072656
0 0.611907 0.025947 0.118322 0.051894
0 0.447393 0.634694 0.067464 0.059163
0 0.696244 0.971503 0.099741 0.056994