0 0.223901 0.096875 0.090625 0.093750
0 0.135621 0.162500 0.085939 0.093750
0 0.093264 0.121810 0.067358 0.106121
0 0.190305 0.179687 0.070312 0.096875
0 0.189938 0.306254 0.074177 0.084383
0 0.262962 0.257031 0.100002 0.076562
0 0.168950 0.784796 0.086971 0.092908
0 0.119653 0.786783 0.055369 0.076693
0 0.257492 0.562172 0.070312 0.072531
0 0.349527 0.026562 0.090625 0.053124
0 0.293273 0.068750 0.053124 0.084375
0 0.256556 0.031250 0.064061 0.062500
0 0.331554 0.192188 0.070312 0.071875
0 0.419054 0.205043 0.104688 0.083662
0 0.739389 0.110282 0.110903 0.116937
0 0.887024 0.139734 0.096876 0.095531
0 0.833900 0.162500 0.106248 0.100000
0 0.850307 0.239063 0.104688 0.081250
0 0.795618 0.289844 0.104688 0.095312
0 0.630775 0.312500 0.100002 0.087500
0 0.646398 0.410156 0.106248 0.104687
0 0.839370 0.607031 0.085940 0.095312
0 0.943273 0.625781 0.093751 0.101562
0 0.982419 0.790625 0.035162 0.068750