0 0.364992 0.021094 0.101562 0.042188
0 0.237651 0.152344 0.093751 0.104687
0 0.162230 0.191268 0.060211 0.076837
0 0.314994 0.150781 0.073437 0.082812
0 0.578368 0.232934 0.060881 0.059133
0 0.591321 0.296875 0.066062 0.068750
0 0.476711 0.927156 0.100002 0.090064
0 0.853430 0.198438 0.095311 0.068750
0 0.844839 0.126562 0.081249 0.065625
0 0.776087 0.157812 0.081249 0.084375
0 0.938590 0.062500 0.068752 0.071875
0 0.840933 0.028125 0.079689 0.056250
0 0.704215 0.037099 0.074998 0.066426
0 0.740931 0.085937 0.079689 0.084375
0 0.538212 0.816710 0.058290 0.055699
0 0.097798 0.176166 0.032383 0.025907