0 0.022669 0.955311 0.045336 0.053109
0 0.014896 0.708350 0.029792 0.091073
0 0.218268 0.665155 0.089386 0.073834
0 0.039295 0.340156 0.078590 0.095312
0 0.116086 0.315156 0.081249 0.082812
0 0.096558 0.382344 0.067187 0.057812
0 0.380931 0.199531 0.098437 0.092188
0 0.344995 0.107344 0.095311 0.082812
0 0.384837 0.049531 0.093751 0.079688
0 0.818005 0.807642 0.110104 0.120466
0 0.948513 0.756477 0.102973 0.101036
0 0.966480 0.226094 0.067039 0.092188
0 0.952418 0.094063 0.095164 0.106250
0 0.543899 0.268281 0.103123 0.098438
0 0.498587 0.166719 0.100002 0.101562
0 0.598588 0.129219 0.084374 0.089062
0 0.550930 0.046250 0.095311 0.092500
0 0.721244 0.140938 0.079689 0.065625
0 0.757767 0.108928 0.077730 0.054644
0 0.495461 0.033750 0.093751 0.067500
0 0.264896 0.199482 0.068653 0.062176
0 0.404793 0.303109 0.058290 0.069948