0 0.140513 0.611934 0.094855 0.089950
0 0.112421 0.696159 0.082355 0.068687
0 0.494588 0.773841 0.122656 0.099763
0 0.475778 0.721509 0.104669 0.080138
0 0.635235 0.970738 0.096491 0.058524
0 0.979117 0.745222 0.041766 0.081772
0 0.668760 0.445937 0.101398 0.085044
0 0.631146 0.402597 0.078499 0.080138
0 0.733362 0.358441 0.089949 0.096491
0 0.800417 0.574319 0.076864 0.070325
0 0.661400 0.254591 0.086677 0.081772
0 0.484774 0.208797 0.076864 0.062147
0 0.506855 0.271763 0.071962 0.067053
0 0.515124 0.503178 0.065607 0.068688
0 0.406275 0.391150 0.080135 0.067053
0 0.016289 0.236600 0.032578 0.088312
0 0.734998 0.032440 0.083406 0.064880