0 0.434060 0.936850 0.083162 0.080563
0 0.462213 0.965610 0.078828 0.068780
0 0.022558 0.422731 0.045116 0.088356
0 0.066062 0.409172 0.072539 0.092956
0 0.094490 0.278931 0.072765 0.065834
0 0.032952 0.288028 0.065904 0.064969
0 0.125674 0.167619 0.097022 0.101350
0 0.141269 0.236919 0.088355 0.066700
0 0.240021 0.158091 0.079693 0.087491
0 0.299223 0.172392 0.077720 0.077944
0 0.323182 0.106981 0.079693 0.073631
0 0.376457 0.073197 0.087491 0.092687
0 0.146035 0.074497 0.087490 0.076231
0 0.441857 0.160691 0.088355 0.084025
0 0.479781 0.197473 0.074117 0.076294
0 0.286918 0.238232 0.060880 0.062396
0 0.362597 0.171850 0.052842 0.063037
0 0.773630 0.103516 0.079693 0.084025
0 0.739415 0.084894 0.085761 0.069300
0 0.831238 0.138600 0.080563 0.081428
0 0.518782 0.090026 0.076425 0.066062