0 0.134368 0.121875 0.082814 0.081250
0 0.124992 0.195313 0.073438 0.071875
0 0.377339 0.208594 0.081249 0.079688
0 0.382805 0.113281 0.076563 0.073438
0 0.328121 0.220313 0.054689 0.078125
0 0.131908 0.594560 0.072106 0.064767
0 0.485933 0.630469 0.085940 0.082812
0 0.692963 0.647656 0.074998 0.073438
0 0.732025 0.615625 0.062501 0.056250
0 0.450777 0.614063 0.096876 0.084375
0 0.589836 0.462500 0.081249 0.087500
0 0.760930 0.404687 0.089060 0.078125
0 0.481242 0.332813 0.092186 0.100000
0 0.401558 0.344531 0.082814 0.098438
0 0.328121 0.358594 0.076563 0.104688
0 0.482807 0.222656 0.098437 0.095312
0 0.542963 0.150000 0.090625 0.081250
0 0.267181 0.346094 0.060935 0.070312
0 0.894837 0.443281 0.084374 0.085938
0 0.901488 0.359687 0.072672 0.078125
0 0.835462 0.353437 0.068752 0.078125
0 0.539367 0.015781 0.070312 0.031562
0 0.484610 0.043591 0.067050 0.055306
0 0.395078 0.504534 0.051813 0.071244
0 0.312176 0.557642 0.064767 0.050518