0 0.548899 0.082812 0.081249 0.071875
0 0.644210 0.040803 0.081249 0.081606
0 0.985751 0.237500 0.028497 0.109375
0 0.952807 0.317932 0.064061 0.092115
0 0.400463 0.270313 0.078123 0.068750
0 0.373899 0.339653 0.074998 0.066807
0 0.262306 0.421195 0.068653 0.079890
0 0.663743 0.388281 0.076563 0.067188
0 0.611881 0.215674 0.070913 0.073834
0 0.714527 0.220313 0.071877 0.068750
0 0.762279 0.136719 0.076371 0.079688
0 0.838743 0.228125 0.079689 0.068750
0 0.101243 0.821567 0.126562 0.106865
0 0.258274 0.896094 0.096876 0.076562
0 0.497335 0.816710 0.084374 0.079016
0 0.294995 0.927344 0.101562 0.076562
0 0.122306 0.965625 0.096943 0.068750
0 0.841869 0.769058 0.079689 0.074385
0 0.933841 0.659318 0.080116 0.075113
0 0.880930 0.931444 0.076563 0.087889
0 0.137953 0.844560 0.066062 0.080311