0 0.113289 0.014169 0.078260 0.028334
0 0.185476 0.010794 0.071515 0.021587
0 0.254289 0.023613 0.079609 0.047225
0 0.200318 0.038456 0.063417 0.044528
0 0.429025 0.027659 0.072864 0.055318
0 0.500540 0.026312 0.080958 0.052622
0 0.767702 0.078934 0.080958 0.085006
0 0.715081 0.132231 0.080958 0.062069
0 0.968857 0.425706 0.062286 0.117391
0 0.968859 0.239503 0.062282 0.114691
0 0.714404 0.426381 0.039132 0.051275
0 0.758260 0.439200 0.091753 0.087706
0 0.970881 0.628103 0.058238 0.095800
0 0.899260 0.766406 0.101200 0.116041
0 0.746787 0.534325 0.101200 0.070166
0 0.760281 0.628103 0.039132 0.047225
0 0.356166 0.779225 0.072864 0.063419
0 0.414859 0.780575 0.066115 0.068816
0 0.407438 0.856812 0.083655 0.064766
0 0.333902 0.855463 0.058022 0.059369
0 0.456689 0.917531 0.093102 0.094453
0 0.661783 0.810934 0.085004 0.105247
0 0.021561 0.921578 0.043122 0.094453
0 0.937715 0.873678 0.080958 0.074212
0 0.981677 0.966862 0.036646 0.066276
0 0.874975 0.964162 0.106596 0.071676
0 0.817626 0.885822 0.099847 0.082309
0 0.628723 0.972259 0.070166 0.055482