0 0.017775 0.822105 0.035549 0.120038
0 0.151278 0.310066 0.090301 0.092375
0 0.273755 0.196413 0.096529 0.116247
0 0.281021 0.045272 0.117284 0.090544
0 0.679586 0.975495 0.096529 0.049010
0 0.570080 0.955254 0.087185 0.089492
0 0.717468 0.806197 0.085112 0.079922
0 0.630800 0.791147 0.094451 0.101716
0 0.386889 0.380647 0.088224 0.115209
0 0.498466 0.511944 0.099640 0.099641
0 0.408165 0.591347 0.110022 0.094453
0 0.366650 0.533222 0.097567 0.098603
0 0.508327 0.310066 0.090301 0.098603
0 0.509366 0.223400 0.092374 0.085109
0 0.245729 0.818653 0.061236 0.086147