0 0.052574 0.790291 0.105148 0.095583
0 0.241246 0.722881 0.080938 0.098612
0 0.319215 0.725313 0.103123 0.103125
0 0.493632 0.703412 0.080093 0.072450
0 0.670337 0.639063 0.084197 0.084375
0 0.769992 0.623438 0.073438 0.078125
0 0.466321 0.607031 0.106218 0.107812
0 0.345293 0.647151 0.102160 0.094300
0 0.045543 0.589844 0.091086 0.117188
0 0.087180 0.560937 0.079689 0.090625
0 0.355151 0.465625 0.093751 0.081250
0 0.859837 0.417187 0.068752 0.075000
0 0.866499 0.488107 0.072701 0.057465
0 0.791870 0.453708 0.064061 0.055084
0 0.524680 0.293750 0.123436 0.115625
0 0.546632 0.167515 0.095855 0.113156
0 0.565574 0.018750 0.086469 0.037500
0 0.137953 0.139897 0.053109 0.044041