0 0.607961 0.741719 0.112499 0.104688
0 0.476714 0.687812 0.112499 0.109375
0 0.693121 0.282344 0.092186 0.092188
0 0.262652 0.330000 0.078123 0.081250
0 0.257962 0.141719 0.087500 0.085938
0 0.179838 0.136924 0.090625 0.088847
0 0.315776 0.066121 0.090625 0.093382
0 0.571667 0.051565 0.074282 0.084995
0 0.439213 0.455469 0.096876 0.095312
0 0.492337 0.922656 0.096876 0.082812
0 0.975701 0.946606 0.048598 0.066788
0 0.817807 0.222969 0.085940 0.082812
0 0.759992 0.725136 0.064061 0.065272
0 0.720150 0.615156 0.071877 0.095312