0 0.407438 0.056812 0.083655 0.064766
0 0.333902 0.055462 0.058022 0.059369
0 0.456689 0.117531 0.093102 0.094453
0 0.661783 0.031779 0.085004 0.063558
0 0.017514 0.371875 0.035028 0.079609
0 0.057965 0.390766 0.053970 0.052622
0 0.937715 0.061221 0.080958 0.099126
0 0.981677 0.197798 0.036646 0.076944
0 0.874975 0.180947 0.106596 0.105247
0 0.817626 0.085822 0.099847 0.082309
0 0.949967 0.315878 0.100065 0.105247
0 0.849337 0.323300 0.103898 0.103897
0 0.765005 0.274050 0.062068 0.080959
0 0.758932 0.349612 0.039132 0.059369
0 0.714404 0.446763 0.109294 0.105247
0 0.632098 0.544588 0.103898 0.101197
0 0.491770 0.337469 0.041830 0.075562
0 0.493791 0.240991 0.064766 0.085006
0 0.628723 0.177575 0.070166 0.066116
0 0.491093 0.540538 0.083655 0.076909
0 0.545068 0.656578 0.099847 0.106597
0 0.912754 0.946681 0.085004 0.087706
0 0.221905 0.925766 0.074213 0.064766
0 0.227978 0.798256 0.086358 0.085006
0 0.033706 0.863025 0.067412 0.076909
0 0.277229 0.712575 0.082306 0.086356
0 0.607808 0.905528 0.079609 0.078259
0 0.574753 0.988520 0.094451 0.022960
0 0.422280 0.009715 0.075130 0.019430