0 0.020408 0.382366 0.040816 0.088616
0 0.080747 0.395494 0.097370 0.090806
0 0.044547 0.474812 0.045052 0.070019
0 0.090044 0.137847 0.080957 0.074394
0 0.111377 0.224825 0.092994 0.086428
0 0.161705 0.179969 0.095180 0.099556
0 0.195620 0.094087 0.082053 0.085334
0 0.249773 0.165200 0.096275 0.087522
0 0.373947 0.053606 0.101746 0.089709
0 0.540243 0.060719 0.053608 0.071112
0 0.609713 0.051419 0.102841 0.091900
0 0.613539 0.148241 0.084243 0.086428
0 0.610804 0.190362 0.083148 0.063453
0 0.675353 0.072206 0.054703 0.087522
0 0.790776 0.133472 0.051418 0.050325
0 0.971695 0.201850 0.056610 0.090806
0 0.958021 0.282259 0.083957 0.098463
0 0.943390 0.434878 0.072206 0.062359
0 0.282593 0.737378 0.078772 0.078772
0 0.333466 0.726437 0.062360 0.067831
0 0.401846 0.788800 0.052513 0.054703
0 0.364101 0.810131 0.084243 0.084241
0 0.463111 0.858269 0.063455 0.064547
0 0.323620 0.819431 0.051418 0.072206
0 0.008919 0.809037 0.017838 0.086428
0 0.047927 0.987940 0.082053 0.024120