0 0.015974 0.056569 0.031947 0.073694
0 0.029985 0.079922 0.059970 0.085109
0 0.178813 0.207066 0.069541 0.069541
0 0.022201 0.322278 0.044402 0.079922
0 0.025315 0.455650 0.050630 0.083034
0 0.009745 0.525712 0.019490 0.067466
0 0.375503 0.136487 0.062275 0.071616
0 0.353704 0.078363 0.070580 0.069541
0 0.338655 0.187866 0.057086 0.066428
0 0.401969 0.229381 0.067464 0.068503
0 0.401969 0.278166 0.059164 0.049822
0 0.442967 0.026469 0.060198 0.052934
0 0.671311 0.388706 0.049820 0.063312
0 0.622530 0.387666 0.053970 0.063312
0 0.965564 0.110022 0.059164 0.066428