0 0.586506 0.957172 0.082292 0.071031
0 0.615956 0.903031 0.078828 0.075363
0 0.583470 0.837197 0.091824 0.080562
0 0.303513 0.724093 0.120953 0.077720
0 0.450069 0.688634 0.126472 0.121275
0 0.276554 0.665155 0.097150 0.094560
0 0.068053 0.486399 0.107417 0.110104
0 0.143671 0.393367 0.093042 0.089842
0 0.165508 0.583189 0.070166 0.060160
0 0.268072 0.477276 0.093390 0.107401
0 0.466089 0.346290 0.123888 0.110528
0 0.520078 0.329663 0.053109 0.086788
0 0.346552 0.300828 0.092689 0.096475
0 0.941234 0.333038 0.093554 0.096153
0 0.985344 0.360325 0.029312 0.077962
0 0.970207 0.414857 0.059585 0.079613
0 0.682692 0.554227 0.054504 0.074775
0 0.079739 0.113342 0.094407 0.089378
0 0.334858 0.041562 0.105684 0.083124
0 0.645725 0.157243 0.097150 0.083917
0 0.020599 0.329575 0.041198 0.099619
0 0.518782 0.393135 0.055699 0.040155
0 0.967617 0.733161 0.046632 0.064767