0 0.035058 0.382934 0.070116 0.085816
0 0.035867 0.464703 0.071734 0.110103
0 0.011580 0.582900 0.023160 0.074481
0 0.018058 0.659003 0.036116 0.087434
0 0.069305 0.124675 0.089056 0.084197
0 0.164837 0.041287 0.076102 0.082574
0 0.202080 0.102819 0.079341 0.089053
0 0.196412 0.212113 0.074481 0.093912
0 0.397999 0.378887 0.105247 0.080959
0 0.404476 0.423412 0.092294 0.053431
0 0.367233 0.479275 0.082579 0.097150
0 0.359140 0.556994 0.085817 0.077719
0 0.057165 0.848447 0.084196 0.097150
0 0.537246 0.019431 0.111724 0.038859
0 0.529961 0.058291 0.080958 0.074481
0 0.666783 0.170012 0.095532 0.110103
0 0.778502 0.258256 0.098770 0.098769
0 0.739642 0.296309 0.063149 0.061528
0 0.507293 0.283356 0.080958 0.077719
0 0.500817 0.328691 0.061528 0.051813
0 0.685400 0.434747 0.068004 0.066387
0 0.768787 0.519753 0.085817 0.097150
0 0.665970 0.521372 0.055051 0.074481
0 0.716166 0.764250 0.080958 0.090675
0 0.640063 0.799059 0.100387 0.092294
0 0.786600 0.980084 0.114962 0.039831
0 0.972234 0.049384 0.055532 0.098768
0 0.700777 0.580311 0.059585 0.088083