0 0.025438 0.444234 0.050875 0.095491
0 0.056581 0.257925 0.104829 0.117288
0 0.136504 0.256369 0.092374 0.105869
0 0.132871 0.372097 0.097567 0.092375
0 0.194107 0.175928 0.105868 0.115209
0 0.139616 0.064353 0.071619 0.058125
0 0.201374 0.069022 0.060198 0.042556
0 0.224206 0.285431 0.083035 0.091338
0 0.364849 0.017644 0.092374 0.035287
0 0.411036 0.045150 0.076807 0.090300
0 0.521575 0.072138 0.096529 0.102756
0 0.567245 0.030100 0.090301 0.060200
0 0.627443 0.009859 0.044631 0.019718
0 0.963963 0.155691 0.072074 0.126628
0 0.940378 0.230941 0.087185 0.084072
0 0.981088 0.268825 0.037823 0.103794
0 0.998214 0.254812 0.003572 0.090300
0 0.851638 0.436450 0.081996 0.090300
0 0.922217 0.577091 0.077846 0.078881
0 0.887964 0.603037 0.086146 0.087187
0 0.916507 0.411022 0.085112 0.076806
0 0.727604 0.885872 0.072657 0.077844
0 0.664808 0.895734 0.063314 0.060200
0 0.424530 0.923756 0.078885 0.085109
0 0.352911 0.776891 0.089262 0.092375
0 0.276104 0.743678 0.080958 0.088225
0 0.533513 0.991460 0.072657 0.017080
0 0.357583 0.988865 0.065391 0.022270
0 0.308797 0.956972 0.075769 0.074731
0 0.254827 0.947113 0.048781 0.044631
0 0.207601 0.904556 0.062275 0.067466
0 0.207601 0.948150 0.047743 0.040478
0 0.101212 0.894178 0.079919 0.081997
0 0.032704 0.874456 0.065407 0.094453