0 0.646596 0.091321 0.101482 0.094560
0 0.224313 0.205048 0.142926 0.113221
0 0.274762 0.295312 0.111098 0.109375
0 0.430929 0.317969 0.110939 0.101562
0 0.849082 0.496770 0.115261 0.112710
0 0.865285 0.389063 0.062176 0.084375
0 0.957263 0.564156 0.085474 0.099814
0 0.903859 0.718912 0.106789 0.101036
0 0.979138 0.746883 0.041724 0.099984
0 0.883420 0.953906 0.098446 0.092187
0 0.700777 0.978627 0.036269 0.042746
0 0.568294 0.970855 0.108090 0.058290
0 0.825777 0.744543 0.084197 0.101587
0 0.444628 0.784375 0.113334 0.106250
0 0.234638 0.839062 0.105853 0.103125