0 0.164683 0.034375 0.060935 0.065625
0 0.246712 0.180469 0.074998 0.070313
0 0.294370 0.150000 0.067186 0.075000
0 0.339683 0.330469 0.067186 0.076562
0 0.251398 0.246094 0.065626 0.060937
0 0.208431 0.285937 0.064061 0.062500
0 0.130307 0.393750 0.067186 0.065625
0 0.219367 0.431250 0.067186 0.062500
0 0.317804 0.414063 0.073437 0.075000
0 0.265460 0.542969 0.074998 0.073438
0 0.184992 0.500781 0.060935 0.060938
0 0.102963 0.577344 0.062501 0.067188
0 0.181871 0.650781 0.082814 0.073438
0 0.031949 0.638281 0.063898 0.057813
0 0.038902 0.564844 0.068752 0.067188
0 0.052179 0.481250 0.073438 0.075000
0 0.004606 0.464844 0.009212 0.060938
0 0.010856 0.511719 0.021711 0.054688
0 0.035776 0.310156 0.049999 0.054688
0 0.009293 0.300781 0.018586 0.073437
0 0.452337 0.207813 0.081249 0.071875
0 0.370308 0.176563 0.079689 0.078125
0 0.445306 0.067188 0.070312 0.078125
0 0.518743 0.075781 0.073438 0.073438
0 0.499995 0.123438 0.073437 0.062500
0 0.673430 0.331250 0.076563 0.087500
0 0.614055 0.360156 0.079689 0.082812
0 0.760930 0.308594 0.076563 0.082812
0 0.834367 0.325781 0.089060 0.095313
0 0.883586 0.136719 0.087500 0.082812
0 0.535151 0.896875 0.096876 0.093750
0 0.847964 0.759687 0.100002 0.090625
0 0.862027 0.957344 0.074998 0.076562
0 0.981013 0.746406 0.037974 0.070313
0 0.985700 0.695625 0.028600 0.062500
0 0.988825 0.586250 0.022350 0.081250
0 0.839368 0.410156 0.107813 0.079688
0 0.966169 0.252344 0.067661 0.092188
0 0.989606 0.025781 0.020788 0.051562
0 0.779993 0.023438 0.073437 0.046875
0 0.845619 0.015625 0.057815 0.031250
0 0.809683 0.060156 0.064061 0.064062
0 0.784684 0.100000 0.085940 0.068750
0 0.722183 0.056250 0.060935 0.050000
0 0.645620 0.210156 0.082814 0.070312
0 0.653431 0.140625 0.073438 0.046875
0 0.895725 0.513969 0.047927 0.056436
0 0.973981 0.512500 0.052038 0.075000
0 0.922182 0.606250 0.095311 0.075000
0 0.569057 0.014063 0.076563 0.028125
0 0.574523 0.036719 0.040627 0.035938
0 0.801813 0.151554 0.067358 0.072539
0 0.436528 0.010363 0.080311 0.020725