0 0.001807 0.032200 0.003614 0.064400
0 0.029407 0.033119 0.058813 0.066237
0 0.110330 0.058878 0.132479 0.117756
0 0.057892 0.105797 0.090160 0.079119
0 0.013766 0.733228 0.027532 0.104878
0 0.177488 0.787506 0.086480 0.091997
0 0.043206 0.987591 0.086412 0.024818
0 0.588720 0.100278 0.084638 0.093838
0 0.588720 0.198716 0.080958 0.091997
0 0.518802 0.157316 0.099358 0.108559
0 0.435086 0.150878 0.097520 0.091997
0 0.418523 0.260356 0.075440 0.093837
0 0.528921 0.272316 0.093840 0.106719
0 0.577684 0.311875 0.058877 0.046000
0 0.450723 0.366153 0.088318 0.084637
0 0.377125 0.450791 0.080958 0.084637
0 0.769040 0.028519 0.066237 0.057038
0 0.988477 0.258516 0.023046 0.071759
0 0.908874 0.684469 0.080958 0.080959
0 0.849997 0.724947 0.103038 0.106719
0 0.644842 0.701028 0.090160 0.084637
0 0.637482 0.620069 0.075440 0.084637
0 0.591483 0.630188 0.038639 0.064400
0 0.617239 0.546469 0.060719 0.077278
0 0.819640 0.290716 0.049679 0.047841
0 0.781918 0.311875 0.044161 0.042319
0 0.834356 0.367072 0.112236 0.115919
0 0.825158 0.438831 0.101200 0.079119
0 0.845396 0.467353 0.075440 0.066237
0 0.908874 0.471950 0.062557 0.075438
0 0.850918 0.540031 0.090160 0.090159
0 0.907036 0.594309 0.088318 0.077278
0 0.928196 0.538191 0.075440 0.093838
0 0.968677 0.488513 0.049679 0.068078
0 0.982958 0.410313 0.034084 0.084637
0 0.874837 0.887784 0.049679 0.071759
0 0.830676 0.950344 0.082800 0.093837
0 0.927275 0.958622 0.077277 0.080959
0 0.928756 0.308290 0.056995 0.077720
0 0.722150 0.551166 0.040155 0.097150
0 0.042098 0.938472 0.084196 0.084197