0 0.060233 0.064500 0.084197 0.077097
0 0.031131 0.183608 0.051727 0.064108
0 0.028497 0.110000 0.056994 0.052020
0 0.241065 0.153725 0.080047 0.073631
0 0.286800 0.226056 0.091824 0.077962
0 0.231791 0.377219 0.090954 0.077097
0 0.112246 0.571256 0.089225 0.077097
0 0.366925 0.635359 0.087491 0.064969
0 0.288838 0.941713 0.095900 0.088089
0 0.606447 0.808178 0.069302 0.069300
0 0.562824 0.758348 0.079016 0.078872
0 0.833400 0.959095 0.095288 0.081809
0 0.354367 0.485931 0.105684 0.084894
0 0.589555 0.407733 0.068432 0.065363
0 0.708764 0.517897 0.074699 0.069472
0 0.959197 0.134234 0.081606 0.084894
0 0.931995 0.049763 0.060881 0.063257
0 0.966510 0.031602 0.066980 0.063203
0 0.884945 0.020773 0.092689 0.041545
0 0.072539 0.227332 0.072539 0.060881
0 0.475389 0.181995 0.062176 0.058290
0 0.556995 0.941710 0.059585 0.049223
0 0.125000 0.360104 0.055699 0.049223