0 0.545308 0.948594 0.104688 0.102812
0 0.217039 0.023437 0.058150 0.046874
0 0.566867 0.056250 0.120311 0.103125
0 0.879840 0.949062 0.106248 0.101875
0 0.570462 0.696562 0.112499 0.103125
0 0.341321 0.601250 0.091969 0.096875
0 0.551750 0.468438 0.090548 0.093750
0 0.644680 0.524687 0.098437 0.090625
0 0.653276 0.444219 0.106248 0.085938
0 0.601713 0.292656 0.087500 0.082813
0 0.679056 0.235625 0.079689 0.084375
0 0.974741 0.294531 0.050518 0.107813
0 0.939215 0.122656 0.093751 0.089062
0 0.787649 0.133594 0.084374 0.076563
0 0.700149 0.074219 0.100002 0.092188