0 0.095150 0.809688 0.078123 0.078125
0 0.279526 0.730000 0.090625 0.087500
0 0.305306 0.817500 0.092186 0.075000
0 0.341242 0.887031 0.085940 0.076562
0 0.299840 0.980625 0.078123 0.038750
0 0.397492 0.827656 0.092186 0.085938
0 0.443589 0.746406 0.093751 0.079688
0 0.564680 0.694063 0.089060 0.093750
0 0.148274 0.544844 0.071877 0.082812
0 0.283131 0.297927 0.074034 0.069948
0 0.312337 0.408125 0.081249 0.081250
0 0.491243 0.198750 0.095311 0.090625
0 0.629526 0.153438 0.071877 0.084375
0 0.696712 0.231562 0.068752 0.071875
0 0.413899 0.029062 0.090625 0.058124
0 0.823429 0.913594 0.098437 0.095312
0 0.955076 0.608125 0.089848 0.093750
0 0.958981 0.464375 0.082037 0.106250
0 0.991013 0.369063 0.017974 0.100000
0 0.900064 0.018906 0.051424 0.037812
0 0.781857 0.039037 0.068411 0.061823
0 0.958200 0.022031 0.083600 0.044062