0 0.040848 0.026312 0.081691 0.052622
0 0.123521 0.085006 0.116038 0.102547
0 0.164002 0.174059 0.097149 0.097150
0 0.090461 0.175409 0.071515 0.094453
0 0.375168 0.025637 0.079609 0.051274
0 0.460849 0.051275 0.091753 0.091753
0 0.251032 0.356894 0.114689 0.109294
0 0.237538 0.543772 0.106596 0.097150
0 0.529662 0.250297 0.097149 0.087706
0 0.472317 0.294825 0.074213 0.074212
0 0.568794 0.327881 0.099847 0.070166
0 0.596453 0.443922 0.095800 0.089053
0 0.585658 0.179459 0.090404 0.080959
0 0.902748 0.317087 0.085004 0.083656
0 0.909492 0.491822 0.066115 0.082309
0 0.833258 0.446622 0.078260 0.048575
0 0.763769 0.481028 0.079609 0.095800
0 0.872386 0.531628 0.086358 0.080959
0 0.908820 0.568734 0.051272 0.044528
0 0.792777 0.549844 0.078260 0.087706
0 0.526292 0.575481 0.093102 0.071513
0 0.431836 0.561987 0.060719 0.074213
0 0.370445 0.583575 0.094451 0.098500
0 0.345483 0.623381 0.055324 0.062069
0 0.468943 0.669256 0.048575 0.064766
0 0.568117 0.620681 0.066115 0.070166
0 0.610624 0.628103 0.045877 0.041828
0 0.042563 0.462137 0.075562 0.076909
0 0.032750 0.532978 0.065499 0.078259
0 0.161976 0.572781 0.090405 0.090403
0 0.122849 0.652391 0.085004 0.085006
0 0.066848 0.608537 0.051272 0.070166
0 0.205155 0.699616 0.085004 0.090403
0 0.257104 0.720531 0.056673 0.062069
0 0.194359 0.783950 0.071515 0.072863
0 0.209202 0.877050 0.071515 0.053972
0 0.087763 0.978330 0.114689 0.043340
0 0.710471 0.731325 0.078260 0.083656
0 0.148964 0.483161 0.062176 0.067358