0 0.705128 0.877924 0.126014 0.118542
0 0.587435 0.876943 0.123057 0.113990
0 0.588731 0.754625 0.138601 0.121713
0 0.769407 0.713083 0.116627 0.102332
0 0.963083 0.534974 0.073834 0.072539
0 0.903901 0.479756 0.085005 0.091284
0 0.949765 0.434826 0.079746 0.089860
0 0.722757 0.448819 0.143012 0.110556
0 0.583801 0.525328 0.132869 0.107651
0 0.683938 0.553109 0.093264 0.082902
0 0.533679 0.486486 0.124352 0.110278
0 0.223620 0.602979 0.065713 0.086788
0 0.110104 0.489637 0.064767 0.069948
0 0.500648 0.400071 0.123057 0.118795
0 0.666451 0.291451 0.107513 0.093264
0 0.742876 0.217617 0.086788 0.059585
0 0.758420 0.144430 0.076425 0.079016
0 0.806843 0.105130 0.096159 0.085908
0 0.576425 0.025907 0.090674 0.051813
0 0.434585 0.451425 0.091969 0.117876
0 0.984456 0.478627 0.031088 0.079016
0 0.510363 0.327073 0.077720 0.047927