0 0.023669 0.174340 0.047338 0.058055
0 0.302461 0.252603 0.102332 0.095831
0 0.405555 0.222798 0.100808 0.077720
0 0.702441 0.342969 0.097709 0.089062
0 0.685881 0.404469 0.058290 0.058938
0 0.445596 0.529886 0.082902 0.087897
0 0.279793 0.461318 0.090674 0.085136
0 0.239637 0.374352 0.088083 0.072539
0 0.023316 0.542118 0.046632 0.068613
0 0.277013 0.905440 0.078099 0.090674
0 0.175460 0.911719 0.118750 0.101562
0 0.022104 0.964378 0.044208 0.071244
0 0.378019 0.866605 0.098008 0.085541
0 0.537565 0.784327 0.082902 0.068652
0 0.831021 0.906481 0.107639 0.090164
0 0.599093 0.577720 0.063472 0.072539
0 0.533031 0.836140 0.050518 0.089378