0 0.027733 0.981250 0.055466 0.037500
0 0.123430 0.899219 0.076563 0.079687
0 0.202338 0.920312 0.068752 0.078125
0 0.171610 0.967969 0.042703 0.051562
0 0.324994 0.843750 0.085940 0.090625
0 0.083588 0.699219 0.068752 0.064063
0 0.099211 0.761719 0.053124 0.060938
0 0.141398 0.738281 0.059375 0.070313
0 0.042746 0.786804 0.059585 0.061108
0 0.169993 0.571875 0.066561 0.068750
0 0.539211 0.907344 0.049999 0.067187
0 0.571246 0.922187 0.039062 0.065625
0 0.507180 0.923750 0.060935 0.059375
0 0.491558 0.972031 0.057815 0.055937
0 0.800150 0.963594 0.071877 0.070312
0 0.743901 0.928437 0.046873 0.056250
0 0.707964 0.971250 0.078123 0.057500
0 0.881399 0.330052 0.053124 0.060104
0 0.828275 0.333594 0.062501 0.057812
0 0.823589 0.365625 0.056250 0.053125
0 0.746403 0.314844 0.073118 0.076562
0 0.600428 0.337500 0.071323 0.062500
0 0.534402 0.452344 0.068501 0.070313
0 0.327495 0.335938 0.060935 0.065625
0 0.306102 0.265625 0.058781 0.068750
0 0.264214 0.308594 0.053124 0.064062
0 0.257302 0.251563 0.063827 0.065625
0 0.228075 0.204687 0.059776 0.046875
0 0.285878 0.062257 0.069166 0.062014
0 0.450931 0.139063 0.076563 0.065625
0 0.478275 0.190625 0.065626 0.065625
0 0.439994 0.050000 0.082814 0.078125
0 0.572026 0.097656 0.078123 0.073437
0 0.532180 0.131250 0.070312 0.062500
0 0.600931 0.125000 0.064061 0.068750
0 0.647804 0.168750 0.076563 0.075000
0 0.715776 0.061719 0.059375 0.057813
0 0.771245 0.046875 0.070312 0.068750
0 0.786088 0.210156 0.068752 0.060937
0 0.763429 0.135156 0.076563 0.079687
0 0.823589 0.114844 0.059375 0.070313
0 0.883224 0.064844 0.075522 0.076563
0 0.194682 0.691250 0.073437 0.071875
0 0.027202 0.868523 0.054404 0.045337
0 0.913860 0.919689 0.068653 0.067358