0 0.017487 0.016192 0.034974 0.032383
0 0.205776 0.014844 0.081249 0.029687
0 0.278429 0.031250 0.076563 0.062500
0 0.152648 0.072656 0.071877 0.079687
0 0.060462 0.053906 0.074998 0.092187
0 0.179992 0.209375 0.079688 0.081250
0 0.465151 0.082812 0.096876 0.084375
0 0.504993 0.024219 0.085939 0.048437
0 0.254215 0.317187 0.087500 0.096875
0 0.365149 0.373438 0.084374 0.081250
0 0.426869 0.432813 0.082814 0.075000
0 0.491710 0.497656 0.071877 0.095312
0 0.433900 0.500781 0.078123 0.085937
0 0.433900 0.585937 0.084374 0.090625
0 0.197180 0.540625 0.089060 0.068750
0 0.327652 0.657031 0.090625 0.076562
0 0.152648 0.556250 0.071877 0.071875
0 0.023981 0.682813 0.047962 0.065625
0 0.093277 0.628906 0.056250 0.054687
0 0.162024 0.781250 0.071877 0.075000
0 0.125816 0.760330 0.059923 0.054339
0 0.685463 0.007772 0.062501 0.015544
0 0.558902 0.033125 0.062501 0.066250
0 0.592493 0.020625 0.051564 0.041250
0 0.637025 0.402969 0.093751 0.089062
0 0.570619 0.378750 0.079689 0.075000
0 0.391713 0.785781 0.074998 0.079688
0 0.414367 0.881875 0.092186 0.068750
0 0.335464 0.973750 0.078123 0.052500
0 0.276088 0.922500 0.056250 0.068750
0 0.829683 0.769062 0.073438 0.075000
0 0.272668 0.103627 0.081606 0.069948
0 0.902850 0.911917 0.044041 0.038860