0 0.480570 0.058427 0.088083 0.080584
0 0.623459 0.073187 0.091477 0.097150
0 0.337422 0.156756 0.090090 0.077962
0 0.261353 0.610241 0.093874 0.087491
0 0.359089 0.464711 0.090113 0.077090
0 0.567844 0.498925 0.091824 0.079694
0 0.450577 0.676166 0.059986 0.064767
0 0.126295 0.742344 0.089378 0.095287
0 0.063655 0.899566 0.098812 0.104816
0 0.204718 0.844128 0.072429 0.064969
0 0.682703 0.756634 0.090795 0.080562
0 0.063472 0.975121 0.056995 0.049758
0 0.096382 0.035622 0.079256 0.071244
0 0.934703 0.917759 0.071901 0.061503
0 0.763416 0.980752 0.110474 0.038496
0 0.978829 0.498494 0.042342 0.090956
0 0.802600 0.444784 0.091824 0.080562
0 0.734600 0.447384 0.068432 0.082294
0 0.740663 0.505422 0.094423 0.063237
0 0.871114 0.281143 0.094560 0.085602
0 0.832050 0.117775 0.090090 0.090091
0 0.952073 0.956606 0.059585 0.055699
0 0.986399 0.966969 0.022021 0.066062
0 0.648316 0.321891 0.068653 0.058290