0 0.058273 0.199219 0.084374 0.092187
0 0.115307 0.482812 0.079689 0.075000
0 0.142652 0.535938 0.065626 0.062500
0 0.196556 0.573438 0.067186 0.078125
0 0.116087 0.621875 0.087500 0.068750
0 0.081712 0.569531 0.074998 0.073438
0 0.148898 0.670312 0.081249 0.078125
0 0.714524 0.901875 0.090625 0.093750
0 0.596554 0.955000 0.092186 0.087500
0 0.828589 0.876875 0.078123 0.084375
0 0.908277 0.862031 0.078123 0.076562
0 0.950464 0.695625 0.049999 0.062500
0 0.978358 0.677656 0.043284 0.070313
0 0.990075 0.645625 0.019850 0.068750