0 0.364344 0.980570 0.093554 0.038860
0 0.438411 0.973388 0.101351 0.053223
0 0.191496 0.954016 0.118743 0.091968
0 0.332087 0.869819 0.100075 0.107513
0 0.217084 0.752738 0.098752 0.119544
0 0.966302 0.542238 0.067395 0.100484
0 0.889292 0.492428 0.117810 0.104816
0 0.352332 0.378886 0.103627 0.102332
0 0.191981 0.040155 0.090132 0.080310
0 0.957902 0.650907 0.047927 0.079016
0 0.091969 0.648316 0.075130 0.076425
0 0.086140 0.755181 0.063472 0.093264
0 0.053109 0.945596 0.106218 0.108808
0 0.274611 0.023316 0.056995 0.046632
0 0.284974 0.579016 0.090674 0.098446
0 0.183938 0.550518 0.080311 0.103627