0 0.121209 0.103763 0.101717 0.096528
0 0.245759 0.137494 0.091340 0.091338
0 0.345399 0.095459 0.099640 0.090300
0 0.064640 0.194581 0.075769 0.070578
0 0.160652 0.593147 0.120400 0.105869
0 0.277419 0.332625 0.061236 0.051897
0 0.199056 0.743128 0.087185 0.090300
0 0.550395 0.048753 0.081996 0.096528
0 0.494342 0.183684 0.081996 0.067466
0 0.752269 0.126078 0.070580 0.062275
0 0.741891 0.211187 0.078885 0.083034
0 0.886163 0.219491 0.099640 0.103794
0 0.616820 0.608197 0.125589 0.108981
0 0.465282 0.631550 0.073691 0.070578
0 0.801572 0.891031 0.119361 0.105869
0 0.813510 0.963688 0.093412 0.056047
0 0.946714 0.038128 0.106571 0.076256