0 0.787964 0.288281 0.087500 0.085938
0 0.884408 0.394292 0.083515 0.094835
0 0.972888 0.228125 0.054224 0.078125
0 0.981218 0.299219 0.037564 0.082813
0 0.493429 0.603906 0.101562 0.101563
0 0.883420 0.675000 0.077720 0.087500
0 0.781713 0.792880 0.074998 0.082634
0 0.835578 0.814767 0.082730 0.077720
0 0.955933 0.750996 0.073438 0.066758
0 0.739283 0.976563 0.069239 0.046874
0 0.802807 0.967969 0.079689 0.064062
0 0.935023 0.962500 0.090254 0.075000
0 0.948187 0.893135 0.069948 0.055699
0 0.051166 0.025259 0.102332 0.050518