0 0.303752 0.797499 0.079025 0.076864
0 0.172292 0.803543 0.072514 0.063045
0 0.144698 0.689534 0.095288 0.084894
0 0.165923 0.626300 0.089225 0.079694
0 0.143400 0.561331 0.087491 0.076231
0 0.327043 0.608541 0.090954 0.080563
0 0.107450 0.552669 0.076229 0.084894
0 0.184981 0.472972 0.103085 0.107416
0 0.379886 0.579956 0.073630 0.070166
0 0.366879 0.494570 0.092667 0.079813
0 0.462435 0.749714 0.075130 0.077149
0 0.159522 0.305448 0.090283 0.101539
0 0.246023 0.171519 0.077903 0.090091
0 0.162459 0.132103 0.084027 0.082294
0 0.025907 0.042746 0.051813 0.085492
0 0.818361 0.361021 0.091257 0.096611
0 0.710034 0.323777 0.087705 0.111284
0 0.815608 0.177147 0.104815 0.089225
0 0.757302 0.140846 0.079370 0.108117
0 0.518229 0.084468 0.106030 0.097904
0 0.452510 0.046117 0.087208 0.079281
0 0.403570 0.017487 0.097296 0.034974
0 0.409326 0.799223 0.062176 0.064767
0 0.956606 0.363990 0.055699 0.090674
0 0.935881 0.306347 0.050518 0.042746
0 0.675518 0.229922 0.089378 0.086788
0 0.291451 0.490285 0.049223 0.076425
0 0.216321 0.591321 0.051813 0.050518
0 0.293394 0.433290 0.037565 0.055699
0 0.249352 0.758420 0.063472 0.066062
0 0.086788 0.804404 0.049223 0.056995