0 0.332902 0.968264 0.044041 0.063472
0 0.119504 0.887670 0.097779 0.104355
0 0.330967 0.801236 0.104905 0.102191
0 0.407746 0.831117 0.083472 0.047610
0 0.841969 0.707902 0.106218 0.107513
0 0.914564 0.645725 0.100924 0.107513
0 0.971503 0.692719 0.056994 0.065340
0 0.965674 0.239503 0.068652 0.075399
0 0.929712 0.190761 0.086171 0.086185
0 0.977979 0.404145 0.044041 0.093264
0 0.716969 0.786917 0.099741 0.102332
0 0.446891 0.602332 0.072539 0.093264
0 0.291451 0.926166 0.075130 0.101036
0 0.676813 0.849741 0.071244 0.069948
0 0.873705 0.865285 0.081606 0.088083
0 0.472798 0.954663 0.098446 0.090674