0 0.077121 0.892002 0.112598 0.113019
0 0.505925 0.752303 0.100486 0.104816
0 0.502462 0.617169 0.069302 0.064969
0 0.482971 0.523613 0.056306 0.058038
0 0.445718 0.487231 0.070166 0.059772
0 0.410205 0.457347 0.082292 0.071031
0 0.228516 0.383281 0.068875 0.078828
0 0.186898 0.391944 0.078459 0.075363
0 0.337440 0.307919 0.075365 0.089225
0 0.294256 0.212801 0.056565 0.068089
0 0.024706 0.270234 0.049412 0.095287
0 0.034326 0.187075 0.068652 0.097019
0 0.220855 0.225389 0.066062 0.075130
0 0.407112 0.212809 0.074377 0.078469
0 0.063849 0.029793 0.057751 0.059585
0 0.086140 0.927097 0.097150 0.078449
0 0.634155 0.810132 0.065888 0.061083
0 0.735660 0.761400 0.056812 0.062369
0 0.889243 0.751438 0.073630 0.066700
0 0.888374 0.454747 0.051108 0.036381
0 0.584197 0.560391 0.051813 0.060564
0 0.855023 0.290159 0.065833 0.062369
0 0.904145 0.270095 0.056995 0.060916
0 0.560497 0.290159 0.072765 0.065834
0 0.568727 0.226491 0.073630 0.075363
0 0.628501 0.214363 0.087491 0.080562
0 0.749068 0.166744 0.057721 0.066649
0 0.758420 0.194872 0.063472 0.043312
0 0.614641 0.119941 0.082292 0.085759
0 0.856425 0.052795 0.077305 0.069322
0 0.981219 0.084859 0.037561 0.064103
0 0.744819 0.625648 0.067358 0.072539