0 0.308422 0.928622 0.084891 0.079694
0 0.044716 0.745048 0.078962 0.085034
0 0.035532 0.680872 0.071064 0.077963
0 0.099093 0.594250 0.086788 0.079691
0 0.042746 0.623649 0.056995 0.071133
0 0.013877 0.595547 0.027754 0.075363
0 0.307866 0.660303 0.073387 0.062813
0 0.304089 0.599447 0.071031 0.064103
0 0.265972 0.618503 0.069302 0.074497
0 0.348308 0.787856 0.062452 0.066700
0 0.112174 0.681306 0.083943 0.085759
0 0.105899 0.140331 0.088721 0.083159
0 0.033031 0.141192 0.066062 0.044041
0 0.519308 0.182791 0.106462 0.103924
0 0.395043 0.022091 0.131670 0.044178
0 0.493799 0.022522 0.093554 0.045044
0 0.364291 0.925156 0.063238 0.051975
0 0.604922 0.541716 0.082902 0.091203
0 0.683938 0.551369 0.063238 0.058037
0 0.669170 0.444413 0.083940 0.088308
0 0.551100 0.044178 0.097282 0.088356
0 0.014896 0.014896 0.029792 0.029792
0 0.034326 0.059585 0.068652 0.095855
0 0.024611 0.520725 0.049222 0.067358
0 0.283679 0.552461 0.064767 0.063472