0 0.492511 0.820972 0.048781 0.067466
0 0.245483 0.568238 0.084074 0.068503
0 0.598900 0.485722 0.080958 0.075769
0 0.544930 0.408394 0.062275 0.068503
0 0.664808 0.416178 0.071619 0.067466
0 0.740060 0.399572 0.066430 0.079922
0 0.802334 0.472747 0.080958 0.078881
0 0.918063 0.408394 0.086146 0.078881
0 0.909241 0.042799 0.095490 0.085598
0 0.870320 0.107394 0.090301 0.089263
0 0.992505 0.231428 0.014990 0.071616
0 0.014019 0.582247 0.028038 0.075769
0 0.055542 0.546441 0.063314 0.058125
0 0.146882 0.460809 0.086146 0.077844