0 0.543794 0.973430 0.109543 0.053140
0 0.931248 0.972415 0.109543 0.055170
0 0.739042 0.610119 0.100416 0.079112
0 0.293952 0.602332 0.080489 0.062176
0 0.373157 0.562824 0.082702 0.058290
0 0.469560 0.581606 0.089378 0.075130
0 0.681467 0.507883 0.085732 0.077498
0 0.864331 0.305834 0.105536 0.101428
0 0.218994 0.492028 0.085657 0.059986
0 0.152352 0.459497 0.087087 0.082156
0 0.203500 0.403712 0.104472 0.080128
0 0.242045 0.310906 0.102441 0.093313
0 0.128362 0.580703 0.051566 0.058828
0 0.031579 0.405234 0.058830 0.056800
0 0.042098 0.489791 0.084196 0.070256
0 0.095705 0.580311 0.064467 0.062176
0 0.088886 0.324091 0.078100 0.058828
0 0.102074 0.200350 0.086212 0.073028
0 0.319130 0.134422 0.098385 0.089256
0 0.401286 0.088272 0.110558 0.092300
0 0.075777 0.047194 0.084197 0.083172
0 0.681735 0.184066 0.077085 0.065024
0 0.470258 0.099934 0.072013 0.071000
0 0.208549 0.815415 0.080311 0.050518
0 0.948834 0.414508 0.102332 0.082902
0 0.282383 0.383420 0.041451 0.051813
0 0.591969 0.884715 0.075130 0.051813
0 0.542746 0.034974 0.093264 0.069948