0 0.904816 0.159206 0.103931 0.098463
0 0.887308 0.273534 0.097370 0.099556
0 0.968545 0.239072 0.062909 0.045950
0 0.725393 0.279003 0.071111 0.060172
0 0.018894 0.033654 0.037788 0.067308
0 0.107263 0.119275 0.044857 0.060172
0 0.153215 0.113259 0.075487 0.074394
0 0.189316 0.231413 0.095180 0.074394
0 0.013973 0.427247 0.027946 0.065641
0 0.450241 0.289397 0.072206 0.063453
0 0.799240 0.432716 0.102841 0.100650
0 0.954868 0.526803 0.090263 0.100650
0 0.527918 0.959780 0.096275 0.080439
0 0.062957 0.983849 0.122534 0.032302
0 0.095777 0.799766 0.109402 0.097369
0 0.121486 0.740141 0.047042 0.030634
0 0.300908 0.761472 0.119248 0.075488