0 0.540411 0.109034 0.122274 0.116644
0 0.446891 0.113600 0.093264 0.109544
0 0.616940 0.164313 0.097726 0.103456
0 0.518782 0.209845 0.115285 0.111399
0 0.609456 0.270078 0.110104 0.110104
0 0.953931 0.402202 0.092138 0.107513
0 0.907514 0.438472 0.086527 0.081606
0 0.669188 0.542198 0.100035 0.092169
0 0.749524 0.562176 0.089034 0.080311
0 0.497409 0.755829 0.126943 0.112694
0 0.422927 0.787565 0.091969 0.106218
0 0.413212 0.717617 0.054404 0.038860
0 0.131477 0.625000 0.091969 0.081606
0 0.058938 0.064119 0.115285 0.086788
0 0.971503 0.794041 0.054404 0.077720
0 0.525259 0.834845 0.089378 0.050518