0 0.100941 0.186828 0.095490 0.105869
0 0.108724 0.116766 0.088224 0.061238
0 0.039700 0.291141 0.062275 0.050859
0 0.032824 0.533497 0.065648 0.095491
0 0.369245 0.360163 0.096529 0.097566
0 0.387405 0.443197 0.080958 0.068503
0 0.261817 0.021278 0.066430 0.042556
0 0.221857 0.043594 0.052936 0.045669
0 0.291399 0.049303 0.086146 0.094453
0 0.396227 0.025947 0.075769 0.051894
0 0.466290 0.040478 0.072657 0.080956
0 0.448125 0.224194 0.069541 0.064353
0 0.572679 0.196169 0.086146 0.074731
0 0.630800 0.249103 0.069541 0.066428
0 0.658826 0.308784 0.073691 0.075769
0 0.590840 0.334731 0.076807 0.088225
0 0.474595 0.401678 0.078885 0.095491
0 0.639626 0.402197 0.076807 0.086147
0 0.921941 0.108981 0.078885 0.076806
0 0.962007 0.163994 0.075986 0.097566
0 0.843056 0.448384 0.076807 0.070578
0 0.847728 0.509625 0.040481 0.053972
0 0.774554 0.476409 0.076807 0.083034
0 0.916231 0.474853 0.084074 0.090300
0 0.968755 0.528306 0.062490 0.101716
0 0.713835 0.654416 0.067464 0.071616
0 0.721622 0.554775 0.068502 0.069541
0 0.025558 0.654934 0.051116 0.080959
0 0.012586 0.724994 0.025172 0.069541
0 0.299182 0.801800 0.091340 0.077844
0 0.266489 0.868747 0.092374 0.078881
0 0.821262 0.679325 0.076807 0.084072
0 0.764176 0.692300 0.045670 0.058125
0 0.838389 0.795053 0.050859 0.064353
0 0.898070 0.741081 0.053970 0.058125
0 0.930246 0.791941 0.078885 0.083034
0 0.984325 0.780525 0.031350 0.074731
0 0.945812 0.917013 0.056047 0.073694