0 0.580980 0.869234 0.069541 0.051897
0 0.733556 0.842250 0.075769 0.078881
0 0.656748 0.899856 0.044631 0.055009
0 0.794275 0.872350 0.051897 0.066428
0 0.908447 0.925284 0.083035 0.085109
0 0.953079 0.965756 0.070580 0.068487
0 0.990552 0.829634 0.018895 0.076483
0 0.876271 0.631031 0.070580 0.077844
0 0.847728 0.701091 0.081996 0.072656
0 0.846172 0.589513 0.037365 0.044631
0 0.783898 0.585363 0.051897 0.061237
0 0.708129 0.607678 0.068503 0.068503
0 0.547770 0.638297 0.069541 0.086147
0 0.490683 0.637259 0.063314 0.071616
0 0.805691 0.468594 0.068502 0.068503
0 0.988996 0.417216 0.022008 0.063312
0 0.025558 0.009067 0.051116 0.018134
0 0.081736 0.011141 0.065391 0.022282
0 0.026077 0.029550 0.052154 0.053972
0 0.179821 0.201328 0.070580 0.086147
0 0.314231 0.180050 0.075769 0.085109
0 0.350562 0.551109 0.063314 0.073694
0 0.081219 0.349231 0.095490 0.076806
0 0.085369 0.473784 0.141160 0.120400
0 0.038532 0.530353 0.077064 0.055009
0 0.196947 0.637259 0.100679 0.100678
0 0.056826 0.592109 0.077846 0.085109
0 0.238462 0.901413 0.065391 0.064353
0 0.304892 0.987553 0.075769 0.024894
0 0.023483 0.971984 0.046966 0.056032