0 0.033973 0.549762 0.067946 0.092338
0 0.030351 0.863891 0.060701 0.097769
0 0.209351 0.981736 0.121307 0.036528
0 0.214779 0.913681 0.110445 0.103200
0 0.318889 0.763406 0.090527 0.081475
0 0.410318 0.778794 0.088717 0.076044
0 0.497226 0.866037 0.081475 0.065854
0 0.719019 0.920922 0.086908 0.077853
0 0.490890 0.499972 0.079665 0.079662
0 0.459203 0.380475 0.085094 0.072422
0 0.122443 0.174072 0.066989 0.079662
0 0.125160 0.082641 0.086908 0.074231
0 0.088951 0.184466 0.072422 0.071482
0 0.363248 0.023667 0.092336 0.047334
0 0.449248 0.061819 0.097769 0.105012
0 0.431347 0.432642 0.067358 0.075130
0 0.983808 0.573834 0.032383 0.072539
0 0.166451 0.829663 0.058290 0.091969
0 0.096503 0.501943 0.076425 0.079016
0 0.077073 0.398964 0.053109 0.069948
0 0.206606 0.080959 0.068653 0.066062