0 0.114491 0.089063 0.081314 0.084375
0 0.150462 0.021875 0.100002 0.043750
0 0.191869 0.097021 0.095311 0.105959
0 0.253590 0.034375 0.093751 0.068750
0 0.187183 0.170313 0.110939 0.078125
0 0.323902 0.424219 0.090625 0.098438
0 0.040856 0.648438 0.081712 0.131250
0 0.363744 0.715625 0.089060 0.093750
0 0.350461 0.574219 0.074998 0.073438
0 0.417648 0.542969 0.093751 0.076562
0 0.215308 0.864062 0.117190 0.106250
0 0.508433 0.760156 0.070312 0.079688
0 0.457650 0.789063 0.062501 0.071875
0 0.448273 0.881250 0.056250 0.062500
0 0.493586 0.925000 0.068752 0.062500
0 0.426399 0.968750 0.059375 0.062500
0 0.913902 0.900781 0.115625 0.110937
0 0.981218 0.728999 0.037564 0.070499
0 0.984294 0.041406 0.031411 0.082812
0 0.957254 0.027202 0.046632 0.054404
0 0.521373 0.617876 0.068653 0.046632