0 0.026476 0.832666 0.052952 0.080959
0 0.109517 0.671784 0.073691 0.097566
0 0.209679 0.425797 0.072657 0.083034
0 0.852676 0.097291 0.088224 0.069541
0 0.545968 0.119087 0.095490 0.094453
0 0.646647 0.120125 0.060198 0.059162
0 0.600455 0.196413 0.092374 0.087188
0 0.554268 0.314738 0.074730 0.074731
0 0.591634 0.401403 0.087185 0.096528
0 0.474350 0.361963 0.066430 0.081997
0 0.531953 0.421644 0.075769 0.087188
0 0.464489 0.469388 0.088224 0.095491
0 0.337340 0.578372 0.070580 0.076806
0 0.901457 0.589269 0.119361 0.115209
0 0.959811 0.692544 0.080377 0.097566
0 0.980569 0.794259 0.038862 0.053972
0 0.767047 0.801525 0.103795 0.101716
0 0.663769 0.815019 0.094451 0.089263
0 0.521054 0.807234 0.066430 0.063312
0 0.543369 0.737175 0.055009 0.051897
0 0.438023 0.757934 0.080958 0.083034
0 0.539741 0.934381 0.099640 0.051897
0 0.539219 0.970305 0.108984 0.059390
0 0.883292 0.901688 0.093413 0.075769
0 0.897307 0.967594 0.100679 0.041519
0 0.845927 0.223919 0.105867 0.117288
0 0.750437 0.230147 0.064352 0.036328