0 0.030701 0.533906 0.061402 0.082812
0 0.103589 0.467500 0.093751 0.075000
0 0.028356 0.410469 0.056711 0.073438
0 0.309839 0.740156 0.087500 0.095313
0 0.358273 0.633125 0.090625 0.093750
0 0.437961 0.608125 0.087500 0.078125
0 0.753590 0.971250 0.096876 0.057500
0 0.741868 0.890938 0.104688 0.096875
0 0.660619 0.972031 0.070312 0.055937
0 0.856712 0.914375 0.087500 0.075000
0 0.400465 0.333906 0.074998 0.085938
0 0.458275 0.301875 0.103123 0.093750
0 0.528587 0.269844 0.084374 0.092188
0 0.576245 0.162813 0.098437 0.090625
0 0.491085 0.078438 0.112499 0.093750
0 0.719994 0.202344 0.095311 0.104688
0 0.605150 0.392500 0.093751 0.087500