0 0.038169 0.035809 0.076333 0.071616
0 0.016887 0.190459 0.033774 0.088225
0 0.045430 0.260522 0.090860 0.074731
0 0.107992 0.260522 0.092374 0.089262
0 0.039724 0.389744 0.079448 0.102756
0 0.014814 0.498206 0.029628 0.076806
0 0.101243 0.544913 0.068502 0.058125
0 0.107992 0.446309 0.092374 0.074731
0 0.171823 0.432816 0.058125 0.091338
0 0.233581 0.435413 0.096529 0.094453
0 0.261085 0.556331 0.103795 0.083034
0 0.308828 0.628984 0.058125 0.072656
0 0.223720 0.709425 0.051897 0.044631
0 0.382524 0.627428 0.074730 0.073694
0 0.438054 0.324872 0.094451 0.068503
0 0.413144 0.394931 0.071619 0.061238
0 0.532505 0.351859 0.090301 0.074731
0 0.523162 0.445791 0.100679 0.084072
0 0.562087 0.630025 0.091340 0.085109
0 0.448432 0.682438 0.077846 0.065391
0 0.333221 0.712537 0.069541 0.079922
0 0.615019 0.756131 0.056048 0.075769
0 0.501885 0.877569 0.058125 0.069541
0 0.442204 0.892619 0.084074 0.093413
0 0.379929 0.842800 0.084074 0.066428
0 0.385635 0.927909 0.097567 0.091338
0 0.991224 0.537647 0.017552 0.056047
0 0.917055 0.595772 0.068503 0.043594
0 0.978248 0.444753 0.043503 0.081997
0 0.973060 0.274531 0.053880 0.081997
0 0.631628 0.079403 0.095490 0.098603
0 0.762406 0.147906 0.085112 0.100678
0 0.814820 0.197725 0.042554 0.057088
0 0.869312 0.136487 0.093412 0.079922
0 0.885400 0.376769 0.069541 0.056047
0 0.862567 0.292178 0.048781 0.065391
0 0.839213 0.320200 0.026987 0.052934
0 0.736974 0.404794 0.073691 0.066428