0 0.257345 0.018398 0.077964 0.036796
0 0.182810 0.030959 0.083237 0.061918
0 0.077073 0.308190 0.091969 0.098245
0 0.031219 0.390228 0.062438 0.090091
0 0.303259 0.245997 0.116076 0.106550
0 0.330311 0.532841 0.090674 0.088999
0 0.314119 0.578756 0.091969 0.091193
0 0.249266 0.622437 0.099913 0.086731
0 0.178989 0.645725 0.103161 0.091969
0 0.604469 0.669716 0.107901 0.095909
0 0.653558 0.887891 0.115407 0.115212
0 0.192358 0.937824 0.089378 0.085492
0 0.701298 0.235169 0.094423 0.091822
0 0.633420 0.231417 0.072539 0.082004
0 0.723145 0.017534 0.068052 0.035067
0 0.772551 0.087833 0.074070 0.069449
0 0.789508 0.181347 0.073834 0.072539
0 0.868248 0.275884 0.086237 0.081428
0 0.936663 0.282812 0.080043 0.083159
0 0.909625 0.499375 0.090076 0.079694
0 0.917392 0.820647 0.110812 0.102434
0 0.821244 0.856218 0.106218 0.080311
0 0.834197 0.130829 0.067358 0.082902
0 0.742876 0.331606 0.053109 0.046632
0 0.536917 0.768135 0.042746 0.059585
0 0.277202 0.338083 0.085492 0.072539
0 0.244171 0.244171 0.045337 0.050518
0 0.194301 0.248057 0.056995 0.050518
0 0.207902 0.333549 0.079016 0.050518
0 0.268782 0.393782 0.060881 0.062176
0 0.178109 0.382772 0.066062 0.055699
0 0.625648 0.521373 0.051813 0.073834
0 0.524611 0.511658 0.051813 0.046632
0 0.408031 0.413212 0.036269 0.041451
0 0.184585 0.500648 0.058290 0.071244