0 0.021012 0.540065 0.042024 0.070130
0 0.213117 0.613281 0.064061 0.079688
0 0.266245 0.617969 0.051564 0.076562
0 0.553899 0.966563 0.084374 0.066874
0 0.695308 0.786250 0.079689 0.087500
0 0.822650 0.697969 0.084374 0.085938
0 0.880465 0.588594 0.074998 0.082812
0 0.962886 0.582344 0.074227 0.082812
0 0.945306 0.460469 0.067186 0.067188
0 0.874994 0.472969 0.076563 0.073438
0 0.851555 0.390938 0.082814 0.065625
0 0.371868 0.625312 0.073437 0.065625
0 0.382025 0.571406 0.065626 0.067188
0 0.365617 0.423750 0.076563 0.081250
0 0.446086 0.305781 0.087500 0.073438
0 0.544523 0.244062 0.090625 0.090625
0 0.573433 0.370625 0.079689 0.084375
0 0.657807 0.392500 0.089060 0.100000
0 0.722648 0.305000 0.084374 0.081250
0 0.789055 0.261250 0.089060 0.087500
0 0.980231 0.072188 0.039538 0.084375
0 0.877650 0.196406 0.084374 0.073438
0 0.961244 0.261250 0.048438 0.050000
0 0.345207 0.928756 0.058290 0.059585
0 0.290155 0.919689 0.062176 0.059585
0 0.836788 0.038860 0.036269 0.062176