0 0.050783 0.109400 0.101566 0.104811
0 0.183170 0.271977 0.092209 0.087996
0 0.087344 0.156088 0.097332 0.084197
0 0.185881 0.044389 0.110104 0.088778
0 0.845855 0.077034 0.090674 0.094483
0 0.911269 0.187176 0.112694 0.081606
0 0.785699 0.118191 0.086212 0.083172
0 0.843264 0.369636 0.106218 0.109738
0 0.622409 0.497710 0.099741 0.099046
0 0.863799 0.594397 0.132869 0.104472
0 0.656736 0.632034 0.093264 0.069767
0 0.762953 0.990933 0.072539 0.018134
0 0.833371 0.965026 0.092299 0.069948
0 0.245023 0.944301 0.106627 0.111398
0 0.308938 0.931995 0.097150 0.099741
0 0.442226 0.148095 0.058554 0.057848
0 0.010363 0.967617 0.020725 0.064766
0 0.061528 0.016839 0.089378 0.033678
0 0.951425 0.892487 0.063472 0.069948
0 0.717617 0.488342 0.072539 0.051813
0 0.621762 0.796632 0.036269 0.064767