0 0.087994 0.037091 0.085112 0.074182
0 0.131070 0.107913 0.094451 0.092375
0 0.250948 0.127116 0.095490 0.083034
0 0.202684 0.157216 0.086146 0.076806
0 0.308556 0.216897 0.065391 0.057087
0 0.368237 0.225719 0.047743 0.053972
0 0.121726 0.594184 0.094451 0.080959
0 0.017530 0.691231 0.035060 0.081997
0 0.196978 0.825125 0.083035 0.081997
0 0.112904 0.833947 0.083035 0.078881
0 0.025834 0.916981 0.051668 0.053972
0 0.844647 0.848478 0.074730 0.047744
0 0.376020 0.918019 0.038404 0.051897
0 0.420651 0.878059 0.032176 0.050859
0 0.400413 0.628437 0.072657 0.056047
0 0.180890 0.714066 0.059164 0.042556
0 0.117576 0.497656 0.098601 0.091338
0 0.191268 0.482088 0.048781 0.058125
0 0.304401 0.457697 0.086146 0.077844
0 0.508358 0.509594 0.072657 0.065391
0 0.604365 0.442647 0.046709 0.049822
0 0.810911 0.448356 0.071619 0.069541
0 0.959854 0.569794 0.070580 0.088225
0 0.842053 0.373106 0.077846 0.072656
0 0.756424 0.322766 0.091340 0.084072
0 0.686883 0.302525 0.062275 0.078881
0 0.810911 0.276578 0.052936 0.060200
0 0.511469 0.144241 0.070580 0.069541
0 0.528079 0.215859 0.060198 0.057087
0 0.705043 0.083003 0.081996 0.079922
0 0.452310 0.124003 0.049820 0.047744
0 0.904845 0.137494 0.080958 0.087188
0 0.970066 0.186278 0.059867 0.074731