0 0.064886 0.958491 0.088224 0.083018
0 0.958253 0.072625 0.083493 0.104831
0 0.998215 0.094422 0.003570 0.096528
0 0.792474 0.213784 0.088224 0.088225
0 0.954102 0.285400 0.091796 0.090300
0 0.745770 0.472228 0.092374 0.106906
0 0.776386 0.542806 0.101717 0.086147
0 0.748881 0.600931 0.090301 0.071616
0 0.693873 0.573425 0.038404 0.043594
0 0.688684 0.649194 0.094451 0.112097
0 0.785208 0.670991 0.098601 0.103794
0 0.796107 0.850034 0.095490 0.123512
0 0.895230 0.868197 0.123516 0.101716
0 0.988872 0.711991 0.022256 0.123512
0 0.934151 0.978210 0.126627 0.043580
0 0.595267 0.735344 0.102756 0.110022
0 0.495110 0.694344 0.107945 0.108981
0 0.391315 0.692788 0.099640 0.103794
0 0.334229 0.629475 0.072657 0.097566
0 0.288559 0.650231 0.031137 0.056047
0 0.268321 0.575500 0.106906 0.116247
0 0.215384 0.636222 0.125589 0.121437
0 0.028032 0.589513 0.056064 0.034253
0 0.194624 0.379331 0.100679 0.116247
0 0.067480 0.419294 0.076807 0.079922
0 0.563612 0.273984 0.097567 0.104831
0 0.610104 0.125000 0.095855 0.086788