0 0.033199 0.664063 0.066398 0.096875
0 0.056245 0.706137 0.082814 0.074773
0 0.158587 0.779219 0.084374 0.085938
0 0.191710 0.694948 0.069948 0.066062
0 0.659367 0.132031 0.104688 0.085937
0 0.679836 0.178906 0.098752 0.082813
0 0.280463 0.840103 0.087500 0.079169
0 0.242181 0.920013 0.089060 0.090025
0 0.980231 0.892500 0.039538 0.075000
0 0.985701 0.948750 0.028597 0.056250
0 0.925308 0.912031 0.082814 0.079687
0 0.952106 0.814559 0.095788 0.090257
0 0.852121 0.811345 0.083322 0.084564
0 0.785720 0.655000 0.086984 0.087500
0 0.897114 0.654145 0.061068 0.054404
0 0.958357 0.516719 0.083286 0.082813
0 0.949452 0.445311 0.059525 0.069379
0 0.992733 0.452344 0.014534 0.082813