0 0.178756 0.778668 0.069948 0.072880
0 0.231865 0.813472 0.090674 0.090674
0 0.092946 0.942887 0.062812 0.070184
0 0.238688 0.647487 0.085761 0.092688
0 0.276939 0.576588 0.080836 0.087757
0 0.042548 0.607206 0.083298 0.074497
0 0.042746 0.766597 0.085492 0.095287
0 0.026006 0.478569 0.052011 0.058038
0 0.318381 0.389784 0.066702 0.067581
0 0.226684 0.093953 0.088083 0.085759
0 0.419689 0.251943 0.077720 0.081606
0 0.480804 0.096119 0.084891 0.081428
0 0.682941 0.880737 0.106814 0.085308
0 0.779439 0.849093 0.091381 0.084197
0 0.488819 0.704813 0.107854 0.082601
0 0.577484 0.693715 0.091145 0.102455
0 0.854907 0.636068 0.082931 0.064652
0 0.629366 0.049341 0.085761 0.072766
0 0.613990 0.948834 0.095855 0.068653
0 0.156736 0.145078 0.072539 0.088083