0 0.253657 0.140073 0.096313 0.096208
0 0.213083 0.110751 0.068653 0.091969
0 0.148316 0.176379 0.076425 0.088510
0 0.186507 0.233166 0.095898 0.106207
0 0.150907 0.313472 0.071244 0.090674
0 0.752040 0.657836 0.125453 0.129923
0 0.808938 0.521031 0.104922 0.115969
0 0.961140 0.604429 0.077720 0.159018
0 0.830311 0.130181 0.101036 0.136010
0 0.645078 0.148328 0.132124 0.110128
0 0.661917 0.022075 0.101036 0.044150
0 0.715026 0.328368 0.106218 0.086788
0 0.858808 0.705311 0.129534 0.146373
0 0.894430 0.840674 0.071244 0.082902
0 0.347150 0.152202 0.085492 0.063472
0 0.746114 0.023316 0.044041 0.046632
0 0.954016 0.405440 0.063472 0.108808