0 0.043357 0.700000 0.086714 0.087500
0 0.114838 0.710156 0.081249 0.101562
0 0.182805 0.627655 0.095311 0.094689
0 0.254682 0.637391 0.073437 0.090844
0 0.170308 0.825781 0.095311 0.098437
0 0.060929 0.497656 0.101562 0.098437
0 0.089839 0.410156 0.103123 0.082813
0 0.083099 0.326562 0.088478 0.084375
0 0.031736 0.189658 0.063472 0.063690
0 0.171088 0.260156 0.131252 0.129688
0 0.348433 0.435865 0.085940 0.084229
0 0.422651 0.424219 0.053124 0.070313
0 0.286459 0.463148 0.075509 0.076295
0 0.610933 0.529688 0.089060 0.115625
0 0.378898 0.029687 0.078123 0.059374
0 0.442964 0.021875 0.100002 0.043750
0 0.622843 0.140625 0.090245 0.093750
0 0.741870 0.907031 0.085940 0.085937
0 0.805931 0.857812 0.079689 0.075000
0 0.866949 0.772656 0.073277 0.082813
0 0.845773 0.678125 0.100002 0.081250
0 0.961168 0.696875 0.077664 0.096875
0 0.969762 0.575000 0.060476 0.075000
0 0.990856 0.355469 0.018288 0.085938
0 0.698898 0.028125 0.087500 0.056250
0 0.893431 0.939844 0.089060 0.085937
0 0.976036 0.409974 0.047927 0.053109