0 0.094213 0.482812 0.087500 0.090625
0 0.143431 0.490625 0.054689 0.084375
0 0.327627 0.097969 0.095668 0.089062
0 0.405931 0.022813 0.107813 0.045625
0 0.678277 0.009687 0.084374 0.019374
0 0.788431 0.448281 0.104688 0.095312
0 0.847806 0.518594 0.082814 0.089062
0 0.695465 0.527969 0.100002 0.101562
0 0.758746 0.640469 0.095311 0.101563
0 0.658744 0.642031 0.085940 0.098437
0 0.934526 0.699844 0.109374 0.104687
0 0.902495 0.744375 0.092186 0.093750
0 0.354275 0.049870 0.099741 0.073834
0 0.085492 0.821891 0.049223 0.047927