0 0.026950 0.218750 0.053899 0.090625
0 0.106243 0.388281 0.073438 0.070313
0 0.053606 0.430469 0.078715 0.076563
0 0.968511 0.890938 0.062978 0.078125
0 0.889367 0.956250 0.076563 0.078125
0 0.801087 0.993750 0.084374 0.012500
0 0.733810 0.972798 0.084194 0.054404
0 0.855776 0.678125 0.071877 0.068750
0 0.929993 0.625781 0.076563 0.067188
0 0.926868 0.682031 0.060935 0.060938
0 0.966969 0.482812 0.066062 0.071875
0 0.931559 0.257813 0.082814 0.071875
0 0.810819 0.232812 0.088207 0.090625
0 0.746873 0.263281 0.074056 0.076562
0 0.623705 0.295312 0.081606 0.081250
0 0.596274 0.211719 0.087245 0.089062
0 0.989607 0.037500 0.020786 0.062500