0 0.672280 0.863613 0.090674 0.104380
0 0.757124 0.859456 0.094560 0.094560
0 0.848268 0.834604 0.101391 0.095042
0 0.860751 0.669041 0.089378 0.094560
0 0.014249 0.713731 0.028497 0.098446
0 0.806347 0.475389 0.094560 0.106218
0 0.766303 0.516839 0.105144 0.093264
0 0.832046 0.553756 0.087203 0.086788
0 0.286397 0.557347 0.085237 0.084184
0 0.291451 0.468174 0.067358 0.084015
0 0.211318 0.479081 0.091283 0.085880
0 0.157974 0.524008 0.062062 0.076336
0 0.228562 0.567997 0.087227 0.079113
0 0.103642 0.479756 0.085523 0.091284
0 0.152744 0.441951 0.085704 0.075611
0 0.000174 0.134394 0.000348 0.124756
0 0.027850 0.103835 0.055699 0.088499