0 0.109517 0.955377 0.115211 0.089246
0 0.058141 0.373106 0.074730 0.074731
0 0.120416 0.448356 0.062275 0.067466
0 0.216940 0.407875 0.083035 0.092375
0 0.365366 0.405281 0.078885 0.089263
0 0.501337 0.567716 0.080958 0.098603
0 0.432830 0.662688 0.097567 0.080959
0 0.484727 0.733784 0.103795 0.092375
0 0.468639 0.923728 0.102756 0.098603
0 0.200335 0.238175 0.105868 0.103794
0 0.421414 0.171228 0.101717 0.100678
0 0.488360 0.199772 0.034254 0.037366
0 0.547524 0.107913 0.088224 0.086147
0 0.494071 0.042281 0.097567 0.084562
0 0.686085 0.017370 0.097567 0.034740
0 0.652875 0.028787 0.056047 0.057573
0 0.712033 0.188353 0.070580 0.074731
0 0.850599 0.271906 0.073691 0.090300
0 0.720855 0.317575 0.069541 0.079922
0 0.639898 0.374663 0.059164 0.063312
0 0.710478 0.585881 0.079919 0.076806
0 0.946606 0.733266 0.068503 0.066428
0 0.963215 0.863009 0.070580 0.083034
0 0.612393 0.900375 0.074730 0.093413
0 0.709439 0.974059 0.096529 0.051882