0 0.098118 0.092969 0.082814 0.082812
0 0.129369 0.257813 0.070312 0.084375
0 0.103627 0.171094 0.077720 0.089062
0 0.076931 0.254432 0.040439 0.086990
0 0.241868 0.261719 0.117190 0.098438
0 0.200495 0.386901 0.103063 0.086302
0 0.323117 0.449219 0.076563 0.076562
0 0.200765 0.735476 0.088108 0.083452
0 0.799057 0.540781 0.095311 0.076562
0 0.829437 0.490814 0.071696 0.067121
0 0.755305 0.654844 0.054689 0.070312
0 0.678742 0.661094 0.079689 0.095312
0 0.677461 0.561256 0.059585 0.092513
0 0.057642 0.709197 0.073834 0.063472
0 0.114637 0.443005 0.053109 0.067358