0 0.689767 0.891839 0.097150 0.112694
0 0.649611 0.719806 0.094560 0.095051
0 0.646078 0.594212 0.104217 0.093959
0 0.625648 0.532158 0.106218 0.103177
0 0.437267 0.599093 0.094329 0.084197
0 0.376295 0.563901 0.068653 0.086351
0 0.208549 0.377591 0.088083 0.091969
0 0.678156 0.332254 0.103456 0.099741
0 0.757704 0.387953 0.106353 0.102332
0 0.819301 0.345207 0.068653 0.081606
0 0.874352 0.310233 0.075130 0.081606
0 0.354922 0.285622 0.080311 0.073834
0 0.376943 0.159478 0.090674 0.085796
0 0.714378 0.636658 0.094560 0.066062
0 0.880181 0.643135 0.104922 0.089378
0 0.770078 0.058938 0.089378 0.094560