0 0.634067 0.948187 0.091969 0.090674
0 0.983613 0.717603 0.032773 0.094328
0 0.827720 0.656555 0.126943 0.132485
0 0.716045 0.637306 0.110847 0.116580
0 0.810233 0.745466 0.117876 0.097150
0 0.588731 0.707462 0.086788 0.078100
0 0.556347 0.608161 0.081606 0.066062
0 0.477782 0.284506 0.096250 0.086212
0 0.397668 0.252476 0.108808 0.113761
0 0.730570 0.029145 0.093264 0.058290
0 0.778497 0.150907 0.106218 0.073834
0 0.823187 0.579016 0.050518 0.054404
0 0.653497 0.659326 0.060881 0.088083
0 0.911269 0.030440 0.081606 0.060880