0 0.007449 0.113781 0.014898 0.094453
0 0.030687 0.179747 0.061374 0.091453
0 0.343233 0.577044 0.083956 0.082456
0 0.399454 0.610778 0.094451 0.092953
0 0.166320 0.668497 0.074960 0.070463
0 0.150580 0.738212 0.085455 0.086956
0 0.245031 0.767447 0.100448 0.097450
0 0.296007 0.804178 0.091453 0.098950
0 0.350724 0.882888 0.089953 0.088456
0 0.539632 0.789187 0.089953 0.098950
0 0.550874 0.841659 0.088454 0.080959
0 0.368716 0.978550 0.077959 0.042900
0 0.972960 0.766697 0.054079 0.083956
0 0.020725 0.628886 0.041450 0.073834
0 0.573187 0.893135 0.068653 0.068653
0 0.230570 0.708549 0.046632 0.031088
0 0.742228 0.988342 0.056995 0.023316