0 0.119996 0.071094 0.098437 0.089062
0 0.214527 0.096875 0.087500 0.084375
0 0.084055 0.152344 0.079689 0.070312
0 0.026795 0.142969 0.053589 0.098438
0 0.542820 0.009715 0.093412 0.019430
0 0.557495 0.063281 0.076563 0.079688
0 0.531711 0.248438 0.103123 0.087500
0 0.325461 0.276563 0.106248 0.087500
0 0.540307 0.322656 0.082814 0.054688
0 0.545773 0.432812 0.106248 0.096875
0 0.553589 0.567187 0.106248 0.090625
0 0.780148 0.626563 0.081249 0.078125
0 0.442651 0.721094 0.096876 0.079688
0 0.294996 0.867969 0.114064 0.098438
0 0.116085 0.904688 0.118750 0.084375
0 0.477807 0.962500 0.104688 0.075000
0 0.539527 0.821875 0.106248 0.087500
0 0.373119 0.908906 0.076563 0.079688
0 0.931430 0.353627 0.077555 0.077720
0 0.895773 0.271406 0.081249 0.073438
0 0.800462 0.265937 0.100002 0.090625
0 0.805152 0.183125 0.081249 0.068750
0 0.844994 0.310469 0.073438 0.073438