0 0.309364 0.875641 0.093708 0.093277
0 0.263377 0.733932 0.086626 0.079262
0 0.061588 0.590350 0.071125 0.087491
0 0.510691 0.828569 0.080563 0.084025
0 0.505618 0.717290 0.083776 0.090020
0 0.026554 0.511651 0.053108 0.080297
0 0.034234 0.568259 0.068468 0.081428
0 0.251129 0.359928 0.095523 0.099619
0 0.359530 0.354731 0.097022 0.096153
0 0.321845 0.409738 0.087491 0.097019
0 0.288094 0.290628 0.083961 0.075362
0 0.218774 0.266672 0.080586 0.085158
0 0.160724 0.281531 0.097887 0.091822
0 0.096314 0.318347 0.096772 0.099619
0 0.138914 0.387761 0.101662 0.088994
0 0.059640 0.235104 0.072429 0.058290
0 0.015609 0.047209 0.031218 0.084025
0 0.052878 0.030319 0.081428 0.060637
0 0.087959 0.071031 0.085761 0.077963
0 0.501160 0.401506 0.078828 0.073631
0 0.583457 0.767066 0.085761 0.080562
0 0.538568 0.471655 0.086077 0.085797
0 0.669213 0.501125 0.087491 0.077097
0 0.819229 0.456301 0.084340 0.083586
0 0.245466 0.234456 0.060881 0.064767
0 0.453368 0.807642 0.056995 0.073834
0 0.181347 0.350389 0.049223 0.063472