0 0.694264 0.332422 0.093225 0.095678
0 0.507204 0.391912 0.101811 0.094453
0 0.018392 0.410313 0.036783 0.099359
0 0.166806 0.553831 0.095678 0.126344
0 0.404777 0.446500 0.105492 0.110397
0 0.478374 0.487591 0.068691 0.104266
0 0.514564 0.559350 0.089544 0.095678
0 0.587546 0.580203 0.076051 0.076053
0 0.555040 0.678334 0.084638 0.073600
0 0.583255 0.980845 0.062557 0.038310
0 0.145957 0.807747 0.061330 0.087091
0 0.150248 0.968578 0.101811 0.062844
0 0.095662 0.982684 0.093225 0.034631
0 0.129534 0.183938 0.088083 0.062176