0 0.250000 0.217617 0.059585 0.075130
0 0.347637 0.288948 0.092291 0.090849
0 0.406304 0.360794 0.093554 0.104816
0 0.489613 0.416616 0.077671 0.065732
0 0.450777 0.559585 0.090674 0.093264
0 0.444442 0.633681 0.103909 0.097922
0 0.244282 0.617825 0.091746 0.087981
0 0.185169 0.641169 0.080182 0.077675
0 0.228724 0.719422 0.103950 0.101350
0 0.158125 0.688669 0.084027 0.077963
0 0.155971 0.731649 0.071010 0.075563
0 0.322134 0.696031 0.075938 0.068434
0 0.974093 0.624083 0.051813 0.072000
0 0.924223 0.557912 0.063472 0.064010
0 0.873705 0.588731 0.068653 0.066062
0 0.636010 0.600617 0.085492 0.073378
0 0.679768 0.589052 0.080879 0.069296
0 0.260778 0.772263 0.095288 0.078828
0 0.531002 0.848098 0.083073 0.079616
0 0.550970 0.752337 0.081428 0.082294
0 0.742892 0.758020 0.099709 0.084996
0 0.686899 0.722695 0.084751 0.087876
0 0.685741 0.836509 0.094280 0.086049
0 0.895306 0.790453 0.113477 0.103084
0 0.998979 0.998960 0.002041 0.002080
0 0.028170 0.476872 0.056340 0.094422
0 0.090026 0.038860 0.091969 0.077720
0 0.762306 0.891192 0.084197 0.088083