0 0.020857 0.138281 0.041713 0.085938
0 0.014249 0.053465 0.028497 0.068070
0 0.132337 0.092718 0.109374 0.107311
0 0.081558 0.157813 0.079689 0.087500
0 0.072181 0.769430 0.107813 0.108808
0 0.056013 0.945469 0.112025 0.109062
0 0.316868 0.909688 0.132813 0.125000
0 0.269995 0.955625 0.110939 0.088750
0 0.412179 0.863594 0.098437 0.095312
0 0.338742 0.023438 0.101562 0.046875
0 0.403588 0.037500 0.087500 0.075000
0 0.449681 0.304688 0.101562 0.096875
0 0.275461 0.275000 0.100002 0.096875
0 0.225462 0.387500 0.109374 0.093750
0 0.348118 0.505469 0.098437 0.110937
0 0.451528 0.446094 0.102126 0.095312
0 0.497338 0.518750 0.084374 0.103125
0 0.408679 0.590528 0.091969 0.093556
0 0.316088 0.582812 0.087500 0.084375
0 0.266089 0.656250 0.081249 0.090625
0 0.501244 0.702344 0.092186 0.082813
0 0.569996 0.660156 0.089060 0.101562
0 0.584838 0.417188 0.093751 0.103125
0 0.639523 0.425781 0.037501 0.098438
0 0.944948 0.441807 0.099741 0.108614
0 0.438472 0.986399 0.120466 0.027202