0 0.044994 0.873569 0.076563 0.071514
0 0.122996 0.792098 0.070069 0.058290
0 0.946398 0.768750 0.087500 0.075000
0 0.884682 0.722656 0.089060 0.073438
0 0.802648 0.821875 0.062501 0.056250
0 0.733117 0.742329 0.098437 0.093467
0 0.667495 0.820313 0.067186 0.062500
0 0.794837 0.735938 0.056250 0.071875
0 0.425304 0.804688 0.073437 0.053125
0 0.339929 0.482278 0.071437 0.045806
0 0.218027 0.422656 0.062998 0.054688
0 0.490285 0.851684 0.055699 0.055699
0 0.594560 0.825130 0.038860 0.054404
0 0.593912 0.871762 0.047927 0.044041