0 0.043578 0.901413 0.071619 0.097566
0 0.341464 0.928397 0.055009 0.072656
0 0.391801 0.887919 0.060198 0.064353
0 0.490407 0.763884 0.066430 0.067466
0 0.634678 0.756622 0.093413 0.098603
0 0.543339 0.827200 0.089262 0.104831
0 0.675676 0.946044 0.073691 0.074731
0 0.750406 0.820453 0.077846 0.093413
0 0.808014 0.938259 0.091340 0.096528
0 0.908693 0.924247 0.099640 0.070578
0 0.952803 0.717178 0.046709 0.061237
0 0.979776 0.785163 0.040448 0.064353
0 0.441626 0.656459 0.083035 0.076806
0 0.461864 0.585881 0.071619 0.062275
0 0.347692 0.585363 0.090301 0.090300
0 0.985485 0.290072 0.029030 0.072656
0 0.500785 0.136456 0.070580 0.064353
0 0.888450 0.615463 0.081996 0.065391
0 0.806454 0.454063 0.065391 0.072656
0 0.729130 0.413066 0.064352 0.063312