0 0.038212 0.078044 0.076424 0.093912
0 0.087679 0.610751 0.074321 0.079016
0 0.140373 0.472770 0.050176 0.067414
0 0.134067 0.669054 0.066062 0.071268
0 0.133068 0.721875 0.075833 0.068750
0 0.100650 0.761998 0.063995 0.061496
0 0.337435 0.607942 0.068653 0.084634
0 0.360751 0.536917 0.066062 0.068653
0 0.366568 0.755469 0.080335 0.089062
0 0.452704 0.483954 0.055732 0.055408
0 0.439349 0.438637 0.038400 0.050850
0 0.799054 0.012500 0.104688 0.025000
0 0.737585 0.077267 0.097369 0.104534
0 0.954663 0.498316 0.090674 0.096632
0 0.979275 0.351036 0.041450 0.062176
0 0.967107 0.794689 0.065786 0.084197
0 0.849286 0.799219 0.086402 0.107812
0 0.021373 0.915155 0.042746 0.053109
0 0.625000 0.588083 0.037565 0.059585
0 0.821244 0.037565 0.044041 0.059585