0 0.348901 0.038212 0.112499 0.076424
0 0.302023 0.189844 0.106248 0.123438
0 0.226997 0.237500 0.109435 0.109375
0 0.152807 0.320313 0.064061 0.096875
0 0.039294 0.242649 0.078587 0.039702
0 0.041869 0.765625 0.079688 0.081250
0 0.129369 0.657813 0.089060 0.078125
0 0.080930 0.934035 0.076563 0.093070
0 0.587651 0.013281 0.090625 0.026562
0 0.711088 0.019531 0.081249 0.039062
0 0.604839 0.680469 0.087500 0.085938
0 0.776714 0.502344 0.096876 0.082812
0 0.500152 0.400000 0.090625 0.087500
0 0.841715 0.196094 0.084374 0.082812
0 0.863588 0.263281 0.068752 0.057812
0 0.919058 0.291406 0.067186 0.070312
0 0.994295 0.525781 0.011410 0.073438
0 0.968514 0.915625 0.062972 0.093750