0 0.756240 0.972798 0.072065 0.054404
0 0.678640 0.964378 0.105985 0.071244
0 0.562176 0.869266 0.085492 0.091822
0 0.439119 0.852979 0.077720 0.063472
0 0.379534 0.974480 0.085492 0.051040
0 0.179404 0.860104 0.125648 0.095855
0 0.068954 0.747556 0.128207 0.113478
0 0.695149 0.770081 0.076023 0.097887
0 0.632124 0.751967 0.064767 0.073787
0 0.586140 0.718264 0.086788 0.071244
0 0.586788 0.577804 0.077720 0.075298
0 0.289726 0.566118 0.075988 0.062288
0 0.577442 0.382000 0.083162 0.080563
0 0.614719 0.395410 0.071080 0.074464
0 0.533326 0.394559 0.089967 0.083159
0 0.389465 0.268953 0.102216 0.093556
0 0.476091 0.246431 0.077964 0.074497
0 0.532830 0.252494 0.084027 0.084894
0 0.470028 0.176697 0.084891 0.078828
0 0.425848 0.074912 0.095288 0.083159
0 0.771675 0.169791 0.099138 0.080515
0 0.755600 0.076425 0.083740 0.075130
0 0.829016 0.052815 0.088083 0.082314
0 0.863805 0.109562 0.075499 0.081428
0 0.956427 0.025329 0.084027 0.050658
0 0.207552 0.023596 0.097022 0.047192
0 0.723489 0.033992 0.058203 0.067984
0 0.558290 0.789508 0.051813 0.060881
0 0.270725 0.113990 0.080311 0.085492