0 0.208427 0.023090 0.093019 0.046180
0 0.522702 0.245503 0.107512 0.102405
0 0.662392 0.277446 0.113039 0.095368
0 0.425505 0.361912 0.068627 0.068383
0 0.287565 0.323834 0.069948 0.049223
0 0.125000 0.128886 0.060881 0.076425
0 0.555332 0.462784 0.101772 0.102930
0 0.443005 0.498705 0.059585 0.051813
0 0.152202 0.927084 0.084197 0.082148
0 0.982974 0.651416 0.034052 0.087806
0 0.985001 0.426166 0.029998 0.075130
0 0.845855 0.826425 0.072539 0.088083
0 0.351036 0.323834 0.049223 0.033679
0 0.033031 0.545337 0.042746 0.075130
0 0.290155 0.036917 0.082902 0.073834
0 0.021373 0.066062 0.042746 0.090674
0 0.300518 0.089378 0.041451 0.051813