0 0.534326 0.926166 0.079016 0.051813
0 0.089378 0.890881 0.067358 0.061554
0 0.162565 0.814119 0.066062 0.066062
0 0.406759 0.770560 0.071031 0.065098
0 0.724239 0.770062 0.085761 0.098753
0 0.679195 0.738013 0.101351 0.081428
0 0.686987 0.799516 0.097887 0.088356
0 0.968451 0.780611 0.063097 0.068994
0 0.906585 0.949375 0.090090 0.083159
0 0.846811 0.607206 0.091824 0.074497
0 0.843892 0.766597 0.079055 0.095287
0 0.026554 0.751194 0.053108 0.056793
0 0.083642 0.701911 0.081420 0.077397
0 0.059585 0.590209 0.090674 0.089012
0 0.302461 0.579304 0.066062 0.067934
0 0.368523 0.522446 0.094560 0.081161
0 0.479087 0.438554 0.080563 0.084363
0 0.528431 0.544689 0.064899 0.076425
0 0.814761 0.478569 0.074500 0.058038
0 0.723877 0.103180 0.093698 0.074236
0 0.503981 0.038097 0.085301 0.076194
0 0.524611 0.966969 0.054404 0.066062