0 0.040769 0.923756 0.075769 0.083034
0 0.217738 0.934656 0.083035 0.077844
0 0.012860 0.358606 0.025720 0.048781
0 0.038807 0.385072 0.077614 0.083034
0 0.352666 0.271419 0.056048 0.073694
0 0.300773 0.276609 0.058125 0.052934
0 0.006632 0.193056 0.013264 0.076806
0 0.015454 0.127666 0.030908 0.083034
0 0.038174 0.019203 0.060198 0.038403
0 0.111349 0.098603 0.050859 0.058125
0 0.077617 0.079922 0.037365 0.058125
0 0.273786 0.064353 0.060198 0.078881
0 0.168435 0.180081 0.057086 0.077844
0 0.111349 0.183713 0.052936 0.070578
0 0.051668 0.198762 0.076807 0.069541
0 0.057374 0.230941 0.069541 0.034253
0 0.024795 0.303594 0.049590 0.050859
0 0.098372 0.289062 0.022833 0.032175
0 0.008420 0.041451 0.016839 0.056995