0 0.640229 0.960156 0.089060 0.079687
0 0.458983 0.863281 0.098437 0.082812
0 0.498045 0.724219 0.107813 0.104688
0 0.770701 0.608594 0.096876 0.089062
0 0.911325 0.462500 0.121876 0.115625
0 0.877729 0.297656 0.101562 0.085937
0 0.121796 0.751563 0.064697 0.071875
0 0.087438 0.766265 0.079022 0.076279
0 0.270701 0.535937 0.081249 0.068750
0 0.413670 0.490625 0.089060 0.081250
0 0.360546 0.435156 0.070312 0.054687
0 0.536326 0.296231 0.118750 0.101838
0 0.365232 0.169531 0.098437 0.089062
0 0.964255 0.135937 0.071489 0.087500
0 0.826951 0.132031 0.106248 0.098437
0 0.822265 0.225000 0.071877 0.062500
0 0.683981 0.080469 0.107813 0.101562
0 0.647053 0.017188 0.081672 0.034375
0 0.939767 0.624352 0.060881 0.067358