0 0.093693 0.957750 0.084186 0.081144
0 0.162110 0.945596 0.085106 0.077720
0 0.777850 0.812178 0.091969 0.069944
0 0.727979 0.896373 0.056995 0.069948
0 0.535622 0.878559 0.076425 0.073180
0 0.152011 0.682372 0.079115 0.061872
0 0.152817 0.763438 0.072605 0.057964
0 0.070870 0.623544 0.066942 0.074044
0 0.841969 0.744171 0.077720 0.068653
0 0.884641 0.691419 0.072391 0.082319
0 0.948644 0.680433 0.081986 0.075891
0 0.965490 0.715844 0.069020 0.084184
0 0.950249 0.754439 0.070998 0.055890
0 0.929575 0.908847 0.086445 0.078679
0 0.939119 0.108808 0.077720 0.072539
0 0.824482 0.012305 0.103456 0.024610
0 0.999469 0.263981 0.001061 0.105484