0 0.012732 0.501875 0.025464 0.068750
0 0.252808 0.579219 0.082814 0.076562
0 0.230149 0.644062 0.093751 0.065625
0 0.386871 0.018750 0.079689 0.037500
0 0.490774 0.481250 0.090625 0.078125
0 0.493899 0.597656 0.071877 0.073438
0 0.651711 0.488281 0.100002 0.089062
0 0.375929 0.335938 0.098437 0.078125
0 0.509527 0.258594 0.078123 0.079688
0 0.430618 0.205469 0.079689 0.073438
0 0.254838 0.438281 0.087500 0.067188
0 0.453368 0.894045 0.088083 0.084966
0 0.509397 0.829663 0.078379 0.071244
0 0.577493 0.846875 0.067186 0.093750
0 0.742336 0.805469 0.106248 0.089062
0 0.836868 0.702344 0.114064 0.095312
0 0.768901 0.631477 0.103123 0.086788
0 0.668899 0.646875 0.093751 0.087500
0 0.877494 0.860266 0.098437 0.095531
0 0.828792 0.903380 0.088531 0.097385
0 0.631557 0.722500 0.098437 0.100000
0 0.981013 0.456603 0.037974 0.055706
0 0.963825 0.401406 0.072350 0.082812
0 0.840148 0.338906 0.096876 0.076562
0 0.593276 0.349063 0.087500 0.090625
0 0.830776 0.188125 0.081249 0.081250
0 0.904994 0.228750 0.085940 0.075000