0 0.529911 0.305150 0.110022 0.083034
0 0.645117 0.389744 0.087185 0.079922
0 0.553782 0.395972 0.110022 0.084072
0 0.627995 0.446828 0.081996 0.065391
0 0.545999 0.469662 0.100679 0.094453
0 0.450509 0.460322 0.088224 0.098603
0 0.518490 0.540763 0.091340 0.087187
0 0.735418 0.416728 0.087185 0.090300
0 0.753584 0.482637 0.044631 0.058125
0 0.754101 0.646112 0.087185 0.088225
0 0.695976 0.661681 0.041515 0.044631
0 0.706875 0.717728 0.063314 0.071616
0 0.641484 0.698009 0.094451 0.096528
0 0.512262 0.690744 0.093413 0.077844
0 0.642006 0.862000 0.091340 0.102756
0 0.674182 0.786231 0.066430 0.079922