0 0.703799 0.654278 0.094056 0.086912
0 0.702610 0.776906 0.110723 0.086912
0 0.857381 0.878103 0.094056 0.084531
0 0.905598 0.605466 0.097628 0.096434
0 0.911553 0.690591 0.090484 0.076197
0 0.622245 0.362588 0.054764 0.058338
0 0.820476 0.309012 0.084529 0.084531
0 0.467474 0.397709 0.090484 0.090484
0 0.621652 0.958399 0.082151 0.083202
0 0.266267 0.972159 0.069052 0.053575
0 0.227571 0.994711 0.077385 0.010578
0 0.022411 0.965541 0.044821 0.068917
0 0.958158 0.015509 0.083683 0.031017
0 0.017052 0.541175 0.034103 0.046431
0 0.048393 0.612606 0.047620 0.070244
0 0.056727 0.140547 0.097628 0.092866
0 0.022411 0.195909 0.044821 0.072625
0 0.228168 0.254247 0.071435 0.075006
0 0.343060 0.241747 0.036909 0.023812
0 0.334722 0.285797 0.058336 0.069053
0 0.231143 0.099472 0.053575 0.077388
0 0.116849 0.301869 0.055958 0.053575
0 0.324603 0.842981 0.059530 0.071434
0 0.098446 0.811528 0.059585 0.086788
0 0.084845 0.027202 0.050518 0.044041
0 0.379534 0.411917 0.072539 0.069948