0 0.016480 0.450000 0.032960 0.090625
0 0.479839 0.687500 0.081249 0.087500
0 0.533031 0.644430 0.071244 0.063472
0 0.032106 0.335938 0.064211 0.090625
0 0.523587 0.085156 0.093751 0.089062
0 0.554837 0.015625 0.081249 0.031250
0 0.659370 0.094531 0.079689 0.064062
0 0.685224 0.138864 0.075147 0.074603
0 0.935152 0.192188 0.090625 0.087500
0 0.912565 0.258225 0.084197 0.066451
0 0.815617 0.230570 0.082814 0.093264
0 0.733808 0.230858 0.055699 0.060161
0 0.669527 0.299870 0.100002 0.084197
0 0.942577 0.789844 0.114846 0.107812
0 0.751556 0.912500 0.095311 0.087500
0 0.715619 0.981250 0.092186 0.037500