0 0.415025 0.053606 0.107151 0.107212
0 0.251916 0.347706 0.080957 0.088103
0 0.592422 0.407831 0.102390 0.098816
0 0.694215 0.451881 0.105962 0.091675
0 0.793624 0.458428 0.092863 0.083341
0 0.054286 0.764406 0.102389 0.097625
0 0.185844 0.735831 0.096435 0.078578
0 0.199535 0.947753 0.078579 0.064291
0 0.842439 0.237578 0.092863 0.094056
0 0.989081 0.141738 0.021837 0.107150
0 0.960305 0.196503 0.069052 0.069053
0 0.885895 0.148288 0.079768 0.101197
0 0.977773 0.422713 0.044454 0.100006
0 0.137953 0.270078 0.081606 0.068653
0 0.053109 0.165155 0.080311 0.079016
0 0.977979 0.524611 0.044041 0.069948