0 0.604511 0.062489 0.099579 0.067984
0 0.728535 0.089238 0.108631 0.105012
0 0.815438 0.063891 0.090527 0.097769
0 0.515702 0.103722 0.078036 0.076044
0 0.427984 0.180672 0.065180 0.059747
0 0.583691 0.250378 0.097769 0.108631
0 0.674217 0.293828 0.097769 0.108631
0 0.189896 0.827034 0.095960 0.103200
0 0.112948 0.804403 0.101388 0.097769
0 0.317539 0.922088 0.094150 0.097769
0 0.354655 0.966476 0.092336 0.067048
0 0.403540 0.906433 0.092336 0.099051
0 0.540239 0.974624 0.086908 0.050752
0 0.642534 0.981865 0.110445 0.036270
0 0.571558 0.699605 0.095227 0.098198
0 0.559250 0.779056 0.106822 0.079663
0 0.750258 0.729266 0.097769 0.095959
0 0.814536 0.626969 0.081475 0.094147
0 0.773964 0.551166 0.079016 0.084197
0 0.633482 0.550022 0.088717 0.085097
0 0.433417 0.472169 0.094150 0.088716
0 0.365521 0.440484 0.074232 0.090528
0 0.077642 0.578084 0.088717 0.090528
0 0.136485 0.645981 0.086908 0.110444
0 0.199856 0.636022 0.083284 0.090528
0 0.298532 0.684906 0.095960 0.108631
0 0.014832 0.655034 0.029664 0.092337
0 0.013020 0.566316 0.026040 0.063369
0 0.035097 0.665897 0.054318 0.085097
0 0.869032 0.977340 0.065180 0.045320
0 0.974349 0.212356 0.051302 0.097769
0 0.979778 0.113681 0.040443 0.103200
0 0.470207 0.963731 0.059585 0.067358
0 0.395078 0.593264 0.088083 0.064767
0 0.694948 0.797927 0.063472 0.069948
0 0.858808 0.815415 0.056995 0.063472
0 0.573187 0.023964 0.042746 0.045337