0 0.934741 0.640013 0.082156 0.081144
0 0.989937 0.644575 0.020125 0.080128
0 0.927639 0.708475 0.086212 0.076072
0 0.860104 0.772668 0.095855 0.086788
0 0.685233 0.688472 0.077720 0.073834
0 0.225052 0.862514 0.117254 0.100675
0 0.102361 0.854922 0.082842 0.077720
0 0.030442 0.828368 0.060878 0.089378
0 0.027850 0.955412 0.055699 0.089176
0 0.254665 0.951355 0.093314 0.097289
0 0.334795 0.941759 0.103456 0.084184
0 0.855570 0.887306 0.076425 0.085492
0 0.966101 0.845909 0.067797 0.087228
0 0.398189 0.746509 0.110558 0.091284
0 0.479329 0.898653 0.094329 0.089256
0 0.983808 0.990933 0.032383 0.018134
0 0.983808 0.894430 0.032383 0.037565
0 0.954016 0.930052 0.091968 0.088083
0 0.769430 0.803756 0.044041 0.060881
0 0.718912 0.810233 0.051813 0.050518
0 0.012953 0.924223 0.025906 0.063472
0 0.126943 0.753238 0.056995 0.063472