0 0.756721 0.941181 0.071031 0.063238
0 0.768852 0.877944 0.074500 0.071900
0 0.983610 0.798684 0.032780 0.079694
0 0.116130 0.793919 0.094423 0.092688
0 0.041389 0.816441 0.082778 0.085759
0 0.055967 0.913921 0.079776 0.081484
0 0.409353 0.881844 0.095288 0.109147
0 0.440975 0.943781 0.084027 0.066700
0 0.492948 0.868416 0.090954 0.078828
0 0.506477 0.763601 0.077720 0.084197
0 0.557483 0.728516 0.065833 0.064103
0 0.602171 0.710134 0.054726 0.062754
0 0.531929 0.642325 0.078828 0.058037
0 0.546222 0.579087 0.069302 0.056306
0 0.875401 0.662681 0.098752 0.079694
0 0.930405 0.763600 0.078828 0.073631
0 0.977115 0.731981 0.045770 0.074497
0 0.841612 0.870581 0.060639 0.079694
0 0.029695 0.614172 0.059389 0.076231
0 0.068054 0.451750 0.093553 0.096153
0 0.606429 0.388512 0.082292 0.077097
0 0.596033 0.450450 0.106549 0.105681
0 0.550988 0.424031 0.068432 0.073631
0 0.971915 0.656184 0.056170 0.077097
0 0.554884 0.333941 0.079693 0.070166
0 0.706910 0.129937 0.084027 0.076231
0 0.774045 0.130803 0.079693 0.077962
0 0.793536 0.037250 0.085761 0.074497
0 0.864637 0.047927 0.066062 0.044041
0 0.740262 0.352131 0.079693 0.082294
0 0.838083 0.759715 0.041451 0.063472
0 0.718912 0.805699 0.049223 0.054404
0 0.704016 0.874352 0.047927 0.046632
0 0.565415 0.922280 0.060881 0.054404
0 0.609456 0.332254 0.034974 0.047927
0 0.955311 0.027202 0.047927 0.054404
0 0.647021 0.657383 0.060881 0.042746
0 0.014249 0.748057 0.028497 0.047927
0 0.777850 0.076425 0.068653 0.049223