0 0.040732 0.969283 0.081464 0.061434
0 0.388297 0.590130 0.078328 0.076633
0 0.358660 0.657034 0.090090 0.067569
0 0.302791 0.506306 0.078828 0.083159
0 0.351300 0.472956 0.070166 0.066700
0 0.268138 0.428778 0.078828 0.082294
0 0.013445 0.455631 0.026890 0.085759
0 0.063202 0.824295 0.059046 0.065688
0 0.136610 0.301438 0.079112 0.068434
0 0.094560 0.223475 0.077720 0.080563
0 0.308422 0.128622 0.084891 0.079694
0 0.347660 0.010603 0.061157 0.021206
0 0.364291 0.125156 0.063238 0.051975
0 0.395043 0.258125 0.077964 0.061503
0 0.628501 0.987041 0.087491 0.025918
0 0.749068 0.965026 0.057721 0.064767
0 0.617876 0.906736 0.059585 0.056995
0 0.497057 0.724600 0.081015 0.072766
0 0.856425 0.851036 0.077305 0.064767
0 0.712091 0.517134 0.081428 0.075363
0 0.672871 0.539634 0.053222 0.073583
0 0.582467 0.481619 0.078589 0.075363
0 0.622001 0.430944 0.079693 0.071031
0 0.559632 0.401491 0.086626 0.077962
0 0.494664 0.378969 0.088355 0.083159
0 0.548371 0.302339 0.065833 0.083953
0 0.250000 0.331606 0.059585 0.054404
0 0.283031 0.292098 0.055699 0.068653
0 0.456606 0.805052 0.058290 0.058290
0 0.304404 0.237047 0.051813 0.044041