0 0.151910 0.022682 0.090484 0.045364
0 0.086429 0.033993 0.052386 0.067986
0 0.235847 0.100725 0.117867 0.084531
0 0.532892 0.826375 0.073813 0.102388
0 0.391812 0.974502 0.070241 0.050996
0 0.801365 0.670412 0.086912 0.080959
0 0.717428 0.688866 0.078579 0.086912
0 0.775172 0.780538 0.072624 0.048812
0 0.717428 0.857925 0.054764 0.079769
0 0.751362 0.956644 0.077385 0.086712
0 0.602541 0.468016 0.075007 0.095247
0 0.975985 0.645409 0.048030 0.095247
0 0.759695 0.186447 0.077385 0.067863
0 0.729338 0.118584 0.088102 0.091675
0 0.587656 0.207281 0.085719 0.076197