0 0.012732 0.765156 0.025463 0.070313
0 0.075575 0.861090 0.084601 0.080929
0 0.134839 0.803735 0.084374 0.055656
0 0.270773 0.725452 0.087500 0.077847
0 0.314901 0.825881 0.096124 0.091762
0 0.375461 0.858906 0.074998 0.092187
0 0.341969 0.940937 0.080311 0.081250
0 0.269993 0.915938 0.073437 0.068750
0 0.261401 0.974375 0.074998 0.051250
0 0.430930 0.968125 0.073437 0.063750
0 0.581711 0.974375 0.074998 0.051250
0 0.578585 0.915938 0.071877 0.062500
0 0.633274 0.326562 0.084374 0.087500
0 0.709837 0.364844 0.081249 0.095313
0 0.876295 0.027202 0.055699 0.054404
0 0.389896 0.801166 0.077720 0.047927