0 0.103936 0.972813 0.052432 0.054374
0 0.151995 0.954771 0.040569 0.046417
0 0.223446 0.752591 0.055699 0.062176
0 0.138742 0.594844 0.110939 0.089062
0 0.105931 0.501094 0.079689 0.079688
0 0.187180 0.435469 0.082814 0.076562
0 0.171557 0.015625 0.092186 0.031250
0 0.115307 0.017188 0.064061 0.034375
0 0.333900 0.395312 0.096876 0.071875
0 0.308120 0.457031 0.079689 0.051562
0 0.264368 0.377344 0.092186 0.095312
0 0.380701 0.335492 0.077976 0.075130
0 0.466712 0.408594 0.074998 0.073438
0 0.515150 0.324859 0.078123 0.040909
0 0.656556 0.212950 0.070308 0.070977
0 0.262953 0.562824 0.056995 0.045337
0 0.044041 0.841969 0.062176 0.088083
0 0.007772 0.853627 0.015544 0.067358