0 0.959895 0.698925 0.067863 0.073816
0 0.889649 0.731069 0.082151 0.052384
0 0.714635 0.657253 0.055958 0.057147
0 0.672964 0.687613 0.075007 0.070244
0 0.556292 0.736428 0.079768 0.075006
0 0.472951 0.757856 0.058336 0.063100
0 0.797975 0.473906 0.079768 0.080959
0 0.734878 0.566175 0.094056 0.077387
0 0.706302 0.492359 0.041670 0.060719
0 0.362826 0.621538 0.090484 0.073816
0 0.124117 0.526291 0.065480 0.066672
0 0.193170 0.655469 0.089291 0.077388
0 0.233646 0.707853 0.091674 0.091675
0 0.221144 0.815003 0.088102 0.084531
0 0.275913 0.916203 0.080958 0.096434
0 0.006993 0.615584 0.013986 0.061909
0 0.849764 0.025062 0.061908 0.050003