0 0.054774 0.033731 0.109548 0.067462
0 0.392901 0.086666 0.105867 0.121437
0 0.501885 0.077844 0.128705 0.130778
0 0.076854 0.166587 0.146349 0.148425
0 0.022081 0.331619 0.044157 0.121437
0 0.092421 0.364831 0.100679 0.079922
0 0.106431 0.438006 0.110022 0.103794
0 0.177011 0.482637 0.047743 0.078881
0 0.027786 0.573456 0.055572 0.063312
0 0.098131 0.615494 0.112095 0.103794
0 0.039203 0.672059 0.078405 0.106906
0 0.358652 0.526750 0.116250 0.121438
0 0.298450 0.642997 0.126627 0.115209
0 0.296373 0.747828 0.110022 0.102756
0 0.482164 0.751462 0.101717 0.099641
0 0.611385 0.161397 0.127666 0.127666
0 0.700648 0.017125 0.100679 0.034250
0 0.503962 0.544394 0.112095 0.102756
0 0.695459 0.541800 0.096529 0.114172
0 0.661205 0.647669 0.100679 0.083034
0 0.542883 0.936968 0.125589 0.126064
0 0.782644 0.573456 0.075769 0.065391
0 0.975653 0.155691 0.048694 0.122475
0 0.918615 0.105869 0.106906 0.130778
0 0.842846 0.077844 0.088224 0.093413
0 0.245514 0.264672 0.118322 0.089262
0 0.615933 0.786269 0.066062 0.075130
0 0.957902 0.272021 0.040155 0.101036
0 0.728627 0.366580 0.097150 0.103627
0 0.591321 0.277202 0.073834 0.041451