0 0.372387 0.036450 0.066430 0.072900
0 0.270152 0.022956 0.088224 0.045912
0 0.184523 0.034892 0.080957 0.069784
0 0.231749 0.180844 0.073691 0.083034
0 0.262886 0.234816 0.077846 0.076806
0 0.354743 0.222363 0.060198 0.070578
0 0.441411 0.287231 0.069541 0.075769
0 0.491748 0.370266 0.064352 0.065391
0 0.509396 0.401403 0.043593 0.042556
0 0.483448 0.422681 0.029060 0.033212
0 0.447638 0.406075 0.057086 0.062275
0 0.223966 0.416453 0.068503 0.078881
0 0.171546 0.502603 0.065391 0.072656
0 0.034138 0.450706 0.068276 0.072656
0 0.218255 0.851347 0.044631 0.041519
0 0.201650 0.617813 0.075769 0.064353
0 0.121209 0.620406 0.056048 0.048781