0 0.369471 0.882694 0.072765 0.078828
0 0.425345 0.961053 0.090954 0.077894
0 0.592533 0.968416 0.087491 0.063167
0 0.432710 0.770513 0.100486 0.093556
0 0.503309 0.747556 0.082292 0.090956
0 0.649272 0.532728 0.076229 0.075363
0 0.679159 0.466891 0.078828 0.082294
0 0.748024 0.412319 0.074500 0.071900
0 0.730699 0.307069 0.091824 0.090091
0 0.614241 0.060233 0.082398 0.066062
0 0.560917 0.025329 0.088355 0.050658
0 0.804330 0.169769 0.072765 0.059772
0 0.825777 0.396373 0.071244 0.082902
0 0.978627 0.117876 0.042746 0.075130