0 0.258647 0.378984 0.085761 0.080563
0 0.343971 0.314881 0.093553 0.089225
0 0.287232 0.301022 0.068432 0.082294
0 0.430596 0.384597 0.100486 0.088319
0 0.556048 0.225250 0.125049 0.072816
0 0.740229 0.215309 0.068541 0.066792
0 0.435860 0.036269 0.107554 0.072538
0 0.370492 0.022668 0.080362 0.045336
0 0.089915 0.236487 0.089601 0.095287
0 0.105248 0.157274 0.113339 0.099521
0 0.030440 0.163287 0.060880 0.116944
0 0.926526 0.274169 0.094423 0.106550
0 0.841726 0.161378 0.096340 0.094778
0 0.662565 0.297927 0.084197 0.111399
0 0.534974 0.144430 0.082902 0.099741
0 0.492876 0.321891 0.076425 0.053109
0 0.832902 0.009715 0.067358 0.019430