0 0.484838 0.175000 0.093751 0.096875
0 0.455148 0.225781 0.100002 0.079688
0 0.198824 0.048397 0.084218 0.065706
0 0.231715 0.082031 0.118750 0.085938
0 0.212181 0.197656 0.101562 0.076562
0 0.223899 0.265625 0.109374 0.090625
0 0.521554 0.447656 0.082814 0.070312
0 0.082494 0.737500 0.101562 0.106250
0 0.199680 0.594531 0.073437 0.067188
0 0.112180 0.948438 0.082814 0.096875
0 0.201245 0.961719 0.079688 0.076562
0 0.175460 0.916406 0.049999 0.048438
0 0.125462 0.843750 0.100002 0.081250
0 0.444996 0.844531 0.095311 0.076562
0 0.547339 0.856250 0.106248 0.100000
0 0.592651 0.751562 0.093751 0.103125
0 0.752808 0.710938 0.079689 0.071875
0 0.712962 0.660938 0.090625 0.078125
0 0.539527 0.532031 0.096876 0.076562
0 0.981481 0.635938 0.037038 0.084375
0 0.915306 0.685938 0.107813 0.096875
0 0.088731 0.310233 0.063472 0.071244