0 0.123180 0.085725 0.098199 0.097019
0 0.032383 0.337153 0.064766 0.096585
0 0.013601 0.452720 0.027202 0.102332
0 0.571427 0.315745 0.085125 0.092629
0 0.209845 0.736363 0.101036 0.107585
0 0.362976 0.691666 0.087491 0.084025
0 0.022668 0.772394 0.045336 0.068103
0 0.065415 0.959845 0.102332 0.080310
0 0.291451 0.853627 0.082902 0.064767
0 0.599741 0.817260 0.064767 0.070143
0 0.505829 0.518135 0.079016 0.064767
0 0.360948 0.199177 0.074227 0.064156
0 0.240173 0.255070 0.079239 0.075352
0 0.162565 0.200909 0.086788 0.067620
0 0.648179 0.209786 0.094833 0.082784
0 0.569301 0.429404 0.071244 0.068653
0 0.221503 0.084197 0.041451 0.054404
0 0.321891 0.290803 0.066062 0.073834
0 0.510363 0.205311 0.038860 0.042746
0 0.474093 0.211788 0.054404 0.050518