0 0.100850 0.742464 0.083273 0.082429
0 0.020230 0.699463 0.040460 0.093301
0 0.043586 0.548125 0.081249 0.081250
0 0.019430 0.380984 0.038860 0.078031
0 0.265244 0.428430 0.100437 0.088735
0 0.360775 0.400342 0.078123 0.083067
0 0.379314 0.622856 0.065207 0.080712
0 0.166936 0.129066 0.103301 0.099381
0 0.449836 0.951875 0.084374 0.081250
0 0.538110 0.863903 0.092174 0.085319
0 0.696244 0.741749 0.089378 0.073497
0 0.650683 0.562031 0.088930 0.085938
0 0.690462 0.505781 0.087500 0.082812
0 0.614758 0.131563 0.073592 0.093750
0 0.544689 0.070789 0.097150 0.087173
0 0.435881 0.700130 0.084197 0.084197
0 0.148316 0.928756 0.050518 0.080311