0 0.020028 0.458428 0.040056 0.083341
0 0.044435 0.237578 0.088870 0.094056
0 0.229357 0.141738 0.102390 0.107150
0 0.160305 0.196503 0.069052 0.069053
0 0.085895 0.148288 0.079768 0.101197
0 0.578788 0.029198 0.096435 0.058396
0 0.973040 0.359613 0.053920 0.090484
0 0.595459 0.967328 0.079768 0.065344
0 0.747255 0.627491 0.083340 0.083341
0 0.412704 0.336397 0.095245 0.094056
0 0.211502 0.422713 0.111912 0.100006
0 0.939532 0.645347 0.096435 0.085722
0 0.615285 0.404145 0.044041 0.051813
0 0.626295 0.478627 0.058290 0.060881
0 0.184585 0.516839 0.053109 0.056995
0 0.365285 0.053756 0.062176 0.073834
0 0.431995 0.047927 0.068653 0.062176
0 0.788860 0.039508 0.082902 0.079016
0 0.257124 0.582902 0.104922 0.049223
0 0.342617 0.137953 0.089378 0.094560