0 0.034326 0.766192 0.068652 0.079016
0 0.535227 0.985104 0.100530 0.029792
0 0.354922 0.832254 0.088083 0.089378
0 0.478878 0.848981 0.127798 0.120700
0 0.535368 0.797759 0.102838 0.115628
0 0.267487 0.521373 0.086788 0.089378
0 0.609456 0.664508 0.099741 0.095855
0 0.875092 0.827720 0.110287 0.098446
0 0.963083 0.821912 0.073834 0.099782
0 0.773068 0.461770 0.101531 0.104957
0 0.683290 0.545984 0.089378 0.068653
0 0.764896 0.359456 0.094560 0.091969
0 0.761658 0.229922 0.077720 0.089378
0 0.983880 0.296228 0.032240 0.082094
0 0.926166 0.305699 0.075130 0.067358
0 0.933290 0.038860 0.102332 0.077720
0 0.259067 0.548575 0.090674 0.068653
0 0.411269 0.716321 0.079016 0.059585
0 0.574482 0.543394 0.063472 0.097150
0 0.337435 0.982513 0.086788 0.034974
0 0.918394 0.367228 0.046632 0.055699
0 0.314767 0.499352 0.038860 0.068653