0 0.787117 0.037289 0.096750 0.074578
0 0.704766 0.047433 0.110558 0.094866
0 0.715674 0.265471 0.073834 0.082755
0 0.636511 0.557375 0.089673 0.093313
0 0.317358 0.430699 0.098446 0.084197
0 0.095693 0.759067 0.097370 0.093264
0 0.145898 0.770201 0.072013 0.078768
0 0.186976 0.693215 0.091283 0.083321
0 0.217982 0.834197 0.064036 0.064767
0 0.163663 0.829182 0.052714 0.085159
0 0.818005 0.943001 0.068653 0.101028
0 0.440415 0.669300 0.036269 0.074351
0 0.893135 0.544041 0.089378 0.090674
0 0.949482 0.466969 0.101036 0.099741
0 0.258420 0.697539 0.063472 0.081606
0 0.551166 0.803756 0.071244 0.060881
0 0.112047 0.611399 0.055699 0.072539
0 0.102332 0.952720 0.046632 0.081606