0 0.013945 0.315609 0.027889 0.116581
0 0.034184 0.375519 0.068368 0.103628
0 0.022041 0.208744 0.044081 0.097150
0 0.322579 0.013698 0.093911 0.027395
0 0.748418 0.019365 0.087434 0.038730
0 0.694176 0.072734 0.059911 0.061528
0 0.757325 0.068684 0.085817 0.089053
0 0.745180 0.139928 0.090672 0.082578
0 0.972170 0.163406 0.055660 0.100388
0 0.866619 0.094591 0.038860 0.085816
0 0.274000 0.390900 0.129532 0.131153
0 0.301528 0.518816 0.110102 0.111722
0 0.507971 0.179600 0.085817 0.090675
0 0.709559 0.293750 0.106864 0.072863
0 0.767040 0.499384 0.085817 0.082578
0 0.784040 0.646728 0.093911 0.092294
0 0.843951 0.826456 0.090672 0.098769
0 0.738703 0.816744 0.116579 0.108484
0 0.643176 0.836981 0.084196 0.077719
0 0.946768 0.903369 0.105247 0.093912
0 0.028517 0.879081 0.057034 0.103628
0 0.025279 0.962209 0.050558 0.075582
0 0.586788 0.434585 0.059585 0.058290
0 0.938472 0.496114 0.097150 0.103627
0 0.058290 0.279793 0.059585 0.077720