0 0.028101 0.124197 0.056198 0.123278
0 0.107719 0.152719 0.114078 0.099359
0 0.125199 0.027600 0.123276 0.055200
0 0.100359 0.275075 0.091998 0.079119
0 0.211679 0.204237 0.134317 0.121438
0 0.301834 0.213438 0.112236 0.103038
0 0.378195 0.176638 0.080957 0.051519
0 0.293557 0.023000 0.047841 0.046000
0 0.227316 0.322916 0.110398 0.086478
0 0.100359 0.440672 0.121439 0.112237
0 0.021662 0.290716 0.043320 0.095678
0 0.025841 0.455391 0.049679 0.057037
0 0.081037 0.494031 0.057039 0.064400
0 0.148200 0.699188 0.114078 0.103038
0 0.215359 0.781988 0.086480 0.088319
0 0.474794 0.218956 0.068079 0.077278
0 0.411316 0.089237 0.080957 0.060719
0 0.404872 0.034041 0.079120 0.068078
0 0.507910 0.016559 0.082800 0.033118
0 0.543790 0.108559 0.069917 0.084638
0 0.676269 0.050600 0.099358 0.086478
0 0.723189 0.185837 0.090160 0.077278
0 0.741590 0.261275 0.119596 0.095678
0 0.959572 0.039559 0.080856 0.079118
0 0.915466 0.088319 0.103038 0.106719
0 0.980732 0.123278 0.038535 0.114078
0 0.990852 0.264956 0.018296 0.055200
0 0.840948 0.316475 0.104876 0.106719
0 0.823468 0.457231 0.091998 0.097519
0 0.738826 0.401112 0.073597 0.084638
0 0.664307 0.402953 0.079120 0.084637
0 0.451792 0.298075 0.080957 0.073600
0 0.429712 0.342234 0.099358 0.091997
0 0.503314 0.361553 0.080958 0.093838
0 0.449955 0.452631 0.088318 0.080959
0 0.388314 0.468272 0.075440 0.079119
0 0.337714 0.491272 0.062557 0.069919
0 0.490431 0.485750 0.073597 0.084637
0 0.606352 0.536350 0.077277 0.079119
0 0.524473 0.639387 0.090160 0.093838
0 0.327595 0.961831 0.112236 0.076338
0 0.265038 0.982991 0.082800 0.034017
0 0.099438 0.985751 0.079120 0.028498
0 0.536430 0.714828 0.066237 0.068078
0 0.685467 0.711147 0.066237 0.086478
0 0.736067 0.815106 0.075440 0.088319
0 0.724110 0.869384 0.073597 0.090159
0 0.653267 0.872144 0.090160 0.099359
0 0.545632 0.851906 0.103038 0.103038
0 0.644990 0.968271 0.103038 0.063458
0 0.688230 0.984831 0.090160 0.030338