0 0.016839 0.172096 0.033678 0.074762
0 0.147021 0.278144 0.068653 0.061469
0 0.134067 0.366691 0.071244 0.077084
0 0.226684 0.360104 0.072539 0.067358
0 0.013601 0.409797 0.027202 0.080128
0 0.215745 0.865719 0.066205 0.075056
0 0.276399 0.850594 0.061191 0.063061
0 0.262878 0.880141 0.072689 0.053189
0 0.579663 0.957254 0.079016 0.085492
0 0.540962 0.756175 0.050713 0.038544
0 0.499884 0.738931 0.055784 0.044628
0 0.395920 0.730309 0.062886 0.047672
0 0.432942 0.625331 0.059840 0.038544
0 0.346217 0.586284 0.052743 0.047672
0 0.279275 0.548247 0.062886 0.054772
0 0.055118 0.674870 0.073029 0.049223
0 0.024009 0.757191 0.048018 0.034484
0 0.559217 0.449356 0.048687 0.053756
0 0.638839 0.507675 0.049698 0.056800
0 0.647459 0.388497 0.054769 0.041584
0 0.554145 0.346913 0.066942 0.051728
0 0.340311 0.327519 0.055130 0.054001
0 0.284346 0.346406 0.058830 0.056800
0 0.517123 0.244978 0.063901 0.048684
0 0.267107 0.125291 0.048687 0.054772
0 0.327101 0.064119 0.053051 0.047927
0 0.673323 0.022074 0.053759 0.044148
0 0.629599 0.023089 0.051944 0.046178
0 0.230593 0.057844 0.060856 0.061872
0 0.054404 0.025259 0.067358 0.050518