0 0.237183 0.080441 0.055009 0.081997
0 0.199296 0.052416 0.056047 0.069541
0 0.153109 0.033731 0.119361 0.067462
0 0.051914 0.027506 0.093412 0.055009
0 0.048281 0.222637 0.075769 0.079922
0 0.220056 0.293734 0.072657 0.056047
0 0.230434 0.407906 0.068503 0.041519
0 0.146365 0.254294 0.066430 0.056047
0 0.119378 0.531941 0.087185 0.098603
0 0.194624 0.558925 0.086146 0.073694
0 0.231472 0.591619 0.074730 0.072656
0 0.221612 0.655453 0.086146 0.077844
0 0.526764 0.824116 0.098601 0.072656
0 0.420375 0.548547 0.051897 0.061238
0 0.696984 0.551659 0.067464 0.075769
0 0.705806 0.620681 0.053970 0.062275
0 0.788324 0.561000 0.092374 0.092375
0 0.743693 0.470181 0.040481 0.068503
0 0.809601 0.395972 0.097567 0.094453
0 0.881736 0.407906 0.063314 0.045669
0 0.866687 0.483156 0.112095 0.117287
0 0.655986 0.184750 0.072657 0.085109
0 0.591117 0.211219 0.100679 0.098603
0 0.718783 0.100159 0.094451 0.094453
0 0.762375 0.055528 0.052936 0.044631
0 0.773274 0.160359 0.078885 0.096528
0 0.849560 0.157766 0.086146 0.095491
0 0.931556 0.160359 0.092374 0.086147
0 0.927406 0.289063 0.106906 0.106906
0 0.959291 0.388184 0.081418 0.107944
0 0.933634 0.628984 0.108984 0.124553
0 0.854749 0.762878 0.073691 0.076806
0 0.998732 0.307228 0.002536 0.099641
0 0.966039 0.932063 0.067922 0.074731
0 0.935189 0.850066 0.101717 0.107944
0 0.683490 0.837091 0.094451 0.088225
0 0.723454 0.990941 0.103795 0.018118
0 0.629520 0.782600 0.055009 0.085109
0 0.686606 0.764434 0.046709 0.059163
0 0.971747 0.123512 0.056506 0.056047