0 0.213829 0.964756 0.076807 0.065391
0 0.019208 0.823078 0.038415 0.070578
0 0.162453 0.010897 0.050859 0.021794
0 0.156743 0.047225 0.058125 0.059163
0 0.164526 0.107425 0.059164 0.055009
0 0.227839 0.143234 0.075769 0.074731
0 0.163487 0.273494 0.063314 0.061238
0 0.154148 0.368984 0.069541 0.069541
0 0.158298 0.435412 0.065391 0.055009
0 0.026999 0.445791 0.051897 0.044631
0 0.014537 0.492497 0.029074 0.034253
0 0.087718 0.458247 0.055009 0.050859
0 0.137543 0.622759 0.067464 0.076806
0 0.248599 0.632100 0.059164 0.062275
0 0.184769 0.672578 0.070580 0.066428
0 0.400137 0.096528 0.059164 0.053972
0 0.367444 0.143753 0.072657 0.067466
0 0.400137 0.201878 0.067464 0.069541
0 0.501854 0.140641 0.065391 0.069541
0 0.563090 0.143753 0.067464 0.071616
0 0.748364 0.226269 0.089262 0.091338
0 0.802856 0.272456 0.050859 0.034253
0 0.834511 0.217447 0.085112 0.086147
0 0.870320 0.261041 0.044631 0.063312
0 0.802334 0.290100 0.093413 0.042556
0 0.815311 0.318644 0.073691 0.041519
0 0.926884 0.083034 0.056047 0.051897
0 0.989392 0.144272 0.021216 0.033212
0 0.884331 0.321759 0.060198 0.051897
0 0.876547 0.373134 0.075769 0.067466
0 0.428680 0.944516 0.070580 0.072656
0 0.435946 0.852659 0.076807 0.084072
0 0.299975 0.799206 0.064352 0.068503
0 0.041531 0.746272 0.072657 0.072656
0 0.099139 0.791941 0.073691 0.058125
0 0.050875 0.932063 0.064352 0.062275
0 0.524687 0.751462 0.077846 0.083034
0 0.609282 0.773778 0.089262 0.088225
0 0.573990 0.814256 0.053970 0.061237
0 0.647164 0.836572 0.086146 0.076806
0 0.726566 0.714616 0.083035 0.086147
0 0.719300 0.571381 0.074730 0.081997
0 0.551157 0.482637 0.072657 0.066428
0 0.501854 0.532978 0.040481 0.063312
0 0.452034 0.563597 0.059164 0.047744
0 0.466566 0.612897 0.065391 0.067466
0 0.434907 0.624834 0.043593 0.064353
0 0.991987 0.529344 0.016026 0.062275
0 0.971516 0.606150 0.053970 0.049822
0 0.964999 0.669466 0.070002 0.070578
0 0.864609 0.622759 0.080958 0.076806
0 0.799740 0.677250 0.065391 0.036328
0 0.251194 0.839684 0.060198 0.083034
0 0.304647 0.966030 0.075769 0.067939