0 0.950760 0.556331 0.056047 0.072656
0 0.907168 0.663756 0.068503 0.061237
0 0.809601 0.545431 0.078885 0.092375
0 0.814790 0.680362 0.083035 0.092375
0 0.711516 0.705275 0.081996 0.050859
0 0.730716 0.662200 0.080957 0.078881
0 0.672596 0.553734 0.085112 0.090300
0 0.546485 0.574494 0.073691 0.088225
0 0.461554 0.648706 0.094093 0.116247
0 0.526764 0.769625 0.086146 0.086147
0 0.573473 0.784675 0.038404 0.058125
0 0.599421 0.807509 0.063314 0.087188
0 0.940900 0.802319 0.077846 0.083034
0 0.986797 0.808547 0.026406 0.078881
0 0.844888 0.942959 0.095490 0.100678
0 0.763931 0.915972 0.091340 0.094453
0 0.158820 0.688147 0.093412 0.101716
0 0.613949 0.661681 0.055009 0.073694
0 0.411269 0.647021 0.037565 0.079016