0 0.033669 0.746145 0.067338 0.111461
0 0.046951 0.810276 0.093902 0.107428
0 0.154767 0.910410 0.112642 0.095431
0 0.656824 0.972798 0.096031 0.054404
0 0.056347 0.540672 0.112694 0.102594
0 0.099265 0.399893 0.076769 0.097714
0 0.698588 0.151875 0.081249 0.093750
0 0.600151 0.168281 0.100002 0.092188
0 0.597026 0.301875 0.084374 0.081250
0 0.676714 0.196406 0.090625 0.067188
0 0.842027 0.192969 0.078123 0.079688
0 0.920931 0.191406 0.076563 0.095312
0 0.790610 0.818487 0.069040 0.065099
0 0.827874 0.771648 0.074822 0.069203
0 0.675332 0.037565 0.071615 0.067358
0 0.403588 0.065633 0.071877 0.076861