0 0.722972 0.013752 0.070241 0.027504
0 0.517597 0.363244 0.095245 0.097625
0 0.887863 0.454919 0.066669 0.078578
0 0.961084 0.265619 0.041670 0.080959
0 0.819999 0.709700 0.076196 0.080959
0 0.542601 0.703747 0.047620 0.066672
0 0.404496 0.665053 0.100007 0.077388
0 0.258053 0.575762 0.102389 0.101197
0 0.281863 0.646600 0.109533 0.071434
0 0.246148 0.419797 0.097628 0.079769
0 0.322344 0.362053 0.080958 0.095247
0 0.427112 0.408487 0.078579 0.080959
0 0.254481 0.137631 0.071435 0.067863
0 0.250317 0.203709 0.067863 0.057147
0 0.209239 0.059650 0.057147 0.069053
0 0.101496 0.019705 0.048814 0.039409
0 0.011161 0.809113 0.022322 0.046431
0 0.083636 0.878166 0.079768 0.072625