0 0.430052 0.121762 0.106218 0.088083
0 0.670984 0.190415 0.088083 0.075130
0 0.711091 0.179528 0.055784 0.083172
0 0.909974 0.245993 0.084197 0.080070
0 0.972948 0.237341 0.054104 0.097372
0 0.961788 0.320006 0.076424 0.084184
0 0.293394 0.197539 0.123057 0.117876
0 0.176913 0.330311 0.125448 0.116580
0 0.082236 0.379341 0.147072 0.127800
0 0.198880 0.466321 0.153154 0.132124
0 0.307014 0.488485 0.132086 0.118885
0 0.328201 0.368184 0.139971 0.113600
0 0.359891 0.426295 0.075554 0.087824
0 0.434556 0.345343 0.115344 0.120737
0 0.556995 0.974093 0.088083 0.051813
0 0.459197 0.435233 0.081606 0.088083
0 0.042098 0.301166 0.084196 0.102332
0 0.051813 0.459845 0.103626 0.116580
0 0.402202 0.894430 0.068653 0.081606
0 0.753238 0.564767 0.060881 0.075130
0 0.659974 0.561528 0.060881 0.071244