0 0.069572 0.944301 0.104379 0.090674
0 0.274010 0.856141 0.089286 0.095702
0 0.783668 0.657383 0.102441 0.091969
0 0.240285 0.659974 0.110104 0.102332
0 0.826777 0.420173 0.129828 0.115613
0 0.979275 0.644430 0.041450 0.073834
0 0.640544 0.387643 0.099741 0.095181
0 0.133010 0.448762 0.103456 0.097005
0 0.212353 0.467379 0.085657 0.090199
0 0.047928 0.430567 0.095854 0.096885
0 0.948889 0.113359 0.102222 0.096356
0 0.500648 0.204663 0.107513 0.106218
0 0.343891 0.186358 0.117834 0.090333
0 0.785579 0.303756 0.092054 0.094560
0 0.031736 0.022669 0.063471 0.045336
0 0.960492 0.279145 0.047927 0.045337
0 0.701512 0.576378 0.065927 0.054772
0 0.567628 0.529722 0.059840 0.054772
0 0.592477 0.507916 0.052743 0.041584
0 0.301166 0.827073 0.081606 0.055699
0 0.955959 0.613990 0.046632 0.046632
0 0.512953 0.266839 0.064767 0.049223
0 0.041451 0.654793 0.051813 0.071244