0 0.846689 0.371822 0.071619 0.062275
0 0.885093 0.530625 0.071619 0.062275
0 0.949967 0.009463 0.097567 0.018926
0 0.903259 0.030741 0.068502 0.061481
0 0.319425 0.115972 0.102756 0.104831
0 0.019850 0.284637 0.039699 0.097566
0 0.382217 0.249866 0.103795 0.104831
0 0.514033 0.268550 0.112095 0.086147
0 0.356268 0.313700 0.095490 0.091338
0 0.885093 0.234297 0.048781 0.059162
0 0.689963 0.315256 0.067464 0.059162
0 0.658309 0.557613 0.078885 0.070578
0 0.277905 0.478731 0.063314 0.066428
0 0.051638 0.924522 0.059164 0.048781
0 0.177226 0.934381 0.069541 0.072656
0 0.188643 0.678013 0.077846 0.085109
0 0.274793 0.670747 0.090301 0.089263
0 0.507805 0.875219 0.068503 0.058125
0 0.582018 0.850309 0.077846 0.064353
0 0.661269 0.050518 0.053109 0.051813
0 0.869171 0.940415 0.090674 0.069948
0 0.937176 0.965026 0.058290 0.067358
0 0.987694 0.224093 0.024611 0.038860
0 0.951425 0.206606 0.060881 0.040155