0 0.215590 0.055469 0.086620 0.085938
0 0.295119 0.053085 0.075565 0.075081
0 0.112195 0.918653 0.071540 0.062694
0 0.112694 0.964844 0.080311 0.057812
0 0.432339 0.760156 0.093751 0.073438
0 0.508117 0.828906 0.085939 0.070312
0 0.598742 0.769531 0.095311 0.076563
0 0.605774 0.818750 0.087500 0.062500
0 0.796401 0.753125 0.084374 0.081250
0 0.796401 0.810156 0.090625 0.057812
0 0.812468 0.539844 0.083485 0.079688
0 0.864368 0.485966 0.082814 0.093693
0 0.933899 0.500000 0.081249 0.085492
0 0.982576 0.786719 0.034848 0.085937
0 0.952648 0.872656 0.071877 0.079687
0 0.860462 0.853906 0.074998 0.092187
0 0.970074 0.984375 0.059852 0.031250