0 0.463930 0.969075 0.112612 0.061850
0 0.473480 0.838962 0.102262 0.120409
0 0.859806 0.738912 0.126472 0.110881
0 0.835643 0.482503 0.121461 0.121275
0 0.796474 0.531444 0.116264 0.127337
0 0.717739 0.471241 0.100486 0.107416
0 0.659355 0.480302 0.075187 0.082365
0 0.812595 0.396309 0.113477 0.110013
0 0.885607 0.211387 0.101844 0.105724
0 0.975389 0.172194 0.049222 0.100865
0 0.699427 0.080743 0.114100 0.117445
0 0.715026 0.159054 0.103627 0.111943
0 0.944948 0.676813 0.071244 0.086788
0 0.817358 0.625648 0.062176 0.072539
0 0.906088 0.070596 0.066062 0.071244
0 0.746762 0.309585 0.050518 0.067358
0 0.942358 0.494819 0.045337 0.056995