0 0.197027 0.965781 0.078123 0.068437
0 0.132181 0.754589 0.085940 0.086677
0 0.130621 0.813594 0.092186 0.070312
0 0.100931 0.601875 0.092186 0.081250
0 0.394362 0.753437 0.102195 0.090625
0 0.314212 0.629087 0.087500 0.076826
0 0.506159 0.563511 0.084857 0.082980
0 0.056399 0.104949 0.096876 0.090727
0 0.544682 0.188594 0.076563 0.079687
0 0.525933 0.237813 0.067186 0.046875
0 0.645464 0.159687 0.071877 0.059375
0 0.629836 0.094844 0.068752 0.057812
0 0.782652 0.853438 0.096876 0.084375
0 0.892806 0.752656 0.095311 0.085938
0 0.740465 0.646299 0.078123 0.070097
0 0.948016 0.564375 0.065107 0.068750
0 0.909214 0.423750 0.074998 0.071875
0 0.866242 0.451094 0.067186 0.067187
0 0.806871 0.194844 0.082814 0.070312
0 0.789683 0.069063 0.060935 0.059375
0 0.719367 0.027656 0.064061 0.054687
0 0.760363 0.967617 0.059585 0.064766