0 0.046558 0.346406 0.079689 0.076562
0 0.113744 0.333906 0.076563 0.092187
0 0.403589 0.507344 0.084374 0.089062
0 0.681995 0.638061 0.079016 0.087003
0 0.790150 0.919063 0.096876 0.100000
0 0.894057 0.937813 0.085940 0.068750
0 0.959920 0.744063 0.080160 0.093750
0 0.911245 0.289375 0.085940 0.071875
0 0.980232 0.381563 0.039536 0.071875
0 0.976325 0.285469 0.047350 0.095312
0 0.972418 0.021250 0.055164 0.042500
0 0.966951 0.071094 0.066098 0.070312
0 0.382772 0.557642 0.063472 0.058290
0 0.931347 0.487047 0.069948 0.062176