0 0.185881 0.784974 0.089378 0.085492
0 0.351036 0.479434 0.072539 0.101356
0 0.084495 0.229956 0.099617 0.097887
0 0.164188 0.216962 0.115211 0.094422
0 0.261211 0.202234 0.101351 0.094422
0 0.595150 0.928153 0.114346 0.108281
0 0.537542 0.865784 0.094423 0.085759
0 0.465026 0.810233 0.090674 0.102332
0 0.713054 0.605570 0.097209 0.115285
0 0.743776 0.819107 0.072033 0.078628
0 0.949637 0.884408 0.054094 0.079697
0 0.483217 0.595855 0.082789 0.082902
0 0.904833 0.384147 0.122144 0.106550
0 0.671777 0.241114 0.068363 0.049585
0 0.680699 0.114744 0.068653 0.077097
0 0.652202 0.050209 0.079016 0.079694
0 0.115285 0.468264 0.049223 0.060881
0 0.803756 0.695596 0.060881 0.077720
0 0.769430 0.615285 0.059585 0.098446
0 0.860751 0.051166 0.037565 0.053109
0 0.909326 0.222798 0.044041 0.046632
0 0.674870 0.173575 0.062176 0.051813
0 0.774611 0.401554 0.077720 0.072539
0 0.579016 0.347150 0.059585 0.056995