0 0.176714 0.045313 0.087500 0.090625
0 0.206399 0.184375 0.115625 0.081250
0 0.105617 0.116224 0.104688 0.092552
0 0.232183 0.292187 0.073437 0.093750
0 0.275931 0.192969 0.064061 0.067187
0 0.349368 0.347656 0.070312 0.070312
0 0.276711 0.317187 0.062501 0.096875
0 0.424371 0.315625 0.070312 0.081250
0 0.513431 0.282812 0.076563 0.084375
0 0.423586 0.035156 0.093751 0.070312
0 0.318898 0.069531 0.109374 0.085937
0 0.508745 0.022656 0.082814 0.045312
0 0.042181 0.604922 0.073437 0.095855
0 0.275206 0.549689 0.089485 0.079378
0 0.227338 0.691250 0.068752 0.062500
0 0.257023 0.681875 0.059375 0.068750
0 0.289523 0.956250 0.084374 0.087500
0 0.354173 0.974093 0.063674 0.051813
0 0.185221 0.970855 0.057020 0.058290