0 0.575386 0.015625 0.096876 0.031250
0 0.791012 0.023437 0.100002 0.046874
0 0.755076 0.261719 0.093751 0.095312
0 0.237047 0.023316 0.093264 0.046632
0 0.173827 0.038281 0.103123 0.076562
0 0.198046 0.092187 0.098437 0.065625
0 0.112887 0.038281 0.071877 0.076562
0 0.437107 0.060938 0.076563 0.078125
0 0.465232 0.275000 0.076563 0.084375
0 0.526952 0.356250 0.071877 0.065625
0 0.536324 0.452344 0.084374 0.089062
0 0.470698 0.649219 0.100002 0.114062
0 0.944918 0.934375 0.104688 0.112500
0 0.837105 0.906250 0.082814 0.081250
0 0.927731 0.763281 0.107813 0.104688
0 0.804294 0.801562 0.104688 0.093750
0 0.698826 0.791406 0.087500 0.092188
0 0.679293 0.407813 0.085940 0.068750
0 0.864450 0.501563 0.103123 0.078125
0 0.045984 0.625648 0.081606 0.072539
0 0.325130 0.632772 0.056995 0.060881