0 0.068273 0.008426 0.043592 0.016852
0 0.607481 0.005830 0.067464 0.011660
0 0.687400 0.015691 0.069541 0.031382
0 0.721132 0.139328 0.064352 0.070578
0 0.028948 0.193819 0.057896 0.096528
0 0.730992 0.335497 0.063314 0.072656
0 0.458538 0.460047 0.070580 0.060200
0 0.301290 0.503641 0.059164 0.056047
0 0.326717 0.547234 0.056048 0.051897
0 0.333983 0.649988 0.060198 0.047744
0 0.289352 0.599650 0.053970 0.048781
0 0.171546 0.576297 0.100679 0.089263
0 0.120688 0.459528 0.090301 0.075769
0 0.023240 0.618331 0.046479 0.071616
0 0.844126 0.622484 0.084074 0.088225
0 0.850353 0.390506 0.059164 0.068503
0 0.876302 0.163200 0.061236 0.060200
0 0.979410 0.708113 0.041180 0.089263
0 0.865924 0.881447 0.079919 0.066428
0 0.023759 0.898572 0.047518 0.100678
0 0.270152 0.699809 0.061236 0.053972
0 0.253543 0.744441 0.046709 0.049822
0 0.275858 0.866916 0.056048 0.041519
0 0.908679 0.927461 0.060881 0.062176