0 0.336532 0.544303 0.110991 0.105769
0 0.111937 0.742781 0.058759 0.063984
0 0.355468 0.729072 0.086184 0.067900
0 0.373098 0.825700 0.053538 0.083569
0 0.098228 0.098378 0.080958 0.080959
0 0.982634 0.313181 0.034732 0.090100
0 0.788987 0.155181 0.083571 0.082266
0 0.582022 0.134288 0.066594 0.061372
0 0.899977 0.266172 0.096627 0.087488
0 0.629031 0.242016 0.090099 0.088794
0 0.743937 0.410459 0.079651 0.073125
0 0.554598 0.304694 0.090099 0.099241
0 0.419449 0.258338 0.070514 0.082266
0 0.454708 0.346478 0.088792 0.096628
0 0.466458 0.433966 0.094014 0.088794
0 0.399864 0.403931 0.057453 0.057453
0 0.909118 0.501866 0.094014 0.104463
0 0.777890 0.588047 0.092712 0.096628
0 0.937845 0.640278 0.052231 0.057453
0 0.906510 0.794363 0.075736 0.086181
0 0.842524 0.795666 0.086184 0.091406
0 0.607482 0.911881 0.091406 0.088794
0 0.459277 0.960511 0.084877 0.078978
0 0.111284 0.623956 0.041783 0.045703
0 0.418800 0.013280 0.045703 0.026559
0 0.009942 0.191744 0.019883 0.063984