0 0.360774 0.843281 0.071877 0.092188
0 0.205308 0.787813 0.067186 0.059375
0 0.182099 0.859033 0.079224 0.064317
0 0.113117 0.091719 0.095311 0.104688
0 0.189709 0.100389 0.060997 0.081606
0 0.082652 0.237031 0.084374 0.085938
0 0.592808 0.828438 0.107813 0.100000
0 0.487336 0.682344 0.081249 0.085938
0 0.787337 0.697187 0.084374 0.090625
0 0.632757 0.522969 0.084166 0.082812
0 0.803744 0.349531 0.095311 0.101562
0 0.744369 0.379219 0.076563 0.085938
0 0.739683 0.430000 0.098437 0.065625
0 0.686386 0.317500 0.080026 0.087500