0 0.017487 0.532074 0.034974 0.073158
0 0.044689 0.169041 0.071244 0.079016
0 0.028602 0.238653 0.057204 0.075362
0 0.019074 0.168053 0.038148 0.081428
0 0.033031 0.061776 0.066062 0.083702
0 0.092725 0.201403 0.067567 0.063238
0 0.065004 0.260741 0.065833 0.069300
0 0.212435 0.189767 0.046632 0.071244
0 0.158031 0.310233 0.067358 0.076425
0 0.140544 0.394134 0.060881 0.058883
0 0.490768 0.977979 0.116945 0.044041
0 0.792746 0.828368 0.077720 0.076425
0 0.961730 0.739778 0.076540 0.107416
0 0.946137 0.670478 0.107725 0.114344
0 0.905440 0.563928 0.108808 0.100484
0 0.869384 0.430052 0.098020 0.085492
0 0.680419 0.675216 0.076985 0.071848
0 0.631747 0.605570 0.104382 0.097150
0 0.539582 0.593912 0.107662 0.107513
0 0.702073 0.408679 0.098446 0.104922
0 0.810340 0.353411 0.115071 0.126512
0 0.357363 0.358628 0.092689 0.081428
0 0.376402 0.460502 0.083983 0.073814
0 0.407174 0.164588 0.090090 0.109147
0 0.349133 0.231722 0.090090 0.085759
0 0.511123 0.274124 0.065837 0.063151
0 0.471277 0.213962 0.086626 0.088356
0 0.711140 0.126130 0.106218 0.089047
0 0.846903 0.232513 0.091169 0.097150
0 0.831969 0.052462 0.108082 0.104921
0 0.742239 0.051975 0.103606 0.100484
0 0.607752 0.050518 0.097968 0.080311
0 0.759067 0.734456 0.056995 0.069948