0 0.941991 0.902850 0.083464 0.072539
0 0.820315 0.793134 0.095122 0.062953
0 0.848823 0.666019 0.079115 0.085924
0 0.795572 0.681091 0.078100 0.082156
0 0.731168 0.722169 0.097370 0.099400
0 0.663860 0.735034 0.089378 0.094699
0 0.603423 0.689712 0.085083 0.091284
0 0.578009 0.607553 0.093314 0.089256
0 0.646982 0.637377 0.101426 0.098587
0 0.250903 0.662325 0.096355 0.085200
0 0.171006 0.650663 0.095898 0.096356
0 0.207092 0.592643 0.085816 0.076477
0 0.239637 0.698336 0.067358 0.061878
0 0.970855 0.461788 0.058290 0.058290