0 0.393615 0.623651 0.090339 0.102224
0 0.289597 0.727000 0.107692 0.112584
0 0.360177 0.712267 0.092299 0.101374
0 0.447819 0.649650 0.052548 0.105000
0 0.254952 0.940332 0.098904 0.095690
0 0.227910 0.909715 0.093126 0.094042
0 0.150259 0.968264 0.085492 0.063472
0 0.823187 0.935881 0.091969 0.128238
0 0.641839 0.947539 0.120466 0.104922
0 0.663212 0.774541 0.119171 0.124494
0 0.652697 0.677005 0.095549 0.073451
0 0.705940 0.709845 0.059624 0.062176
0 0.806347 0.693653 0.040155 0.060881
0 0.911269 0.777202 0.040155 0.051813
0 0.963731 0.672280 0.072538 0.046632
0 0.345207 0.951425 0.073834 0.055699