0 0.129269 0.032939 0.076807 0.065878
0 0.013259 0.023078 0.026513 0.046156
0 0.027786 0.224681 0.055572 0.078881
0 0.165595 0.276059 0.074730 0.048781
0 0.110065 0.337297 0.073691 0.065391
0 0.239808 0.084041 0.104829 0.088225
0 0.351386 0.275541 0.089262 0.085109
0 0.352425 0.349753 0.087185 0.081997
0 0.276134 0.332106 0.081996 0.077844
0 0.592703 0.098053 0.090301 0.095491
0 0.453103 0.169153 0.083035 0.040478
0 0.680927 0.131787 0.086146 0.075769
0 0.766556 0.127634 0.083035 0.071616
0 0.732307 0.180050 0.076807 0.068503
0 0.217492 0.492466 0.076807 0.053972
0 0.437532 0.482088 0.062275 0.051897
0 0.510190 0.494544 0.080957 0.068503
0 0.274057 0.640891 0.075769 0.049822
0 0.178572 0.616500 0.090301 0.084072
0 0.045430 0.642447 0.090860 0.084072
0 0.718292 0.672547 0.092374 0.092375
0 0.717775 0.419294 0.068503 0.075769
0 0.793026 0.410472 0.081996 0.072656
0 0.944564 0.456659 0.079919 0.069541
0 0.490985 0.966276 0.067464 0.067448
0 0.524200 0.983401 0.067464 0.033198
0 0.745801 0.985996 0.072657 0.028008
0 0.794060 0.892069 0.084074 0.089263
0 0.708953 0.804366 0.067464 0.084072
0 0.824164 0.703166 0.079919 0.066428
0 0.986553 0.848478 0.026893 0.076806
0 0.362802 0.048753 0.076807 0.077844