0 0.679340 0.447866 0.071619 0.086147
0 0.752514 0.437488 0.074730 0.086147
0 0.786246 0.294772 0.071619 0.085109
0 0.863054 0.234053 0.079919 0.096528
0 0.789362 0.069541 0.079919 0.074731
0 0.870320 0.053972 0.077846 0.095491
0 0.831399 0.021797 0.049820 0.043594
0 0.938306 0.011419 0.049820 0.022834
0 0.976417 0.033731 0.047166 0.067462
0 0.942456 0.062275 0.070580 0.072656
0 0.892636 0.108981 0.049820 0.060200
0 0.956988 0.221078 0.060198 0.085109
0 0.979012 0.182156 0.041976 0.094453
0 0.971746 0.570862 0.056508 0.074731
0 0.989911 0.730703 0.020177 0.095491
0 0.878625 0.680881 0.079919 0.078881
0 0.999252 0.101197 0.001496 0.071616
0 0.949200 0.797650 0.073691 0.094453
0 0.738504 0.804916 0.075769 0.081997
0 0.715666 0.867709 0.071619 0.083034
0 0.679857 0.871344 0.043593 0.075769