0 0.703737 0.882272 0.084530 0.059528
0 0.808509 0.965541 0.072624 0.068917
0 0.735288 0.966206 0.052386 0.058337
0 0.391812 0.994712 0.098817 0.010576
0 0.547772 0.145906 0.094056 0.086912
0 0.284657 0.144716 0.089291 0.084531
0 0.138816 0.024437 0.080957 0.048874
0 0.160840 0.050659 0.063102 0.055956
0 0.150721 0.089353 0.059530 0.045241
0 0.201913 0.970372 0.064291 0.035716
0 0.117980 0.789406 0.075007 0.064291
0 0.021189 0.636419 0.042378 0.082150
0 0.011069 0.366159 0.022138 0.072625
0 0.105478 0.365566 0.071435 0.073816
0 0.142388 0.455453 0.083340 0.067862
0 0.366808 0.422116 0.058336 0.065481
0 0.350734 0.491169 0.057147 0.053575
0 0.367405 0.639991 0.052386 0.041669
0 0.558488 0.814409 0.065480 0.066672
0 0.798982 0.541175 0.070241 0.046431
0 0.848393 0.612606 0.047620 0.070244
0 0.644803 0.164359 0.042859 0.057147
0 0.856727 0.140547 0.097628 0.092866
0 0.798390 0.195909 0.092863 0.072625
0 0.916849 0.301869 0.055958 0.053575
0 0.897021 0.811528 0.055699 0.081606
0 0.063472 0.078368 0.069948 0.037565