0 0.199680 0.051562 0.085940 0.081250
0 0.290139 0.034080 0.069981 0.058784
0 0.542152 0.187500 0.079124 0.087500
0 0.609839 0.245312 0.068752 0.078125
0 0.624227 0.102979 0.077469 0.086788
0 0.701245 0.088281 0.079688 0.092187
0 0.770776 0.183594 0.084374 0.092188
0 0.476242 0.296875 0.098437 0.081250
0 0.511402 0.376563 0.087500 0.087500
0 0.448645 0.360938 0.078637 0.078125
0 0.350915 0.279841 0.072781 0.077817
0 0.278840 0.277202 0.069263 0.046632
0 0.156088 0.243750 0.071244 0.071875
0 0.151246 0.114844 0.085939 0.079687
0 0.344214 0.458594 0.100002 0.095312
0 0.273902 0.502344 0.103123 0.095312
0 0.463714 0.622656 0.082869 0.079688
0 0.593431 0.720313 0.107813 0.106250
0 0.458273 0.809375 0.093751 0.093750
0 0.438821 0.512225 0.086088 0.086949
0 0.532496 0.975000 0.089060 0.050000
0 0.687182 0.951562 0.092186 0.090625
0 0.763745 0.936719 0.073437 0.082812