0 0.014672 0.746547 0.029344 0.054766
0 0.133520 0.769166 0.070241 0.076197
0 0.013481 0.528672 0.026961 0.100006
0 0.222810 0.464381 0.089291 0.080959
0 0.287102 0.369138 0.077385 0.095247
0 0.355557 0.406044 0.107151 0.114294
0 0.316867 0.478669 0.091673 0.083341
0 0.353179 0.083400 0.078579 0.085722
0 0.424017 0.170313 0.065480 0.078578
0 0.550217 0.228053 0.103579 0.101197
0 0.502592 0.345922 0.101200 0.110722
0 0.786542 0.042891 0.116678 0.085781
0 0.879410 0.060184 0.057147 0.053575
0 0.947268 0.070303 0.097628 0.095247
0 0.959349 0.164359 0.081302 0.092866
0 0.955009 0.236984 0.089291 0.057147
0 0.865719 0.206625 0.110723 0.086912
0 0.985542 0.445334 0.028916 0.114294
0 0.626413 0.451881 0.065480 0.048812
0 0.810357 0.953706 0.085719 0.078578
0 0.771662 0.981019 0.079768 0.037962
0 0.418063 0.929894 0.086912 0.097625
0 0.143639 0.036938 0.092863 0.073876
0 0.087681 0.175075 0.095245 0.097625