0 0.709056 0.011719 0.110939 0.023438
0 0.619445 0.042188 0.096403 0.084375
0 0.876244 0.192188 0.114064 0.106250
0 0.196325 0.134375 0.107350 0.109375
0 0.489524 0.363281 0.109374 0.098437
0 0.486398 0.443750 0.109374 0.087500
0 0.958854 0.392969 0.039470 0.098437
0 0.755149 0.595855 0.078123 0.088083
0 0.799740 0.666127 0.076685 0.082254
0 0.753902 0.773409 0.072508 0.074943
0 0.690415 0.764896 0.077720 0.084197
0 0.685335 0.640406 0.069744 0.087063
0 0.618431 0.654145 0.101562 0.093264
0 0.506712 0.587500 0.100002 0.100000