0 0.054919 0.878438 0.109838 0.096875
0 0.200463 0.866719 0.125001 0.092188
0 0.295148 0.943906 0.114367 0.112187
0 0.624680 0.865156 0.114064 0.104688
0 0.705929 0.946250 0.107813 0.107500
0 0.478586 0.777656 0.118750 0.095312
0 0.588744 0.735469 0.110939 0.092187
0 0.655150 0.442500 0.112499 0.112500
0 0.498677 0.415156 0.103571 0.098437
0 0.594995 0.349531 0.123436 0.098437
0 0.707494 0.278438 0.079689 0.093750
0 0.740305 0.304219 0.064061 0.110937
0 0.783277 0.338594 0.071877 0.098437
0 0.979275 0.540156 0.041450 0.092187