0 0.027850 0.986399 0.055699 0.027202
0 0.634067 0.624415 0.089378 0.087958
0 0.093394 0.550009 0.099400 0.095344
0 0.172001 0.429309 0.098385 0.087228
0 0.026554 0.433945 0.053108 0.088097
0 0.692836 0.541388 0.101426 0.094328
0 0.714644 0.595650 0.092299 0.087228
0 0.760286 0.336503 0.084186 0.090272
0 0.709573 0.384681 0.104472 0.087228
0 0.166422 0.297453 0.091283 0.077084
0 0.114694 0.228481 0.111569 0.091284
0 0.967623 0.200587 0.064754 0.108528
0 0.466321 0.224093 0.080311 0.093264
0 0.580311 0.228627 0.098446 0.104922
0 0.425571 0.051862 0.106497 0.103723
0 0.352035 0.045777 0.101426 0.091553
0 0.048217 0.045777 0.096434 0.091553
0 0.089767 0.097321 0.100259 0.085833
0 0.266330 0.180303 0.118670 0.126784
0 0.540803 0.983161 0.079016 0.033678
0 0.101684 0.450777 0.086788 0.062176
0 0.775259 0.559585 0.058290 0.069948