0 0.156245 0.691719 0.082814 0.085937
0 0.088274 0.594063 0.071877 0.071875
0 0.025388 0.375781 0.050775 0.076562
0 0.034370 0.525781 0.057815 0.076562
0 0.009764 0.503906 0.019527 0.070312
0 0.143743 0.360938 0.085940 0.078125
0 0.138277 0.277344 0.068752 0.064062
0 0.302335 0.293750 0.093751 0.087500
0 0.027733 0.203125 0.055466 0.081250
0 0.123430 0.099219 0.076563 0.079687
0 0.202338 0.123081 0.068752 0.072587
0 0.172906 0.167969 0.040112 0.051562
0 0.216412 0.233161 0.059403 0.056995
0 0.329016 0.042098 0.069948 0.068653
0 0.539211 0.107344 0.049999 0.067187
0 0.571246 0.122187 0.039062 0.065625
0 0.507180 0.123750 0.060935 0.059375
0 0.491558 0.172969 0.057815 0.057812
0 0.556399 0.255038 0.078123 0.059299
0 0.499621 0.278438 0.051055 0.065625
0 0.794679 0.237813 0.073437 0.065625
0 0.800150 0.163594 0.071877 0.070312
0 0.743901 0.132038 0.046873 0.049050
0 0.706606 0.175312 0.063472 0.065625
0 0.914508 0.119819 0.067358 0.066062
0 0.026554 0.068005 0.053108 0.045337