0 0.957829 0.506819 0.084342 0.092344
0 0.949183 0.591572 0.044274 0.079694
0 0.999575 0.439144 0.000850 0.060719
0 0.981865 0.429656 0.036270 0.061984
0 0.961197 0.420800 0.065776 0.074634
0 0.921350 0.437878 0.034155 0.050600
0 0.772083 0.417637 0.087284 0.070837
0 0.783471 0.371466 0.074636 0.054394
0 0.570321 0.441041 0.083491 0.082225
0 0.974907 0.817276 0.050186 0.083680
0 0.920720 0.884416 0.101200 0.096138
0 0.864428 0.922997 0.077165 0.074634
0 0.398282 0.585247 0.070838 0.074634
0 0.360335 0.550463 0.063248 0.070837
0 0.424217 0.873663 0.115112 0.132822
0 0.367291 0.956755 0.110055 0.086489
0 0.295822 0.970037 0.080958 0.059926
0 0.414728 0.692772 0.068310 0.056925
0 0.732871 0.546666 0.067045 0.050600
0 0.947068 0.231689 0.052402 0.044159
0 0.888778 0.076543 0.063000 0.049458