0 0.198915 0.111719 0.112532 0.101563
0 0.484656 0.306250 0.106617 0.087500
0 0.793431 0.405469 0.082814 0.082813
0 0.884836 0.417969 0.081249 0.079688
0 0.907495 0.356962 0.085939 0.061075
0 0.957037 0.405440 0.060019 0.059585
0 0.733275 0.185464 0.096876 0.092803
0 0.374679 0.153125 0.107813 0.084375
0 0.365308 0.064844 0.092186 0.070313
0 0.391087 0.507031 0.084374 0.070313
0 0.348900 0.532813 0.062501 0.065625
0 0.210501 0.578125 0.091951 0.090625
0 0.066867 0.704440 0.092186 0.080757
0 0.220773 0.693750 0.074998 0.071875
0 0.873899 0.490625 0.084374 0.056250
0 0.920777 0.550000 0.071877 0.065625
0 0.975232 0.526563 0.049535 0.084375
0 0.965856 0.699219 0.068288 0.076563
0 0.802174 0.803906 0.096576 0.092187
0 0.931714 0.861719 0.074998 0.082812
0 0.472798 0.916406 0.044041 0.070312
0 0.307493 0.756465 0.089060 0.077696
0 0.366868 0.917188 0.064061 0.078125
0 0.098902 0.870470 0.081249 0.062184
0 0.755181 0.344560 0.054404 0.075130