0 0.157828 0.932125 0.101426 0.095344
0 0.023316 0.661461 0.046632 0.091585
0 0.056910 0.652691 0.090273 0.094328
0 0.118484 0.522964 0.099819 0.096559
0 0.049500 0.526313 0.099000 0.091486
0 0.196244 0.320596 0.089378 0.073834
0 0.088771 0.329903 0.078935 0.084677
0 0.224444 0.155331 0.093966 0.075347
0 0.456537 0.845909 0.076070 0.091284
0 0.852108 0.928575 0.088243 0.102444
0 0.544779 0.801791 0.096355 0.086213
0 0.570643 0.749553 0.089258 0.083172
0 0.498630 0.729775 0.095344 0.086213
0 0.599041 0.648728 0.091283 0.108337
0 0.679825 0.704330 0.088536 0.104294
0 0.324678 0.631897 0.084186 0.073028
0 0.255710 0.642547 0.082156 0.069984
0 0.245568 0.551632 0.076070 0.077358
0 0.447617 0.479247 0.086632 0.082156
0 0.902202 0.838093 0.084197 0.090693
0 0.526554 0.286269 0.089378 0.088083
0 0.303109 0.180083 0.082902 0.088146
0 0.423575 0.036270 0.088083 0.072537
0 0.337435 0.254534 0.068653 0.084197
0 0.668394 0.012953 0.062176 0.025906
0 0.740285 0.029793 0.086788 0.059585
0 0.897668 0.037565 0.038860 0.075130
0 0.149611 0.363342 0.029793 0.055699