0 0.033201 0.769062 0.066401 0.075000
0 0.403586 0.968125 0.068752 0.063750
0 0.472980 0.940575 0.082537 0.077400
0 0.420774 0.783906 0.100002 0.092188
0 0.477804 0.725312 0.089060 0.103125
0 0.402157 0.691202 0.084107 0.094279
0 0.689525 0.612500 0.078123 0.087500
0 0.610617 0.607813 0.079689 0.078125
0 0.561059 0.627214 0.061821 0.054947
0 0.523117 0.660938 0.085940 0.090625
0 0.727026 0.788281 0.084374 0.079688
0 0.787182 0.896094 0.089060 0.095312
0 0.884058 0.959375 0.067186 0.081250
0 0.360619 0.273750 0.079689 0.081250
0 0.565304 0.228438 0.070312 0.071875
0 0.651244 0.266719 0.073437 0.076562
0 0.663746 0.174531 0.054689 0.051562
0 0.669992 0.061250 0.076563 0.068750
0 0.746555 0.083906 0.064061 0.073437
0 0.850463 0.028906 0.084374 0.057812
0 0.966637 0.042969 0.066726 0.079687
0 0.964606 0.769844 0.070788 0.070312
0 0.830774 0.289375 0.084374 0.090625
0 0.923575 0.054404 0.056995 0.059585
0 0.938472 0.976036 0.040155 0.047927
0 0.674870 0.468264 0.051813 0.047927
0 0.691062 0.494819 0.058290 0.062176