0 0.015700 0.681250 0.031400 0.081250
0 0.509680 0.160156 0.076563 0.104687
0 0.448744 0.181250 0.070312 0.093750
0 0.387893 0.147353 0.060761 0.061545
0 0.397180 0.249219 0.073437 0.092187
0 0.285251 0.362500 0.074576 0.078125
0 0.086690 0.609375 0.064961 0.081250
0 0.033356 0.588281 0.066712 0.064062
0 0.207338 0.721875 0.106248 0.087500
0 0.407337 0.616406 0.090625 0.098437
0 0.619918 0.576562 0.081408 0.084375
0 0.482340 0.731250 0.118750 0.087500
0 0.706558 0.274219 0.089060 0.095312
0 0.729212 0.346094 0.096876 0.067187
0 0.049723 0.977344 0.068358 0.045312
0 0.527303 0.939749 0.093062 0.086752
0 0.825773 0.032031 0.084374 0.064062
0 0.740285 0.501943 0.063472 0.037565
0 0.794041 0.393135 0.067358 0.037565