0 0.006481 0.838594 0.012961 0.070312
0 0.048669 0.740938 0.097338 0.093750
0 0.084838 0.880781 0.090625 0.098438
0 0.012306 0.406562 0.024611 0.087500
0 0.550148 0.922969 0.109374 0.095312
0 0.554368 0.985313 0.099062 0.029374
0 0.574905 0.827597 0.080760 0.070194
0 0.255181 0.698750 0.098446 0.075000
0 0.237649 0.473750 0.090625 0.087500
0 0.158746 0.442358 0.092186 0.086788
0 0.244681 0.217500 0.098437 0.084375
0 0.256491 0.296048 0.059557 0.063345
0 0.165777 0.040000 0.100002 0.080000
0 0.887495 0.635938 0.101562 0.075000
0 0.933351 0.572021 0.081728 0.055959
0 0.934368 0.921875 0.082814 0.081250
0 0.924991 0.979688 0.073437 0.040624
0 0.987106 0.543750 0.025788 0.087500