0 0.938717 0.048669 0.087937 0.080959
0 0.663043 0.022241 0.047461 0.044482
0 0.667926 0.070303 0.065603 0.071188
0 0.859155 0.336213 0.076770 0.083750
0 0.922666 0.405306 0.117251 0.076772
0 0.990646 0.550472 0.018708 0.096312
0 0.931042 0.471606 0.053039 0.025125
0 0.933133 0.534419 0.104688 0.106084
0 0.608603 0.646784 0.072582 0.065603
0 0.564634 0.634222 0.051648 0.071188
0 0.762843 0.745191 0.082353 0.083750
0 0.830541 0.785672 0.094916 0.086541
0 0.962728 0.868025 0.074544 0.111666
0 0.816582 0.902922 0.092125 0.080959
0 0.626049 0.883378 0.079562 0.083750
0 0.612090 0.954566 0.076770 0.078166
0 0.551376 0.951078 0.047461 0.071188
0 0.693052 0.977284 0.060019 0.045431
0 0.808207 0.971319 0.066998 0.041875
0 0.954072 0.953554 0.085145 0.092892
0 0.013269 0.350440 0.026538 0.081503
0 0.020249 0.448575 0.040497 0.079563
0 0.015364 0.607003 0.030728 0.094916