0 0.274579 0.347187 0.083035 0.084072
0 0.373180 0.317606 0.101717 0.093413
0 0.529389 0.367947 0.092374 0.096528
0 0.508112 0.666869 0.101717 0.075769
0 0.838175 0.100678 0.068503 0.066428
0 0.925359 0.046706 0.070580 0.064353
0 0.979286 0.029062 0.041428 0.058124
0 0.875023 0.500800 0.081996 0.065391
0 0.950791 0.777409 0.084074 0.087187
0 0.753062 0.836053 0.078885 0.084072
0 0.893183 0.791941 0.089262 0.087187
0 0.264718 0.865116 0.119361 0.117288
0 0.164039 0.870822 0.092374 0.099641
0 0.352425 0.944516 0.110022 0.068503