0 0.165564 0.110022 0.059164 0.066428
0 0.732793 0.935694 0.068503 0.088225
0 0.691795 0.975372 0.065391 0.049256
0 0.691278 0.827231 0.041515 0.072656
0 0.828283 0.835016 0.080958 0.092375
0 0.930518 0.967068 0.079919 0.065864
0 0.874992 0.678806 0.083035 0.089262
0 0.746287 0.545950 0.078885 0.087187
0 0.775869 0.662719 0.065391 0.079922
0 0.851116 0.464475 0.076807 0.084072
0 0.774313 0.384034 0.056047 0.089262
0 0.756148 0.315013 0.073691 0.069541
0 0.778463 0.238725 0.074730 0.076806
0 0.715666 0.189941 0.077846 0.087188
0 0.702173 0.257925 0.071619 0.069541
0 0.877586 0.235609 0.081996 0.087188
0 0.953872 0.076806 0.083035 0.083034
0 0.916507 0.129741 0.083035 0.083034
0 0.695428 0.017125 0.085112 0.034250
0 0.988872 0.537128 0.022256 0.077844