0 0.133587 0.701875 0.068752 0.056250
0 0.205464 0.171667 0.074998 0.063541
0 0.414280 0.095418 0.062632 0.071665
0 0.362651 0.157812 0.059375 0.062500
0 0.358161 0.216807 0.063472 0.058614
0 0.451711 0.356250 0.068752 0.075000
0 0.589214 0.694487 0.071877 0.054777
0 0.844560 0.702720 0.080311 0.091969
0 0.584524 0.765625 0.062501 0.056250
0 0.652960 0.744479 0.077499 0.048543
0 0.323475 0.753558 0.081030 0.060241
0 0.358808 0.680052 0.044041 0.054404
0 0.275849 0.713042 0.054520 0.042665
0 0.275580 0.461472 0.060239 0.066694
0 0.654055 0.924219 0.076563 0.098438
0 0.747229 0.911719 0.091035 0.098438
0 0.525933 0.891544 0.101562 0.088787
0 0.959449 0.979275 0.081102 0.041450
0 0.345207 0.447539 0.055699 0.047927
0 0.372409 0.870466 0.053109 0.049223
0 0.284974 0.895725 0.056995 0.063472
0 0.248705 0.919041 0.049223 0.045337
0 0.806347 0.913860 0.037565 0.047927
0 0.943653 0.944948 0.081606 0.047927