0 0.167109 0.218912 0.088062 0.077720
0 0.135248 0.131378 0.062886 0.056800
0 0.337597 0.137463 0.076069 0.064913
0 0.351775 0.176782 0.065880 0.058352
0 0.733676 0.066972 0.077085 0.078100
0 0.465032 0.035261 0.085481 0.070522
0 0.957615 0.296706 0.084770 0.139972
0 0.912187 0.371762 0.142001 0.142000
0 0.436468 0.518325 0.103506 0.106500
0 0.662673 0.411917 0.109543 0.111399
0 0.924870 0.601036 0.085492 0.082902
0 0.597358 0.590674 0.100620 0.108808
0 0.040803 0.398134 0.081606 0.077084
0 0.502351 0.970207 0.091152 0.059585
0 0.887953 0.719153 0.081606 0.092300
0 0.441062 0.288212 0.084197 0.089378
0 0.846503 0.981218 0.086788 0.037564
0 0.680699 0.938472 0.060881 0.071244
0 0.554404 0.858808 0.075130 0.059585
0 0.578368 0.950777 0.055699 0.059585
0 0.936528 0.499352 0.049223 0.058290
0 0.790803 0.479275 0.058290 0.059585
0 0.708549 0.117876 0.077720 0.075130
0 0.356865 0.468264 0.081606 0.071244
0 0.176813 0.680699 0.058290 0.045337
0 0.123057 0.647668 0.041451 0.072539
0 0.922927 0.049223 0.086788 0.067358
0 0.090026 0.766192 0.079016 0.089378