0 0.988077 0.817341 0.023846 0.070578
0 0.823064 0.565641 0.040481 0.063312
0 0.776877 0.561491 0.068503 0.081997
0 0.855757 0.674106 0.049820 0.064353
0 0.797632 0.660094 0.070580 0.071616
0 0.700586 0.626359 0.090301 0.080959
0 0.709408 0.700572 0.066430 0.059162
0 0.645056 0.656978 0.049820 0.069541
0 0.594719 0.653347 0.073691 0.080959
0 0.717196 0.791391 0.046709 0.074731
0 0.746773 0.803328 0.037365 0.055009
0 0.640906 0.831350 0.056047 0.057087
0 0.761306 0.940334 0.058125 0.059162
0 0.552682 0.895184 0.062275 0.066428
0 0.471203 0.677737 0.079919 0.079922
0 0.350803 0.500772 0.063314 0.066428
0 0.265174 0.509075 0.091340 0.076806
0 0.289050 0.589513 0.080958 0.081997
0 0.379868 0.052384 0.071619 0.076806
0 0.974586 0.117775 0.050828 0.070578
0 0.517912 0.796063 0.040481 0.052934