0 0.269995 0.742500 0.089060 0.075000
0 0.344213 0.682344 0.090625 0.079688
0 0.225462 0.599531 0.093751 0.098438
0 0.175464 0.651094 0.087500 0.079688
0 0.302806 0.611250 0.073437 0.087500
0 0.277806 0.451875 0.098437 0.096875
0 0.077807 0.449531 0.092186 0.095312
0 0.076242 0.201875 0.079689 0.081250
0 0.027574 0.182344 0.055148 0.070312
0 0.183639 0.237397 0.075726 0.075831
0 0.359869 0.193993 0.078190 0.074514
0 0.357495 0.396094 0.101562 0.095312
0 0.217617 0.386856 0.054404 0.079412
0 0.374139 0.488467 0.091099 0.080060
0 0.465308 0.715625 0.092186 0.081250
0 0.551171 0.983161 0.076415 0.033678
0 0.442358 0.957254 0.076425 0.056995
0 0.659056 0.899611 0.089060 0.099741
0 0.744211 0.869258 0.112499 0.108983
0 0.762569 0.917332 0.099213 0.074663
0 0.697338 0.198436 0.081249 0.075628
0 0.613743 0.189375 0.060935 0.068750
0 0.713745 0.288594 0.073437 0.079688
0 0.570776 0.413594 0.081249 0.085938
0 0.671558 0.370625 0.070312 0.068750
0 0.710620 0.447969 0.082814 0.082812
0 0.760934 0.421173 0.058442 0.083279
0 0.857615 0.451875 0.085695 0.078125
0 0.860719 0.520489 0.076361 0.056522
0 0.917098 0.599093 0.077720 0.058290