0 0.243362 0.336301 0.095533 0.089701
0 0.292430 0.410169 0.103085 0.094422
0 0.384202 0.461712 0.083927 0.074497
0 0.320151 0.493150 0.085761 0.078468
0 0.043346 0.688669 0.086692 0.097019
0 0.123075 0.763166 0.088355 0.086625
0 0.089287 0.686149 0.062359 0.084733
0 0.233525 0.742378 0.085761 0.084894
0 0.178949 0.810809 0.092689 0.095287
0 0.399763 0.807778 0.094256 0.087491
0 0.375155 0.761869 0.095288 0.084025
0 0.361727 0.642325 0.077094 0.073631
0 0.436528 0.883223 0.059585 0.075524
0 0.552198 0.839378 0.097677 0.090674
0 0.756739 0.983802 0.099616 0.032396
0 0.823158 0.972150 0.060938 0.055699
0 0.697401 0.922991 0.102216 0.085759
0 0.646726 0.970807 0.092689 0.058386
0 0.989899 0.649687 0.020202 0.069300
0 0.903695 0.616073 0.069049 0.058570
0 0.777862 0.683906 0.081631 0.073631
0 0.823600 0.688418 0.049691 0.058398
0 0.212435 0.626943 0.093264 0.090674
0 0.245466 0.573834 0.081606 0.106218
0 0.579663 0.794041 0.055699 0.051813
0 0.593264 0.759067 0.031088 0.054404
0 0.989637 0.691710 0.020725 0.033679
0 0.957254 0.599093 0.059585 0.063472