0 0.180127 0.087156 0.091340 0.100678
0 0.023115 0.173822 0.046229 0.105869
0 0.044678 0.199772 0.059164 0.056047
0 0.208671 0.387119 0.088224 0.102756
0 0.087749 0.522566 0.043592 0.051897
0 0.603602 0.523606 0.083035 0.080959
0 0.748912 0.558375 0.062275 0.063312
0 0.456737 0.621691 0.055009 0.069541
0 0.514340 0.686041 0.066430 0.067466
0 0.456737 0.683966 0.050859 0.057087
0 0.397573 0.713028 0.073691 0.050859
0 0.219570 0.763884 0.087185 0.088225
0 0.311944 0.837059 0.049820 0.070578
0 0.210226 0.820972 0.060198 0.048781
0 0.228909 0.959016 0.064352 0.057087
0 0.822086 0.840694 0.063314 0.079922
0 0.911349 0.750912 0.061236 0.068503
0 0.843264 0.747409 0.031088 0.049223