0 0.122409 0.839676 0.079016 0.069352
0 0.157495 0.697969 0.089060 0.076562
0 0.294213 0.515156 0.100002 0.104688
0 0.088743 0.613594 0.085939 0.067188
0 0.969560 0.888594 0.060880 0.110938
0 0.499683 0.066502 0.101562 0.086372
0 0.176813 0.537565 0.058290 0.038860
0 0.912565 0.102332 0.058290 0.064767
0 0.975389 0.202073 0.049222 0.028497
0 0.909974 0.603627 0.071244 0.082902
0 0.851036 0.676166 0.059585 0.075130
0 0.794041 0.670984 0.064767 0.062176
0 0.722150 0.538860 0.079016 0.044041
0 0.963731 0.586140 0.051813 0.053109
0 0.564119 0.523964 0.086788 0.102332
0 0.226684 0.754534 0.095855 0.079016
0 0.120466 0.756477 0.069948 0.067358
0 0.452073 0.833549 0.067358 0.084197
0 0.343912 0.914508 0.037565 0.062176
0 0.396373 0.949482 0.067358 0.033679
0 0.527850 0.736399 0.058290 0.060881
0 0.369819 0.264249 0.071244 0.075130