0 0.560225 0.026070 0.073691 0.052140
0 0.697230 0.081722 0.077846 0.079922
0 0.240540 0.237931 0.057086 0.060200
0 0.220302 0.410747 0.078885 0.071616
0 0.371317 0.381684 0.073691 0.071616
0 0.409204 0.283600 0.066430 0.053972
0 0.418026 0.331863 0.077846 0.044631
0 0.160621 0.679050 0.079919 0.080959
0 0.760543 0.724719 0.090301 0.089262
0 0.855511 0.695137 0.074730 0.081997
0 0.595512 0.944759 0.075769 0.072656
0 0.731483 0.978494 0.050859 0.034253
0 0.884054 0.610547 0.063314 0.060200
0 0.804136 0.529069 0.069541 0.067466
0 0.917269 0.373381 0.063314 0.065391
0 0.980692 0.487553 0.038616 0.071616
0 0.992108 0.129984 0.015784 0.070578
0 0.470855 0.959197 0.050518 0.045337
0 0.310881 0.612694 0.072539 0.080311