0 0.174908 0.055253 0.111056 0.110022
0 0.279737 0.076013 0.106906 0.103794
0 0.209157 0.198488 0.065391 0.056047
0 0.064886 0.273219 0.119361 0.110022
0 0.429719 0.356772 0.060198 0.046706
0 0.148959 0.551903 0.133894 0.133894
0 0.260016 0.541006 0.098601 0.110022
0 0.336823 0.518691 0.071619 0.079922
0 0.086163 0.983797 0.099640 0.032406
0 0.167642 0.831625 0.148426 0.089263
0 0.501854 0.563322 0.069541 0.059162
0 0.531436 0.107150 0.085112 0.091338
0 0.627964 0.139328 0.093412 0.089263
0 0.603055 0.193819 0.058125 0.034253
0 0.990430 0.410747 0.019140 0.071616
0 0.960331 0.679050 0.079338 0.080959
0 0.345207 0.378238 0.055699 0.067358
0 0.354922 0.304404 0.051813 0.059585