0 0.896864 0.162715 0.107200 0.109804
0 0.679404 0.196891 0.076425 0.082902
0 0.564119 0.182448 0.110104 0.085104
0 0.451242 0.018750 0.126562 0.037500
0 0.235933 0.045312 0.108444 0.090624
0 0.527996 0.360104 0.079308 0.082902
0 0.582719 0.387549 0.083267 0.087597
0 0.705931 0.619462 0.101562 0.086075
0 0.814906 0.684816 0.100757 0.091507
0 0.299223 0.477012 0.111399 0.099101
0 0.223446 0.907513 0.125648 0.115026
0 0.159041 0.679862 0.117152 0.106598
0 0.081714 0.694531 0.062501 0.073438
0 0.138601 0.831606 0.106218 0.064767
0 0.099741 0.183290 0.080311 0.063472
0 0.249352 0.196891 0.079016 0.080311