0 0.105250 0.649620 0.096511 0.086804
0 0.426813 0.786269 0.099741 0.101036
0 0.939767 0.832849 0.120466 0.113884
0 0.468912 0.397021 0.103627 0.115285
0 0.489313 0.573844 0.073188 0.098384
0 0.597798 0.377616 0.050518 0.089328
0 0.538517 0.192358 0.096541 0.094560
0 0.200130 0.185881 0.071244 0.071244
0 0.132124 0.290803 0.062176 0.055699
0 0.788189 0.074482 0.104970 0.112694
0 0.509519 0.067209 0.097370 0.075056
0 0.068814 0.028533 0.094329 0.057066
0 0.037195 0.038860 0.074390 0.077720
0 0.913202 0.017377 0.119685 0.034754