0 0.226243 0.790156 0.089060 0.089063
0 0.327805 0.874691 0.114064 0.108131
0 0.290308 0.745614 0.085940 0.096854
0 0.260618 0.639375 0.095311 0.103125
0 0.195777 0.678431 0.084374 0.071888
0 0.163836 0.618748 0.076376 0.083747
0 0.196611 0.494586 0.086052 0.088548
0 0.255804 0.449482 0.107562 0.101036
0 0.243188 0.373215 0.077049 0.075445
0 0.189735 0.035622 0.081670 0.071244
0 0.376088 0.422656 0.071877 0.085938
0 0.338587 0.357031 0.071877 0.076562
0 0.451086 0.563281 0.112499 0.085938
0 0.474525 0.642188 0.096876 0.078125
0 0.579212 0.479246 0.078123 0.080368
0 0.655975 0.742187 0.083971 0.090625
0 0.667320 0.791406 0.082459 0.064062