0 0.036951 0.934375 0.073902 0.112500
0 0.030440 0.709909 0.060880 0.069819
0 0.381712 0.694531 0.087500 0.085937
0 0.426895 0.472150 0.068489 0.063472
0 0.263192 0.255469 0.080788 0.082812
0 0.284055 0.311719 0.067187 0.048437
0 0.215308 0.064063 0.117190 0.106250
0 0.488900 0.735469 0.093751 0.079687
0 0.457650 0.012500 0.062501 0.025000
0 0.448273 0.081250 0.056250 0.062500
0 0.493586 0.125000 0.068752 0.062500
0 0.426399 0.168750 0.059375 0.062500
0 0.530307 0.250781 0.079689 0.064062
0 0.576400 0.325781 0.078123 0.067187
0 0.636555 0.499219 0.057815 0.057812
0 0.683366 0.499405 0.045185 0.058185
0 0.624838 0.532031 0.056250 0.051562
0 0.892023 0.566406 0.121876 0.110938
0 0.713898 0.647656 0.078123 0.073437
0 0.915909 0.103384 0.111611 0.105731
0 0.303756 0.854275 0.053109 0.060881
0 0.233161 0.877591 0.075130 0.073834
0 0.115933 0.134715 0.102332 0.095855