0 0.536825 0.377819 0.093911 0.092294
0 0.403246 0.270144 0.072864 0.038859
0 0.381386 0.306575 0.080957 0.046956
0 0.390293 0.163278 0.066387 0.071244
0 0.598357 0.725128 0.090672 0.093912
0 0.527110 0.695984 0.084196 0.084197
0 0.334428 0.726750 0.100387 0.084197
0 0.632357 0.920241 0.090672 0.102006
0 0.536825 0.877331 0.103626 0.097150
0 0.365195 0.975097 0.074481 0.049806
0 0.140131 0.755894 0.080958 0.077719
0 0.064836 0.751038 0.076102 0.077719
0 0.092364 0.825519 0.105247 0.080959
0 0.170892 0.789088 0.051813 0.063147
0 0.220280 0.857091 0.098770 0.079341
0 0.481773 0.416678 0.055051 0.066388