0 0.367767 0.027202 0.085710 0.054404
0 0.017794 0.199653 0.035587 0.083159
0 0.459014 0.131653 0.084562 0.077097
0 0.478627 0.072908 0.066062 0.062915
0 0.417168 0.087475 0.078828 0.071900
0 0.227879 0.225344 0.072739 0.059496
0 0.120044 0.369872 0.104815 0.085759
0 0.637631 0.301712 0.112612 0.111195
0 0.103584 0.462559 0.099617 0.087491
0 0.185012 0.487681 0.113477 0.118675
0 0.116147 0.539656 0.116076 0.111747
0 0.324912 0.568244 0.109148 0.113478
0 0.402011 0.571709 0.103950 0.099619
0 0.537578 0.392394 0.094423 0.103084
0 0.703558 0.486381 0.095475 0.083159
0 0.292291 0.836054 0.104537 0.105093
0 0.636762 0.961388 0.090090 0.075626
0 0.784326 0.953690 0.115285 0.092620
0 0.903900 0.401617 0.080801 0.072414
0 0.406736 0.170984 0.033679 0.064767
0 0.463731 0.172280 0.064767 0.036269
0 0.296632 0.060881 0.072539 0.069948
0 0.304404 0.375648 0.051813 0.064767
0 0.345855 0.258420 0.077720 0.076425
0 0.408679 0.039508 0.047927 0.053109
0 0.947539 0.270078 0.047927 0.079016