0 0.371129 0.976036 0.086758 0.047927
0 0.313860 0.988342 0.078497 0.023316
0 0.670206 0.870560 0.084459 0.082714
0 0.530077 0.879688 0.071970 0.064458
0 0.318653 0.833549 0.069948 0.073834
0 0.294689 0.759601 0.063472 0.058063
0 0.321244 0.614175 0.095855 0.101428
0 0.023316 0.599741 0.046632 0.080311
0 0.788740 0.793127 0.100416 0.100274
0 0.627248 0.802756 0.088693 0.087378
0 0.684273 0.768853 0.098385 0.106500
0 0.656062 0.695018 0.091916 0.081746
0 0.788232 0.716619 0.105487 0.103456
0 0.953961 0.663875 0.092078 0.111572
0 0.841969 0.515544 0.085492 0.082902
0 0.721775 0.508103 0.096400 0.096516
0 0.966131 0.524611 0.067738 0.056995
0 0.889896 0.344816 0.085492 0.078233
0 0.100389 0.205311 0.081606 0.081606
0 0.923512 0.110726 0.077846 0.094609
0 0.978811 0.036917 0.042378 0.073834
0 0.029145 0.740285 0.058290 0.112694
0 0.805699 0.348446 0.062176 0.046632