0 0.177488 0.016752 0.086480 0.033504
0 0.158171 0.234063 0.110398 0.110397
0 0.215210 0.288341 0.040481 0.064400
0 0.043206 0.219341 0.086412 0.088319
0 0.874837 0.087784 0.049679 0.071759
0 0.830676 0.150344 0.082800 0.093837
0 0.927275 0.158622 0.077277 0.080959
0 0.824236 0.304900 0.117759 0.119597
0 0.714759 0.297541 0.097520 0.104878
0 0.564801 0.302141 0.091998 0.084638
0 0.487524 0.464056 0.110398 0.099359
0 0.270407 0.981345 0.117759 0.037310
0 0.418523 0.662775 0.115916 0.125119
0 0.321929 0.686694 0.099358 0.095678
0 0.622762 0.764891 0.104876 0.101197
0 0.666002 0.810891 0.095678 0.097519
0 0.726721 0.945209 0.106718 0.101197
0 0.974679 0.744653 0.050642 0.108559
0 0.982958 0.973985 0.034084 0.052030
0 0.980197 0.945209 0.039606 0.093837
0 0.552461 0.659974 0.081606 0.079016
0 0.492876 0.682642 0.063472 0.134715
0 0.890544 0.275907 0.060881 0.069948