0 0.127961 0.032812 0.087500 0.065624
0 0.032731 0.709375 0.065462 0.106250
0 0.103742 0.746094 0.089060 0.129688
0 0.050618 0.413281 0.098437 0.098437
0 0.125620 0.385938 0.079689 0.090625
0 0.045932 0.552344 0.060935 0.070312
0 0.319058 0.021875 0.089060 0.043750
0 0.411244 0.025000 0.082814 0.050000
0 0.540151 0.131250 0.078123 0.093750
0 0.472964 0.159375 0.074998 0.090625
0 0.257322 0.199219 0.081211 0.092187
0 0.330176 0.282031 0.083171 0.098437
0 0.316623 0.374219 0.081432 0.092187
0 0.423746 0.378906 0.089060 0.101562
0 0.617494 0.850000 0.089060 0.090625