0 0.044667 0.630162 0.072206 0.085334
0 0.048044 0.770200 0.096088 0.102841
0 0.225730 0.686506 0.073301 0.079866
0 0.039747 0.411903 0.075487 0.082053
0 0.026615 0.368144 0.029540 0.036103
0 0.066551 0.366500 0.061264 0.052512
0 0.110857 0.310706 0.077677 0.065641
0 0.074752 0.251628 0.071111 0.074394
0 0.092260 0.203491 0.073301 0.072206
0 0.116328 0.093541 0.064550 0.077675
0 0.136021 0.142225 0.062360 0.087522
0 0.190175 0.123078 0.078772 0.090806
0 0.191815 0.050325 0.086428 0.080959
0 0.272773 0.044856 0.082053 0.089709
0 0.419920 0.066738 0.080958 0.076581
0 0.494862 0.047044 0.068925 0.072206
0 0.531512 0.124172 0.080958 0.077675
0 0.324195 0.241234 0.064550 0.068925
0 0.374518 0.459494 0.090804 0.096275
0 0.474623 0.602812 0.089709 0.089709
0 0.546830 0.187081 0.078772 0.048137
0 0.478999 0.231934 0.078772 0.087522
0 0.534798 0.280619 0.074396 0.088616
0 0.462591 0.300859 0.076582 0.085334
0 0.446179 0.341884 0.074396 0.062359
0 0.728987 0.339150 0.079862 0.070019
0 0.684131 0.303047 0.053608 0.039384
0 0.662797 0.345716 0.085333 0.041572
0 0.733363 0.438709 0.106121 0.107216
0 0.827998 0.477000 0.085333 0.085334
0 0.891997 0.561241 0.097370 0.091900
0 0.658967 0.675566 0.077677 0.079866
0 0.877775 0.491769 0.040481 0.055797
0 0.944511 0.821072 0.073301 0.071112
0 0.303952 0.852253 0.076582 0.080959
0 0.407338 0.801928 0.077677 0.080959
0 0.498147 0.805756 0.071111 0.073300
0 0.550660 0.825997 0.051418 0.045950
0 0.445084 0.905859 0.074396 0.074394