0 0.364728 0.937401 0.086626 0.092418
0 0.301931 0.946124 0.080545 0.089617
0 0.448755 0.935534 0.083162 0.075363
0 0.480804 0.990939 0.086626 0.018122
0 0.355570 0.686053 0.102332 0.115213
0 0.319459 0.625384 0.097467 0.087556
0 0.353467 0.422713 0.097022 0.104816
0 0.273046 0.380408 0.083441 0.097603
0 0.299629 0.214133 0.100224 0.099250
0 0.146864 0.183938 0.118675 0.126943
0 0.832902 0.975389 0.072539 0.049222
0 0.515885 0.938566 0.094423 0.086625
0 0.564729 0.884284 0.088158 0.088944
0 0.729914 0.029793 0.104939 0.059585
0 0.784326 0.190399 0.112694 0.111430
0 0.095207 0.282383 0.097150 0.090674